1881 04 01 08 00  49.92   -6.30 1004.7           SCILLY
1881 04 01 14 00  49.92   -6.30 1004.1           SCILLY
1881 04 01 18 00  49.92   -6.30 1004.1           SCILLY
1881 04 02 08 00  49.92   -6.30 1005.8           SCILLY
1881 04 02 14 00  49.92   -6.30 1006.8           SCILLY
1881 04 02 18 00  49.92   -6.30 1007.1           SCILLY
1881 04 03 08 00  49.92   -6.30 1010.8           SCILLY
1881 04 03 14 00  49.92   -6.30 1010.5           SCILLY
1881 04 03 18 00  49.92   -6.30 1009.5           SCILLY
1881 04 04 08 00  49.92   -6.30 1008.8           SCILLY
1881 04 04 14 00  49.92   -6.30 1007.1           SCILLY
1881 04 04 18 00  49.92   -6.30 1005.8           SCILLY
1881 04 05 08 00  49.92   -6.30 1004.1           SCILLY
1881 04 05 14 00  49.92   -6.30 1003.4           SCILLY
1881 04 05 18 00  49.92   -6.30 1002.7           SCILLY
1881 04 06 08 00  49.92   -6.30 1004.1           SCILLY
1881 04 06 14 00  49.92   -6.30 1005.4           SCILLY
1881 04 06 18 00  49.92   -6.30 1005.8           SCILLY
1881 04 07 08 00  49.92   -6.30 1009.8           SCILLY
1881 04 07 14 00  49.92   -6.30 1011.9           SCILLY
1881 04 07 18 00  49.92   -6.30 1012.2           SCILLY
1881 04 08 08 00  49.92   -6.30 1015.2           SCILLY
1881 04 08 14 00  49.92   -6.30 1016.3           SCILLY
1881 04 08 18 00  49.92   -6.30 1016.3           SCILLY
1881 04 09 08 00  49.92   -6.30 1015.9           SCILLY
1881 04 09 14 00  49.92   -6.30 1015.9           SCILLY
1881 04 09 18 00  49.92   -6.30 1015.9           SCILLY
1881 04 10 08 00  49.92   -6.30 1010.5           SCILLY
1881 04 10 14 00  49.92   -6.30 1007.1           SCILLY
1881 04 10 18 00  49.92   -6.30 1004.1           SCILLY
1881 04 11 08 00  49.92   -6.30 1005.8           SCILLY
1881 04 11 14 00  49.92   -6.30 1010.2           SCILLY
1881 04 11 18 00  49.92   -6.30 1010.5           SCILLY
1881 04 12 08 00  49.92   -6.30 1007.5           SCILLY
1881 04 12 14 00  49.92   -6.30 1006.8           SCILLY
1881 04 12 18 00  49.92   -6.30 1005.8           SCILLY
1881 04 13 08 00  49.92   -6.30 1007.1           SCILLY
1881 04 13 14 00  49.92   -6.30 1008.5           SCILLY
1881 04 13 18 00  49.92   -6.30 1008.8           SCILLY
1881 04 14 08 00  49.92   -6.30 1010.2           SCILLY
1881 04 14 14 00  49.92   -6.30 1011.5           SCILLY
1881 04 14 18 00  49.92   -6.30 1011.9           SCILLY
1881 04 15 08 00  49.92   -6.30 1012.5           SCILLY
1881 04 15 14 00  49.92   -6.30 1013.2           SCILLY
1881 04 15 18 00  49.92   -6.30 1013.2           SCILLY
1881 04 16 08 00  49.92   -6.30 1013.2           SCILLY
1881 04 16 14 00  49.92   -6.30 1013.2           SCILLY
1881 04 16 18 00  49.92   -6.30 1013.2           SCILLY
1881 04 17 08 00  49.92   -6.30 1010.8           SCILLY
1881 04 17 14 00  49.92   -6.30 1009.8           SCILLY
1881 04 17 18 00  49.92   -6.30 1009.1           SCILLY
1881 04 18 08 00  49.92   -6.30 1008.5           SCILLY
1881 04 18 14 00  49.92   -6.30 1008.1           SCILLY
1881 04 18 18 00  49.92   -6.30 1008.1           SCILLY
1881 04 19 08 00  49.92   -6.30 1012.9           SCILLY
1881 04 19 14 00  49.92   -6.30 1014.6           SCILLY
1881 04 19 18 00  49.92   -6.30 1014.6           SCILLY
1881 04 20 08 00  49.92   -6.30 1015.2           SCILLY
1881 04 20 14 00  49.92   -6.30 1014.2           SCILLY
1881 04 20 18 00  49.92   -6.30 1012.9           SCILLY
1881 04 21 08 00  49.92   -6.30 1012.2           SCILLY
1881 04 21 14 00  49.92   -6.30 1012.9           SCILLY
1881 04 21 18 00  49.92   -6.30 1012.9           SCILLY
1881 04 22 08 00  49.92   -6.30 1009.8           SCILLY
1881 04 22 14 00  49.92   -6.30 1011.9           SCILLY
1881 04 22 18 00  49.92   -6.30 1014.2           SCILLY
1881 04 23 08 00  49.92   -6.30 1021.0           SCILLY
1881 04 23 14 00  49.92   -6.30 1022.4           SCILLY
1881 04 23 18 00  49.92   -6.30 1022.0           SCILLY
1881 04 24 08 00  49.92   -6.30 1022.0           SCILLY
1881 04 24 14 00  49.92   -6.30 1023.0           SCILLY
1881 04 24 18 00  49.92   -6.30 1022.7           SCILLY
1881 04 25 08 00  49.92   -6.30 1018.6           SCILLY
1881 04 25 14 00  49.92   -6.30 1019.0           SCILLY
1881 04 25 18 00  49.92   -6.30 1019.3           SCILLY
1881 04 26 08 00  49.92   -6.30 1021.7           SCILLY
1881 04 26 14 00  49.92   -6.30 1023.4           SCILLY
1881 04 26 18 00  49.92   -6.30 1024.7           SCILLY
1881 04 27 08 00  49.92   -6.30 1022.7           SCILLY
1881 04 27 14 00  49.92   -6.30 1021.7           SCILLY
1881 04 27 18 00  49.92   -6.30 1021.7           SCILLY
1881 04 28 08 00  49.92   -6.30 1026.1           SCILLY
1881 04 28 14 00  49.92   -6.30 1026.8           SCILLY
1881 04 28 18 00  49.92   -6.30 1026.4           SCILLY
1881 04 29 08 00  49.92   -6.30 1023.4           SCILLY
1881 04 29 14 00  49.92   -6.30 1020.3           SCILLY
1881 04 29 18 00  49.92   -6.30 1018.3           SCILLY
1881 04 30 08 00  49.92   -6.30 1008.1           SCILLY
1881 04 30 14 00  49.92   -6.30 1006.4           SCILLY
1881 04 30 18 00  49.92   -6.30 1007.1           SCILLY
