1887 11 01 08 00  49.92   -6.30  981.0           SCILLY
1887 11 01 08 00  56.82   -5.11  979.0      FORTWILLIAM
1887 11 01 09 00  56.82   -5.11  976.7      FORTWILLIAM
1887 11 01 14 00  49.92   -6.30  985.1           SCILLY
1887 11 01 14 00  56.82   -5.11  972.6      FORTWILLIAM
1887 11 01 18 00  49.92   -6.30  986.5           SCILLY
1887 11 01 18 00  56.82   -5.11  964.2      FORTWILLIAM
1887 11 01 21 00  56.82   -5.11  974.6      FORTWILLIAM
1887 11 02 08 00  49.92   -6.30  991.2           SCILLY
1887 11 02 08 00  56.82   -5.11  978.4      FORTWILLIAM
1887 11 02 09 00  56.82   -5.11  978.4      FORTWILLIAM
1887 11 02 14 00  49.92   -6.30  992.6           SCILLY
1887 11 02 14 00  56.82   -5.11  979.0      FORTWILLIAM
1887 11 02 18 00  49.92   -6.30  988.5           SCILLY
1887 11 02 18 00  56.82   -5.11  977.6      FORTWILLIAM
1887 11 02 21 00  56.82   -5.11  975.0      FORTWILLIAM
1887 11 03 08 00  49.92   -6.30  978.0           SCILLY
1887 11 03 08 00  56.82   -5.11  962.4      FORTWILLIAM
1887 11 03 09 00  56.82   -5.11  963.4      FORTWILLIAM
1887 11 03 14 00  49.92   -6.30  974.6           SCILLY
1887 11 03 14 00  56.82   -5.11  965.3      FORTWILLIAM
1887 11 03 18 00  49.92   -6.30  972.6           SCILLY
1887 11 03 18 00  56.82   -5.11  967.4      FORTWILLIAM
1887 11 03 21 00  56.82   -5.11  968.7      FORTWILLIAM
1887 11 04 08 00  49.92   -6.30  984.1           SCILLY
1887 11 04 08 00  56.82   -5.11  975.2      FORTWILLIAM
1887 11 04 09 00  56.82   -5.11  976.3      FORTWILLIAM
1887 11 04 14 00  49.92   -6.30  991.5           SCILLY
1887 11 04 14 00  56.82   -5.11  981.3      FORTWILLIAM
1887 11 04 18 00  49.92   -6.30  994.9           SCILLY
1887 11 04 18 00  56.82   -5.11  980.8      FORTWILLIAM
1887 11 04 21 00  56.82   -5.11  985.6      FORTWILLIAM
1887 11 05 08 00  49.92   -6.30 1001.4           SCILLY
1887 11 05 08 00  56.82   -5.11  990.6      FORTWILLIAM
1887 11 05 09 00  56.82   -5.11  990.8      FORTWILLIAM
1887 11 05 14 00  49.92   -6.30  991.2           SCILLY
1887 11 05 14 00  56.82   -5.11  990.5      FORTWILLIAM
1887 11 05 18 00  49.92   -6.30  990.5           SCILLY
1887 11 05 18 00  56.82   -5.11  990.7      FORTWILLIAM
1887 11 05 21 00  56.82   -5.11  990.5      FORTWILLIAM
1887 11 06 08 00  49.92   -6.30  987.1           SCILLY
1887 11 06 08 00  56.82   -5.11  996.0      FORTWILLIAM
1887 11 06 09 00  56.82   -5.11  996.9      FORTWILLIAM
1887 11 06 14 00  49.92   -6.30  985.8           SCILLY
1887 11 06 14 00  56.82   -5.11  999.9      FORTWILLIAM
1887 11 06 18 00  49.92   -6.30  986.5           SCILLY
1887 11 06 18 00  56.82   -5.11 1002.5      FORTWILLIAM
1887 11 06 21 00  56.82   -5.11 1008.2      FORTWILLIAM
1887 11 07 08 00  49.92   -6.30  997.3           SCILLY
1887 11 07 08 00  56.82   -5.11 1014.4      FORTWILLIAM
1887 11 07 09 00  56.82   -5.11 1014.5      FORTWILLIAM
1887 11 07 14 00  49.92   -6.30  999.3           SCILLY
1887 11 07 14 00  56.82   -5.11 1015.2      FORTWILLIAM
1887 11 07 18 00  49.92   -6.30 1000.0           SCILLY
1887 11 07 18 00  56.82   -5.11 1015.6      FORTWILLIAM
1887 11 07 21 00  56.82   -5.11 1016.3      FORTWILLIAM
1887 11 08 08 00  49.92   -6.30 1000.0           SCILLY
1887 11 08 08 00  56.82   -5.11 1020.0      FORTWILLIAM
1887 11 08 09 00  56.82   -5.11 1022.4      FORTWILLIAM
1887 11 08 14 00  49.92   -6.30 1003.0           SCILLY
1887 11 08 14 00  56.82   -5.11 1022.9      FORTWILLIAM
1887 11 08 18 00  49.92   -6.30 1004.7           SCILLY
1887 11 08 18 00  56.82   -5.11 1023.5      FORTWILLIAM
1887 11 08 21 00  56.82   -5.11 1024.3      FORTWILLIAM
1887 11 09 08 00  49.92   -6.30 1012.9           SCILLY
1887 11 09 08 00  56.82   -5.11 1025.2      FORTWILLIAM
1887 11 09 09 00  56.82   -5.11 1025.6      FORTWILLIAM
1887 11 09 14 00  49.92   -6.30 1014.2           SCILLY
1887 11 09 14 00  56.82   -5.11 1023.8      FORTWILLIAM
1887 11 09 18 00  49.92   -6.30 1013.9           SCILLY
1887 11 09 18 00  56.82   -5.11 1023.7      FORTWILLIAM
1887 11 09 21 00  56.82   -5.11 1023.3      FORTWILLIAM
1887 11 10 08 00  49.92   -6.30 1013.2           SCILLY
1887 11 10 08 00  56.82   -5.11 1019.2      FORTWILLIAM
1887 11 10 09 00  56.82   -5.11 1017.3      FORTWILLIAM
1887 11 10 14 00  49.92   -6.30 1012.2           SCILLY
1887 11 10 14 00  56.82   -5.11 1017.3      FORTWILLIAM
1887 11 10 18 00  49.92   -6.30 1011.5           SCILLY
1887 11 10 18 00  56.82   -5.11 1018.2      FORTWILLIAM
1887 11 10 21 00  56.82   -5.11 1018.5      FORTWILLIAM
1887 11 11 08 00  49.92   -6.30 1012.9           SCILLY
1887 11 11 08 00  56.82   -5.11 1021.6      FORTWILLIAM
1887 11 11 09 00  56.82   -5.11 1021.8      FORTWILLIAM
1887 11 11 14 00  49.92   -6.30 1014.9           SCILLY
1887 11 11 14 00  56.82   -5.11 1022.5      FORTWILLIAM
1887 11 11 18 00  49.92   -6.30 1016.3           SCILLY
1887 11 11 18 00  56.82   -5.11 1023.5      FORTWILLIAM
1887 11 11 21 00  56.82   -5.11 1023.8      FORTWILLIAM
1887 11 12 08 00  49.92   -6.30 1020.0           SCILLY
1887 11 12 08 00  56.82   -5.11 1023.4      FORTWILLIAM
1887 11 12 09 00  56.82   -5.11 1023.4      FORTWILLIAM
1887 11 12 14 00  49.92   -6.30 1020.7           SCILLY
1887 11 12 14 00  56.82   -5.11 1022.6      FORTWILLIAM
1887 11 12 18 00  49.92   -6.30 1020.0           SCILLY
1887 11 12 18 00  56.82   -5.11 1021.5      FORTWILLIAM
1887 11 12 21 00  56.82   -5.11 1021.4      FORTWILLIAM
1887 11 13 08 00  49.92   -6.30 1015.6           SCILLY
1887 11 13 08 00  56.82   -5.11 1019.5      FORTWILLIAM
1887 11 13 09 00  56.82   -5.11 1019.2      FORTWILLIAM
1887 11 13 14 00  49.92   -6.30 1011.5           SCILLY
1887 11 13 14 00  56.82   -5.11 1017.6      FORTWILLIAM
1887 11 13 18 00  49.92   -6.30 1009.8           SCILLY
1887 11 13 18 00  56.82   -5.11 1016.6      FORTWILLIAM
1887 11 13 21 00  56.82   -5.11 1016.4      FORTWILLIAM
1887 11 14 08 00  49.92   -6.30 1009.8           SCILLY
1887 11 14 08 00  56.82   -5.11 1012.7      FORTWILLIAM
1887 11 14 09 00  56.82   -5.11 1012.7      FORTWILLIAM
1887 11 14 14 00  49.92   -6.30 1009.5           SCILLY
1887 11 14 14 00  56.82   -5.11 1014.7      FORTWILLIAM
1887 11 14 18 00  49.92   -6.30 1009.1           SCILLY
1887 11 14 18 00  56.82   -5.11 1018.8      FORTWILLIAM
1887 11 14 21 00  56.82   -5.11 1022.1      FORTWILLIAM
1887 11 15 08 00  49.92   -6.30 1017.9           SCILLY
1887 11 15 08 00  56.82   -5.11 1026.9      FORTWILLIAM
1887 11 15 09 00  56.82   -5.11 1027.0      FORTWILLIAM
1887 11 15 14 00  49.92   -6.30 1021.3           SCILLY
1887 11 15 14 00  56.82   -5.11 1025.7      FORTWILLIAM
1887 11 15 18 00  49.92   -6.30 1023.0           SCILLY
1887 11 15 18 00  56.82   -5.11 1025.6      FORTWILLIAM
1887 11 15 21 00  56.82   -5.11 1024.5      FORTWILLIAM
1887 11 16 08 00  49.92   -6.30 1025.7           SCILLY
1887 11 16 08 00  56.82   -5.11 1018.2      FORTWILLIAM
1887 11 16 09 00  56.82   -5.11 1018.2      FORTWILLIAM
1887 11 16 14 00  49.92   -6.30 1024.7           SCILLY
1887 11 16 14 00  56.82   -5.11 1017.4      FORTWILLIAM
1887 11 16 18 00  49.92   -6.30 1024.0           SCILLY
1887 11 16 18 00  56.82   -5.11 1017.1      FORTWILLIAM
1887 11 16 21 00  56.82   -5.11 1015.5      FORTWILLIAM
1887 11 17 08 00  49.92   -6.30 1014.9           SCILLY
1887 11 17 08 00  56.82   -5.11 1010.2      FORTWILLIAM
1887 11 17 09 00  56.82   -5.11 1009.7      FORTWILLIAM
1887 11 17 14 00  49.92   -6.30 1008.8           SCILLY
1887 11 17 14 00  56.82   -5.11 1007.1      FORTWILLIAM
1887 11 17 18 00  49.92   -6.30 1006.4           SCILLY
1887 11 17 18 00  56.82   -5.11 1004.6      FORTWILLIAM
1887 11 17 21 00  56.82   -5.11 1002.4      FORTWILLIAM
1887 11 18 08 00  49.92   -6.30  998.3           SCILLY
1887 11 18 08 00  56.82   -5.11  992.4      FORTWILLIAM
1887 11 18 09 00  56.82   -5.11  992.0      FORTWILLIAM
1887 11 18 14 00  49.92   -6.30  993.9           SCILLY
1887 11 18 14 00  56.82   -5.11  988.0      FORTWILLIAM
1887 11 18 18 00  49.92   -6.30  991.9           SCILLY
1887 11 18 18 00  56.82   -5.11  988.0      FORTWILLIAM
1887 11 18 21 00  56.82   -5.11  988.5      FORTWILLIAM
1887 11 19 08 00  49.92   -6.30  992.2           SCILLY
1887 11 19 08 00  56.82   -5.11  991.4      FORTWILLIAM
1887 11 19 09 00  56.82   -5.11  992.1      FORTWILLIAM
1887 11 19 14 00  49.92   -6.30  990.2           SCILLY
1887 11 19 14 00  56.82   -5.11  994.3      FORTWILLIAM
1887 11 19 18 00  49.92   -6.30  991.9           SCILLY
1887 11 19 18 00  56.82   -5.11  998.0      FORTWILLIAM
1887 11 19 21 00  56.82   -5.11  999.5      FORTWILLIAM
1887 11 20 08 00  49.92   -6.30 1001.4           SCILLY
1887 11 20 08 00  56.82   -5.11 1002.5      FORTWILLIAM
1887 11 20 09 00  56.82   -5.11 1002.5      FORTWILLIAM
1887 11 20 14 00  49.92   -6.30 1002.7           SCILLY
1887 11 20 14 00  56.82   -5.11 1001.5      FORTWILLIAM
1887 11 20 18 00  49.92   -6.30 1002.7           SCILLY
1887 11 20 18 00  56.82   -5.11 1001.0      FORTWILLIAM
1887 11 20 21 00  56.82   -5.11 1001.3      FORTWILLIAM
1887 11 21 08 00  49.92   -6.30  993.9           SCILLY
1887 11 21 08 00  56.82   -5.11 1002.2      FORTWILLIAM
1887 11 21 09 00  56.82   -5.11 1002.4      FORTWILLIAM
1887 11 21 14 00  49.92   -6.30  993.9           SCILLY
1887 11 21 14 00  56.82   -5.11 1003.9      FORTWILLIAM
1887 11 21 18 00  49.92   -6.30  993.6           SCILLY
1887 11 21 18 00  56.82   -5.11 1006.4      FORTWILLIAM
1887 11 21 21 00  56.82   -5.11 1006.6      FORTWILLIAM
1887 11 22 08 00  49.92   -6.30  997.6           SCILLY
1887 11 22 08 00  56.82   -5.11 1015.0      FORTWILLIAM
1887 11 22 09 00  56.82   -5.11 1015.8      FORTWILLIAM
1887 11 22 14 00  49.92   -6.30 1003.0           SCILLY
1887 11 22 14 00  56.82   -5.11 1019.3      FORTWILLIAM
1887 11 22 18 00  49.92   -6.30 1005.4           SCILLY
1887 11 22 18 00  56.82   -5.11 1023.3      FORTWILLIAM
1887 11 22 21 00  56.82   -5.11 1024.3      FORTWILLIAM
1887 11 23 08 00  49.92   -6.30 1013.9           SCILLY
1887 11 23 08 00  56.82   -5.11 1023.9      FORTWILLIAM
1887 11 23 09 00  56.82   -5.11 1023.7      FORTWILLIAM
1887 11 23 14 00  49.92   -6.30 1014.2           SCILLY
1887 11 23 14 00  56.82   -5.11 1020.1      FORTWILLIAM
1887 11 23 18 00  49.92   -6.30 1014.2           SCILLY
1887 11 23 18 00  56.82   -5.11 1017.7      FORTWILLIAM
1887 11 23 21 00  56.82   -5.11 1015.7      FORTWILLIAM
1887 11 24 08 00  49.92   -6.30 1012.5           SCILLY
1887 11 24 08 00  56.82   -5.11 1004.6      FORTWILLIAM
1887 11 24 09 00  56.82   -5.11 1003.1      FORTWILLIAM
1887 11 24 14 00  49.92   -6.30 1011.2           SCILLY
1887 11 24 14 00  56.82   -5.11  998.3      FORTWILLIAM
1887 11 24 18 00  49.92   -6.30 1010.5           SCILLY
1887 11 24 18 00  56.82   -5.11  998.5      FORTWILLIAM
1887 11 24 21 00  56.82   -5.11  997.8      FORTWILLIAM
1887 11 25 08 00  49.92   -6.30 1010.2           SCILLY
1887 11 25 08 00  56.82   -5.11  995.8      FORTWILLIAM
1887 11 25 09 00  56.82   -5.11  996.1      FORTWILLIAM
1887 11 25 14 00  49.92   -6.30 1011.2           SCILLY
1887 11 25 14 00  56.82   -5.11  998.4      FORTWILLIAM
1887 11 25 18 00  49.92   -6.30 1012.2           SCILLY
1887 11 25 18 00  56.82   -5.11  998.3      FORTWILLIAM
1887 11 25 21 00  56.82   -5.11  994.4      FORTWILLIAM
1887 11 26 08 00  49.92   -6.30 1009.8           SCILLY
1887 11 26 08 00  56.82   -5.11  984.8      FORTWILLIAM
1887 11 26 09 00  56.82   -5.11  985.0      FORTWILLIAM
1887 11 26 14 00  49.92   -6.30 1008.1           SCILLY
1887 11 26 14 00  56.82   -5.11  987.1      FORTWILLIAM
1887 11 26 18 00  49.92   -6.30 1007.1           SCILLY
1887 11 26 18 00  56.82   -5.11  987.8      FORTWILLIAM
1887 11 26 21 00  56.82   -5.11  991.1      FORTWILLIAM
1887 11 27 08 00  49.92   -6.30 1008.1           SCILLY
1887 11 27 08 00  56.82   -5.11  986.5      FORTWILLIAM
1887 11 27 09 00  56.82   -5.11  986.6      FORTWILLIAM
1887 11 27 14 00  49.92   -6.30 1010.8           SCILLY
1887 11 27 14 00  56.82   -5.11  991.8      FORTWILLIAM
1887 11 27 18 00  49.92   -6.30 1012.2           SCILLY
1887 11 27 18 00  56.82   -5.11  996.6      FORTWILLIAM
1887 11 27 21 00  56.82   -5.11 1000.0      FORTWILLIAM
1887 11 28 08 00  49.92   -6.30 1013.5           SCILLY
1887 11 28 08 00  56.82   -5.11 1005.4      FORTWILLIAM
1887 11 28 09 00  56.82   -5.11 1005.5      FORTWILLIAM
1887 11 28 14 00  49.92   -6.30 1011.9           SCILLY
1887 11 28 14 00  56.82   -5.11 1005.5      FORTWILLIAM
1887 11 28 18 00  49.92   -6.30 1010.2           SCILLY
1887 11 28 18 00  56.82   -5.11 1006.1      FORTWILLIAM
1887 11 28 21 00  56.82   -5.11 1006.6      FORTWILLIAM
1887 11 29 08 00  49.92   -6.30 1006.4           SCILLY
1887 11 29 08 00  56.82   -5.11 1004.1      FORTWILLIAM
1887 11 29 09 00  56.82   -5.11 1003.8      FORTWILLIAM
1887 11 29 14 00  49.92   -6.30 1007.5           SCILLY
1887 11 29 14 00  56.82   -5.11 1003.9      FORTWILLIAM
1887 11 29 18 00  49.92   -6.30 1008.1           SCILLY
1887 11 29 18 00  56.82   -5.11 1003.3      FORTWILLIAM
1887 11 29 21 00  56.82   -5.11 1004.5      FORTWILLIAM
1887 11 30 08 00  49.92   -6.30 1013.2           SCILLY
1887 11 30 08 00  56.82   -5.11 1004.3      FORTWILLIAM
1887 11 30 09 00  56.82   -5.11 1004.1      FORTWILLIAM
1887 11 30 14 00  49.92   -6.30 1016.9           SCILLY
1887 11 30 14 00  56.82   -5.11 1004.4      FORTWILLIAM
1887 11 30 18 00  49.92   -6.30 1018.6           SCILLY
1887 11 30 18 00  56.82   -5.11 1006.4      FORTWILLIAM
1887 11 30 21 00  56.82   -5.11 1006.7      FORTWILLIAM
