1901 11 01 08 00  49.93   -6.30 1019.0           SCILLY
1901 11 01 14 00  49.93   -6.30 1019.6           SCILLY
1901 11 01 18 00  49.93   -6.30 1019.6           SCILLY
1901 11 02 08 00  49.93   -6.30 1022.4           SCILLY
1901 11 02 14 00  49.93   -6.30 1024.0           SCILLY
1901 11 02 18 00  49.93   -6.30 1024.0           SCILLY
1901 11 03 08 00  49.93   -6.30 1024.0           SCILLY
1901 11 03 14 00  49.93   -6.30 1023.4           SCILLY
1901 11 03 18 00  49.93   -6.30 1022.4           SCILLY
1901 11 04 08 00  49.93   -6.30 1022.4           SCILLY
1901 11 04 14 00  49.93   -6.30 1024.0           SCILLY
1901 11 04 18 00  49.93   -6.30 1024.0           SCILLY
1901 11 05 08 00  49.93   -6.30 1026.4           SCILLY
1901 11 05 14 00  49.93   -6.30 1027.4           SCILLY
1901 11 05 18 00  49.93   -6.30 1027.4           SCILLY
1901 11 06 08 00  49.93   -6.30 1025.7           SCILLY
1901 11 06 14 00  49.93   -6.30 1025.1           SCILLY
1901 11 06 18 00  49.93   -6.30 1025.4           SCILLY
1901 11 07 08 00  49.93   -6.30 1025.7           SCILLY
1901 11 07 14 00  49.93   -6.30 1025.4           SCILLY
1901 11 07 18 00  49.93   -6.30 1024.7           SCILLY
1901 11 08 08 00  49.93   -6.30 1024.0           SCILLY
1901 11 08 14 00  49.93   -6.30 1025.1           SCILLY
1901 11 08 18 00  49.93   -6.30 1024.4           SCILLY
1901 11 09 08 00  49.93   -6.30 1023.4           SCILLY
1901 11 09 14 00  49.93   -6.30 1023.7           SCILLY
1901 11 09 18 00  49.93   -6.30 1023.4           SCILLY
1901 11 10 08 00  49.93   -6.30 1021.3           SCILLY
1901 11 10 14 00  49.93   -6.30 1021.0           SCILLY
1901 11 10 18 00  49.93   -6.30 1019.6           SCILLY
1901 11 11 08 00  49.93   -6.30 1014.2           SCILLY
1901 11 11 14 00  49.93   -6.30 1010.8           SCILLY
1901 11 11 18 00  49.93   -6.30 1008.8           SCILLY
1901 11 12 08 00  49.93   -6.30  986.5           SCILLY
1901 11 12 14 00  49.93   -6.30  985.4           SCILLY
1901 11 12 18 00  49.93   -6.30  987.8           SCILLY
1901 11 13 08 00  49.93   -6.30  992.6           SCILLY
1901 11 13 14 00  49.93   -6.30  991.9           SCILLY
1901 11 13 18 00  49.93   -6.30  991.9           SCILLY
1901 11 14 08 00  49.93   -6.30  997.3           SCILLY
1901 11 14 14 00  49.93   -6.30 1000.7           SCILLY
1901 11 14 18 00  49.93   -6.30 1000.7           SCILLY
1901 11 15 08 00  49.93   -6.30 1003.7           SCILLY
1901 11 15 14 00  49.93   -6.30 1008.1           SCILLY
1901 11 15 18 00  49.93   -6.30 1007.5           SCILLY
1901 11 16 08 00  49.93   -6.30 1011.5           SCILLY
1901 11 16 14 00  49.93   -6.30 1019.3           SCILLY
1901 11 16 18 00  49.93   -6.30 1021.3           SCILLY
1901 11 17 08 00  49.93   -6.30 1028.4           SCILLY
1901 11 17 14 00  49.93   -6.30 1031.2           SCILLY
1901 11 17 18 00  49.93   -6.30 1031.2           SCILLY
1901 11 18 08 00  49.93   -6.30 1032.2           SCILLY
1901 11 18 14 00  49.93   -6.30 1032.2           SCILLY
1901 11 18 18 00  49.93   -6.30 1031.2           SCILLY
1901 11 19 08 00  49.93   -6.30 1027.8           SCILLY
1901 11 19 14 00  49.93   -6.30 1027.1           SCILLY
1901 11 19 18 00  49.93   -6.30 1025.7           SCILLY
1901 11 20 08 00  49.93   -6.30 1022.4           SCILLY
1901 11 20 14 00  49.93   -6.30 1021.3           SCILLY
1901 11 20 18 00  49.93   -6.30 1020.7           SCILLY
1901 11 21 08 00  49.93   -6.30 1014.6           SCILLY
1901 11 21 14 00  49.93   -6.30 1012.9           SCILLY
1901 11 21 18 00  49.93   -6.30 1012.9           SCILLY
1901 11 22 08 00  49.93   -6.30 1014.2           SCILLY
1901 11 22 14 00  49.93   -6.30 1015.6           SCILLY
1901 11 22 18 00  49.93   -6.30 1017.3           SCILLY
1901 11 23 08 00  49.93   -6.30 1025.4           SCILLY
1901 11 23 14 00  49.93   -6.30 1028.8           SCILLY
1901 11 23 18 00  49.93   -6.30 1029.5           SCILLY
1901 11 24 08 00  49.93   -6.30 1032.8           SCILLY
1901 11 24 14 00  49.93   -6.30 1032.8           SCILLY
1901 11 24 18 00  49.93   -6.30 1033.2           SCILLY
1901 11 25 08 00  49.93   -6.30 1034.5           SCILLY
1901 11 25 14 00  49.93   -6.30 1034.5           SCILLY
1901 11 25 18 00  49.93   -6.30 1033.2           SCILLY
1901 11 26 08 00  49.93   -6.30 1032.5           SCILLY
1901 11 26 14 00  49.93   -6.30 1032.2           SCILLY
1901 11 26 18 00  49.93   -6.30 1032.5           SCILLY
1901 11 27 08 00  49.93   -6.30 1029.8           SCILLY
1901 11 27 14 00  49.93   -6.30 1030.8           SCILLY
1901 11 27 18 00  49.93   -6.30 1031.2           SCILLY
1901 11 28 08 00  49.93   -6.30 1031.2           SCILLY
1901 11 28 14 00  49.93   -6.30 1033.2           SCILLY
1901 11 28 18 00  49.93   -6.30 1033.2           SCILLY
1901 11 29 08 00  49.93   -6.30 1035.9           SCILLY
1901 11 29 14 00  49.93   -6.30 1030.5           SCILLY
1901 11 29 18 00  49.93   -6.30 1037.3           SCILLY
1901 11 30 08 00  49.93   -6.30 1035.2           SCILLY
1901 11 30 14 00  49.93   -6.30 1034.9           SCILLY
1901 11 30 18 00  49.93   -6.30 1033.9           SCILLY
