1884 02 01 08 00  49.92   -6.30  989.5           SCILLY
1884 02 01 08 00  56.82   -5.11  993.6      FORTWILLIAM
1884 02 01 09 00  56.82   -5.11  994.5      FORTWILLIAM
1884 02 01 14 00  49.92   -6.30  987.8           SCILLY
1884 02 01 14 00  56.82   -5.11  999.2      FORTWILLIAM
1884 02 01 18 00  49.92   -6.30  989.5           SCILLY
1884 02 01 18 00  56.82   -5.11 1004.8      FORTWILLIAM
1884 02 01 21 00  56.82   -5.11 1009.9      FORTWILLIAM
1884 02 02 08 00  49.92   -6.30 1010.2           SCILLY
1884 02 02 08 00  56.82   -5.11 1022.6      FORTWILLIAM
1884 02 02 09 00  56.82   -5.11 1023.5      FORTWILLIAM
1884 02 02 14 00  49.92   -6.30 1020.7           SCILLY
1884 02 02 14 00  56.82   -5.11 1023.5      FORTWILLIAM
1884 02 02 18 00  49.92   -6.30 1025.7           SCILLY
1884 02 02 18 00  56.82   -5.11 1023.7      FORTWILLIAM
1884 02 02 21 00  56.82   -5.11 1021.6      FORTWILLIAM
1884 02 03 08 00  49.92   -6.30 1034.2           SCILLY
1884 02 03 08 00  56.82   -5.11 1016.5      FORTWILLIAM
1884 02 03 09 00  56.82   -5.11 1017.4      FORTWILLIAM
1884 02 03 14 00  49.92   -6.30 1034.2           SCILLY
1884 02 03 14 00  56.82   -5.11 1016.1      FORTWILLIAM
1884 02 03 18 00  49.92   -6.30 1032.8           SCILLY
1884 02 03 18 00  56.82   -5.11 1016.3      FORTWILLIAM
1884 02 03 21 00  56.82   -5.11 1015.8      FORTWILLIAM
1884 02 04 08 00  49.92   -6.30 1032.8           SCILLY
1884 02 04 08 00  56.82   -5.11 1018.9      FORTWILLIAM
1884 02 04 09 00  56.82   -5.11 1019.7      FORTWILLIAM
1884 02 04 14 00  49.92   -6.30 1033.2           SCILLY
1884 02 04 14 00  56.82   -5.11 1020.3      FORTWILLIAM
1884 02 04 18 00  49.92   -6.30 1032.8           SCILLY
1884 02 04 18 00  56.82   -5.11 1016.7      FORTWILLIAM
1884 02 04 21 00  56.82   -5.11 1017.0      FORTWILLIAM
1884 02 05 08 00  49.92   -6.30 1031.2           SCILLY
1884 02 05 08 00  56.82   -5.11 1016.0      FORTWILLIAM
1884 02 05 09 00  56.82   -5.11 1016.6      FORTWILLIAM
1884 02 05 14 00  49.92   -6.30 1029.5           SCILLY
1884 02 05 14 00  56.82   -5.11 1017.4      FORTWILLIAM
1884 02 05 18 00  49.92   -6.30 1028.1           SCILLY
1884 02 05 18 00  56.82   -5.11 1016.5      FORTWILLIAM
1884 02 05 21 00  56.82   -5.11 1016.8      FORTWILLIAM
1884 02 06 08 00  49.92   -6.30 1022.0           SCILLY
1884 02 06 08 00  56.82   -5.11 1014.4      FORTWILLIAM
1884 02 06 09 00  56.82   -5.11 1014.7      FORTWILLIAM
1884 02 06 14 00  49.92   -6.30 1021.7           SCILLY
1884 02 06 14 00  56.82   -5.11 1012.4      FORTWILLIAM
1884 02 06 18 00  49.92   -6.30 1020.0           SCILLY
1884 02 06 18 00  56.82   -5.11 1010.0      FORTWILLIAM
1884 02 06 21 00  56.82   -5.11 1008.7      FORTWILLIAM
1884 02 07 08 00  49.92   -6.30 1017.6           SCILLY
1884 02 07 08 00  56.82   -5.11 1017.2      FORTWILLIAM
1884 02 07 09 00  56.82   -5.11 1017.9      FORTWILLIAM
1884 02 07 14 00  49.92   -6.30 1017.3           SCILLY
1884 02 07 14 00  56.82   -5.11 1018.6      FORTWILLIAM
1884 02 07 18 00  49.92   -6.30 1016.6           SCILLY
1884 02 07 18 00  56.82   -5.11 1017.5      FORTWILLIAM
1884 02 07 21 00  56.82   -5.11 1017.5      FORTWILLIAM
1884 02 08 08 00  49.92   -6.30 1012.2           SCILLY
1884 02 08 08 00  56.82   -5.11 1008.7      FORTWILLIAM
1884 02 08 09 00  56.82   -5.11 1008.4      FORTWILLIAM
1884 02 08 14 00  49.92   -6.30 1008.8           SCILLY
1884 02 08 14 00  56.82   -5.11 1002.7      FORTWILLIAM
1884 02 08 18 00  49.92   -6.30 1005.4           SCILLY
1884 02 08 18 00  56.82   -5.11  998.8      FORTWILLIAM
1884 02 08 21 00  56.82   -5.11  996.0      FORTWILLIAM
1884 02 09 08 00  49.92   -6.30  993.9           SCILLY
1884 02 09 08 00  56.82   -5.11  979.5      FORTWILLIAM
1884 02 09 09 00  56.82   -5.11  979.8      FORTWILLIAM
1884 02 09 14 00  49.92   -6.30  991.2           SCILLY
1884 02 09 14 00  56.82   -5.11  974.7      FORTWILLIAM
1884 02 09 18 00  49.92   -6.30  991.9           SCILLY
1884 02 09 18 00  56.82   -5.11  971.6      FORTWILLIAM
1884 02 09 21 00  56.82   -5.11  972.0      FORTWILLIAM
1884 02 10 08 00  49.92   -6.30  997.3           SCILLY
1884 02 10 08 00  56.82   -5.11  972.1      FORTWILLIAM
1884 02 10 09 00  56.82   -5.11  973.4      FORTWILLIAM
1884 02 10 14 00  49.92   -6.30 1000.0           SCILLY
1884 02 10 14 00  56.82   -5.11  972.2      FORTWILLIAM
1884 02 10 18 00  49.92   -6.30 1001.7           SCILLY
1884 02 10 18 00  56.82   -5.11  973.8      FORTWILLIAM
1884 02 10 21 00  56.82   -5.11  977.3      FORTWILLIAM
1884 02 11 08 00  49.92   -6.30 1003.4           SCILLY
1884 02 11 08 00  56.82   -5.11  985.6      FORTWILLIAM
1884 02 11 09 00  56.82   -5.11  986.8      FORTWILLIAM
1884 02 11 14 00  49.92   -6.30 1005.8           SCILLY
1884 02 11 14 00  56.82   -5.11  989.5      FORTWILLIAM
1884 02 11 18 00  49.92   -6.30 1006.8           SCILLY
1884 02 11 18 00  56.82   -5.11  992.8      FORTWILLIAM
1884 02 11 21 00  56.82   -5.11  994.6      FORTWILLIAM
1884 02 12 08 00  49.92   -6.30 1003.0           SCILLY
1884 02 12 08 00  56.82   -5.11  988.4      FORTWILLIAM
1884 02 12 09 00  56.82   -5.11  989.2      FORTWILLIAM
1884 02 12 14 00  49.92   -6.30 1001.7           SCILLY
1884 02 12 14 00  56.82   -5.11  989.1      FORTWILLIAM
1884 02 12 18 00  49.92   -6.30 1001.4           SCILLY
1884 02 12 18 00  56.82   -5.11  989.7      FORTWILLIAM
1884 02 12 21 00  56.82   -5.11  991.3      FORTWILLIAM
1884 02 13 08 00  49.92   -6.30 1002.0           SCILLY
1884 02 13 08 00  56.82   -5.11  998.2      FORTWILLIAM
1884 02 13 09 00  56.82   -5.11  997.9      FORTWILLIAM
1884 02 13 14 00  49.92   -6.30 1004.7           SCILLY
1884 02 13 14 00  56.82   -5.11  999.6      FORTWILLIAM
1884 02 13 18 00  49.92   -6.30 1003.7           SCILLY
1884 02 13 18 00  56.82   -5.11 1007.7      FORTWILLIAM
1884 02 13 21 00  56.82   -5.11 1011.4      FORTWILLIAM
1884 02 14 08 00  49.92   -6.30 1016.9           SCILLY
1884 02 14 08 00  56.82   -5.11 1008.1      FORTWILLIAM
1884 02 14 09 00  56.82   -5.11 1010.6      FORTWILLIAM
1884 02 14 14 00  49.92   -6.30 1018.6           SCILLY
1884 02 14 14 00  56.82   -5.11 1020.7      FORTWILLIAM
1884 02 14 18 00  49.92   -6.30 1017.3           SCILLY
1884 02 14 18 00  56.82   -5.11 1023.0      FORTWILLIAM
1884 02 14 21 00  56.82   -5.11 1024.1      FORTWILLIAM
1884 02 15 08 00  49.92   -6.30 1008.8           SCILLY
1884 02 15 08 00  56.82   -5.11 1022.5      FORTWILLIAM
1884 02 15 09 00  56.82   -5.11 1022.8      FORTWILLIAM
1884 02 15 14 00  49.92   -6.30 1008.1           SCILLY
1884 02 15 14 00  56.82   -5.11 1022.7      FORTWILLIAM
1884 02 15 18 00  49.92   -6.30 1007.8           SCILLY
1884 02 15 18 00  56.82   -5.11 1023.2      FORTWILLIAM
1884 02 15 21 00  56.82   -5.11 1023.5      FORTWILLIAM
1884 02 16 08 00  49.92   -6.30 1007.8           SCILLY
1884 02 16 08 00  56.82   -5.11 1022.1      FORTWILLIAM
1884 02 16 09 00  56.82   -5.11 1022.2      FORTWILLIAM
1884 02 16 14 00  49.92   -6.30 1006.1           SCILLY
1884 02 16 14 00  56.82   -5.11 1020.0      FORTWILLIAM
1884 02 16 18 00  49.92   -6.30 1005.4           SCILLY
1884 02 16 18 00  56.82   -5.11 1015.8      FORTWILLIAM
1884 02 16 21 00  56.82   -5.11 1013.2      FORTWILLIAM
1884 02 17 08 00  49.92   -6.30 1006.1           SCILLY
1884 02 17 08 00  56.82   -5.11 1014.4      FORTWILLIAM
1884 02 17 09 00  56.82   -5.11 1013.9      FORTWILLIAM
1884 02 17 14 00  49.92   -6.30 1004.4           SCILLY
1884 02 17 14 00  56.82   -5.11 1014.7      FORTWILLIAM
1884 02 17 18 00  49.92   -6.30 1004.1           SCILLY
1884 02 17 18 00  56.82   -5.11 1012.9      FORTWILLIAM
1884 02 17 21 00  56.82   -5.11 1011.4      FORTWILLIAM
1884 02 18 08 00  49.92   -6.30  999.7           SCILLY
1884 02 18 08 00  56.82   -5.11 1009.8      FORTWILLIAM
1884 02 18 09 00  56.82   -5.11 1009.9      FORTWILLIAM
1884 02 18 14 00  49.92   -6.30 1000.0           SCILLY
1884 02 18 14 00  56.82   -5.11 1007.9      FORTWILLIAM
1884 02 18 18 00  49.92   -6.30  999.3           SCILLY
1884 02 18 18 00  56.82   -5.11 1006.5      FORTWILLIAM
1884 02 18 21 00  56.82   -5.11 1005.8      FORTWILLIAM
1884 02 19 08 00  49.92   -6.30  999.7           SCILLY
1884 02 19 08 00  56.82   -5.11 1004.2      FORTWILLIAM
1884 02 19 09 00  56.82   -5.11 1004.3      FORTWILLIAM
1884 02 19 14 00  49.92   -6.30 1000.3           SCILLY
1884 02 19 14 00  56.82   -5.11 1002.7      FORTWILLIAM
1884 02 19 18 00  49.92   -6.30 1000.3           SCILLY
1884 02 19 18 00  56.82   -5.11 1001.7      FORTWILLIAM
1884 02 19 21 00  56.82   -5.11 1000.8      FORTWILLIAM
1884 02 20 08 00  49.92   -6.30 1002.0           SCILLY
1884 02 20 08 00  56.82   -5.11  996.3      FORTWILLIAM
1884 02 20 09 00  56.82   -5.11  996.4      FORTWILLIAM
1884 02 20 14 00  49.92   -6.30 1000.7           SCILLY
1884 02 20 14 00  56.82   -5.11  994.4      FORTWILLIAM
1884 02 20 18 00  49.92   -6.30  998.3           SCILLY
1884 02 20 18 00  56.82   -5.11  992.9      FORTWILLIAM
1884 02 20 21 00  56.82   -5.11  987.4      FORTWILLIAM
1884 02 21 08 00  49.92   -6.30 1002.4           SCILLY
1884 02 21 08 00  56.82   -5.11  987.7      FORTWILLIAM
1884 02 21 09 00  56.82   -5.11  990.2      FORTWILLIAM
1884 02 21 14 00  49.92   -6.30 1001.7           SCILLY
1884 02 21 14 00  56.82   -5.11  993.5      FORTWILLIAM
1884 02 21 18 00  49.92   -6.30 1000.0           SCILLY
1884 02 21 18 00  56.82   -5.11  993.9      FORTWILLIAM
1884 02 21 21 00  56.82   -5.11  994.1      FORTWILLIAM
1884 02 22 08 00  49.92   -6.30 1002.0           SCILLY
1884 02 22 08 00  56.82   -5.11  992.6      FORTWILLIAM
1884 02 22 09 00  56.82   -5.11  993.2      FORTWILLIAM
1884 02 22 14 00  49.92   -6.30 1000.7           SCILLY
1884 02 22 14 00  56.82   -5.11  993.6      FORTWILLIAM
1884 02 22 18 00  49.92   -6.30 1000.0           SCILLY
1884 02 22 18 00  56.82   -5.11  994.4      FORTWILLIAM
1884 02 22 21 00  56.82   -5.11  993.8      FORTWILLIAM
1884 02 23 08 00  49.92   -6.30 1001.4           SCILLY
1884 02 23 08 00  56.82   -5.11  990.7      FORTWILLIAM
1884 02 23 09 00  56.82   -5.11  990.9      FORTWILLIAM
1884 02 23 14 00  49.92   -6.30 1001.7           SCILLY
1884 02 23 14 00  56.82   -5.11  988.8      FORTWILLIAM
1884 02 23 18 00  49.92   -6.30 1001.0           SCILLY
1884 02 23 18 00  56.82   -5.11  989.6      FORTWILLIAM
1884 02 23 21 00  56.82   -5.11  990.9      FORTWILLIAM
1884 02 24 08 00  49.92   -6.30 1007.5           SCILLY
1884 02 24 08 00  56.82   -5.11 1000.9      FORTWILLIAM
1884 02 24 09 00  56.82   -5.11 1001.2      FORTWILLIAM
1884 02 24 14 00  49.92   -6.30 1010.8           SCILLY
1884 02 24 14 00  56.82   -5.11 1004.0      FORTWILLIAM
1884 02 24 18 00  49.92   -6.30 1013.5           SCILLY
1884 02 24 18 00  56.82   -5.11 1004.7      FORTWILLIAM
1884 02 24 21 00  56.82   -5.11 1006.1      FORTWILLIAM
1884 02 25 08 00  49.92   -6.30 1017.6           SCILLY
1884 02 25 08 00  56.82   -5.11 1008.8      FORTWILLIAM
1884 02 25 09 00  56.82   -5.11 1008.9      FORTWILLIAM
1884 02 25 14 00  49.92   -6.30 1017.6           SCILLY
1884 02 25 14 00  56.82   -5.11 1010.3      FORTWILLIAM
1884 02 25 18 00  49.92   -6.30 1016.6           SCILLY
1884 02 25 18 00  56.82   -5.11 1011.1      FORTWILLIAM
1884 02 25 21 00  56.82   -5.11 1012.7      FORTWILLIAM
1884 02 26 08 00  49.92   -6.30 1012.9           SCILLY
1884 02 26 08 00  56.82   -5.11 1015.5      FORTWILLIAM
1884 02 26 09 00  56.82   -5.11 1015.6      FORTWILLIAM
1884 02 26 14 00  49.92   -6.30 1012.5           SCILLY
1884 02 26 14 00  56.82   -5.11 1015.5      FORTWILLIAM
1884 02 26 18 00  49.92   -6.30 1011.5           SCILLY
1884 02 26 18 00  56.82   -5.11 1015.6      FORTWILLIAM
1884 02 26 21 00  56.82   -5.11 1016.7      FORTWILLIAM
1884 02 27 08 00  49.92   -6.30 1008.5           SCILLY
1884 02 27 08 00  56.82   -5.11 1016.0      FORTWILLIAM
1884 02 27 09 00  56.82   -5.11 1015.6      FORTWILLIAM
1884 02 27 14 00  49.92   -6.30 1006.8           SCILLY
1884 02 27 14 00  56.82   -5.11 1015.2      FORTWILLIAM
1884 02 27 18 00  49.92   -6.30 1006.8           SCILLY
1884 02 27 18 00  56.82   -5.11 1015.0      FORTWILLIAM
1884 02 27 21 00  56.82   -5.11 1016.0      FORTWILLIAM
1884 02 28 08 00  49.92   -6.30 1005.4           SCILLY
1884 02 28 08 00  56.82   -5.11 1016.7      FORTWILLIAM
1884 02 28 09 00  56.82   -5.11 1017.6      FORTWILLIAM
1884 02 28 14 00  49.92   -6.30 1005.4           SCILLY
1884 02 28 14 00  56.82   -5.11 1015.6      FORTWILLIAM
1884 02 28 18 00  49.92   -6.30 1005.4           SCILLY
1884 02 28 18 00  56.82   -5.11 1015.1      FORTWILLIAM
1884 02 28 21 00  56.82   -5.11 1014.6      FORTWILLIAM
1884 02 29 08 00  49.92   -6.30 1008.8           SCILLY
1884 02 29 08 00  56.82   -5.11 1013.3      FORTWILLIAM
1884 02 29 09 00  56.82   -5.11 1012.8      FORTWILLIAM
1884 02 29 14 00  49.92   -6.30 1009.5           SCILLY
1884 02 29 14 00  56.82   -5.11 1012.4      FORTWILLIAM
1884 02 29 18 00  49.92   -6.30 1010.5           SCILLY
1884 02 29 18 00  56.82   -5.11 1012.9      FORTWILLIAM
1884 02 29 21 00  56.82   -5.11 1013.4      FORTWILLIAM
