1897 01 01 01 00  56.82   -5.11 1013.4      FORTWILLIAM
1897 01 01 02 00  56.82   -5.11 1015.0      FORTWILLIAM
1897 01 01 03 00  56.82   -5.11 1015.9      FORTWILLIAM
1897 01 01 04 00  56.82   -5.11 1016.8      FORTWILLIAM
1897 01 01 05 00  56.82   -5.11 1017.4      FORTWILLIAM
1897 01 01 06 00  56.82   -5.11 1018.6      FORTWILLIAM
1897 01 01 07 00  56.82   -5.11 1019.4      FORTWILLIAM
1897 01 01 08 00  49.92   -6.30 1029.1           SCILLY
1897 01 01 08 00  56.82   -5.11 1020.5      FORTWILLIAM
1897 01 01 09 00  56.82   -5.11 1021.5      FORTWILLIAM
1897 01 01 10 00  56.82   -5.11 1022.4      FORTWILLIAM
1897 01 01 11 00  56.82   -5.11 1023.1      FORTWILLIAM
1897 01 01 12 00  56.82   -5.11 1023.3      FORTWILLIAM
1897 01 01 13 00  56.82   -5.11 1023.7      FORTWILLIAM
1897 01 01 14 00  49.92   -6.30 1031.5           SCILLY
1897 01 01 14 00  56.82   -5.11 1024.1      FORTWILLIAM
1897 01 01 15 00  56.82   -5.11 1024.3      FORTWILLIAM
1897 01 01 16 00  56.82   -5.11 1024.9      FORTWILLIAM
1897 01 01 17 00  56.82   -5.11 1025.2      FORTWILLIAM
1897 01 01 18 00  49.92   -6.30 1031.5           SCILLY
1897 01 01 18 00  56.82   -5.11 1025.3      FORTWILLIAM
1897 01 01 19 00  56.82   -5.11 1025.4      FORTWILLIAM
1897 01 01 20 00  56.82   -5.11 1025.2      FORTWILLIAM
1897 01 01 21 00  56.82   -5.11 1025.3      FORTWILLIAM
1897 01 01 22 00  56.82   -5.11 1025.5      FORTWILLIAM
1897 01 01 23 00  56.82   -5.11 1025.4      FORTWILLIAM
1897 01 01 24 00  56.82   -5.11 1025.1      FORTWILLIAM
1897 01 02 01 00  56.82   -5.11 1024.6      FORTWILLIAM
1897 01 02 02 00  56.82   -5.11 1024.5      FORTWILLIAM
1897 01 02 03 00  56.82   -5.11 1024.2      FORTWILLIAM
1897 01 02 04 00  56.82   -5.11 1023.3      FORTWILLIAM
1897 01 02 05 00  56.82   -5.11 1022.6      FORTWILLIAM
1897 01 02 06 00  56.82   -5.11 1022.6      FORTWILLIAM
1897 01 02 07 00  56.82   -5.11 1022.6      FORTWILLIAM
1897 01 02 08 00  49.92   -6.30 1030.5           SCILLY
1897 01 02 08 00  56.82   -5.11 1022.2      FORTWILLIAM
1897 01 02 09 00  56.82   -5.11 1021.7      FORTWILLIAM
1897 01 02 10 00  56.82   -5.11 1021.8      FORTWILLIAM
1897 01 02 11 00  56.82   -5.11 1021.4      FORTWILLIAM
1897 01 02 12 00  56.82   -5.11 1021.4      FORTWILLIAM
1897 01 02 13 00  56.82   -5.11 1020.6      FORTWILLIAM
1897 01 02 14 00  49.92   -6.30 1028.8           SCILLY
1897 01 02 14 00  56.82   -5.11 1019.7      FORTWILLIAM
1897 01 02 15 00  56.82   -5.11 1019.7      FORTWILLIAM
1897 01 02 16 00  56.82   -5.11 1020.0      FORTWILLIAM
1897 01 02 17 00  56.82   -5.11 1019.6      FORTWILLIAM
1897 01 02 18 00  49.92   -6.30 1027.4           SCILLY
1897 01 02 18 00  56.82   -5.11 1019.1      FORTWILLIAM
1897 01 02 19 00  56.82   -5.11 1018.5      FORTWILLIAM
1897 01 02 20 00  56.82   -5.11 1018.3      FORTWILLIAM
1897 01 02 21 00  56.82   -5.11 1018.0      FORTWILLIAM
1897 01 02 22 00  56.82   -5.11 1018.0      FORTWILLIAM
1897 01 02 23 00  56.82   -5.11 1017.5      FORTWILLIAM
1897 01 02 24 00  56.82   -5.11 1017.2      FORTWILLIAM
1897 01 03 01 00  56.82   -5.11 1016.8      FORTWILLIAM
1897 01 03 02 00  56.82   -5.11 1016.2      FORTWILLIAM
1897 01 03 03 00  56.82   -5.11 1015.4      FORTWILLIAM
1897 01 03 04 00  56.82   -5.11 1014.4      FORTWILLIAM
1897 01 03 05 00  56.82   -5.11 1013.5      FORTWILLIAM
1897 01 03 06 00  56.82   -5.11 1013.1      FORTWILLIAM
1897 01 03 07 00  56.82   -5.11 1011.7      FORTWILLIAM
1897 01 03 08 00  49.92   -6.30 1020.3           SCILLY
1897 01 03 08 00  56.82   -5.11 1010.7      FORTWILLIAM
1897 01 03 09 00  56.82   -5.11 1010.4      FORTWILLIAM
1897 01 03 10 00  56.82   -5.11 1010.1      FORTWILLIAM
1897 01 03 11 00  56.82   -5.11 1009.6      FORTWILLIAM
1897 01 03 12 00  56.82   -5.11 1008.6      FORTWILLIAM
1897 01 03 13 00  56.82   -5.11 1008.1      FORTWILLIAM
1897 01 03 14 00  49.92   -6.30 1017.6           SCILLY
1897 01 03 14 00  56.82   -5.11 1007.2      FORTWILLIAM
1897 01 03 15 00  56.82   -5.11 1007.0      FORTWILLIAM
1897 01 03 16 00  56.82   -5.11 1006.9      FORTWILLIAM
1897 01 03 17 00  56.82   -5.11 1007.4      FORTWILLIAM
1897 01 03 18 00  49.92   -6.30 1016.6           SCILLY
1897 01 03 18 00  56.82   -5.11 1008.1      FORTWILLIAM
1897 01 03 19 00  56.82   -5.11 1008.7      FORTWILLIAM
1897 01 03 20 00  56.82   -5.11 1009.4      FORTWILLIAM
1897 01 03 21 00  56.82   -5.11 1009.4      FORTWILLIAM
1897 01 03 22 00  56.82   -5.11 1009.6      FORTWILLIAM
1897 01 03 23 00  56.82   -5.11 1009.8      FORTWILLIAM
1897 01 03 24 00  56.82   -5.11 1010.0      FORTWILLIAM
1897 01 04 01 00  56.82   -5.11 1010.1      FORTWILLIAM
1897 01 04 02 00  56.82   -5.11 1010.3      FORTWILLIAM
1897 01 04 03 00  56.82   -5.11 1010.3      FORTWILLIAM
1897 01 04 04 00  56.82   -5.11 1010.2      FORTWILLIAM
1897 01 04 05 00  56.82   -5.11 1009.9      FORTWILLIAM
1897 01 04 06 00  56.82   -5.11 1009.9      FORTWILLIAM
1897 01 04 07 00  56.82   -5.11 1010.2      FORTWILLIAM
1897 01 04 08 00  49.92   -6.30 1013.5           SCILLY
1897 01 04 08 00  56.82   -5.11 1010.4      FORTWILLIAM
1897 01 04 09 00  56.82   -5.11 1010.5      FORTWILLIAM
1897 01 04 10 00  56.82   -5.11 1010.7      FORTWILLIAM
1897 01 04 11 00  56.82   -5.11 1010.4      FORTWILLIAM
1897 01 04 12 00  56.82   -5.11 1010.3      FORTWILLIAM
1897 01 04 13 00  56.82   -5.11 1009.5      FORTWILLIAM
1897 01 04 14 00  49.92   -6.30 1013.9           SCILLY
1897 01 04 14 00  56.82   -5.11 1009.4      FORTWILLIAM
1897 01 04 15 00  56.82   -5.11 1009.4      FORTWILLIAM
1897 01 04 16 00  56.82   -5.11 1009.4      FORTWILLIAM
1897 01 04 17 00  56.82   -5.11 1009.0      FORTWILLIAM
1897 01 04 18 00  49.92   -6.30 1013.2           SCILLY
1897 01 04 18 00  56.82   -5.11 1009.0      FORTWILLIAM
1897 01 04 19 00  56.82   -5.11 1008.8      FORTWILLIAM
1897 01 04 20 00  56.82   -5.11 1008.4      FORTWILLIAM
1897 01 04 21 00  56.82   -5.11 1008.3      FORTWILLIAM
1897 01 04 22 00  56.82   -5.11 1007.6      FORTWILLIAM
1897 01 04 23 00  56.82   -5.11 1007.2      FORTWILLIAM
1897 01 04 24 00  56.82   -5.11 1006.8      FORTWILLIAM
1897 01 05 01 00  56.82   -5.11 1006.9      FORTWILLIAM
1897 01 05 02 00  56.82   -5.11 1007.2      FORTWILLIAM
1897 01 05 03 00  56.82   -5.11 1007.4      FORTWILLIAM
1897 01 05 04 00  56.82   -5.11 1007.7      FORTWILLIAM
1897 01 05 05 00  56.82   -5.11 1007.4      FORTWILLIAM
1897 01 05 06 00  56.82   -5.11 1008.0      FORTWILLIAM
1897 01 05 07 00  56.82   -5.11 1008.5      FORTWILLIAM
1897 01 05 08 00  49.92   -6.30 1009.1           SCILLY
1897 01 05 08 00  56.82   -5.11 1009.1      FORTWILLIAM
1897 01 05 09 00  56.82   -5.11 1009.5      FORTWILLIAM
1897 01 05 10 00  56.82   -5.11 1009.9      FORTWILLIAM
1897 01 05 11 00  56.82   -5.11 1010.2      FORTWILLIAM
1897 01 05 12 00  56.82   -5.11 1010.0      FORTWILLIAM
1897 01 05 13 00  56.82   -5.11 1009.4      FORTWILLIAM
1897 01 05 14 00  49.92   -6.30 1003.7           SCILLY
1897 01 05 14 00  56.82   -5.11 1009.3      FORTWILLIAM
1897 01 05 15 00  56.82   -5.11 1009.2      FORTWILLIAM
1897 01 05 16 00  56.82   -5.11 1009.1      FORTWILLIAM
1897 01 05 17 00  56.82   -5.11 1008.8      FORTWILLIAM
1897 01 05 18 00  49.92   -6.30  999.0           SCILLY
1897 01 05 18 00  56.82   -5.11 1008.6      FORTWILLIAM
1897 01 05 19 00  56.82   -5.11 1008.5      FORTWILLIAM
1897 01 05 20 00  56.82   -5.11 1008.1      FORTWILLIAM
1897 01 05 21 00  56.82   -5.11 1008.1      FORTWILLIAM
1897 01 05 22 00  56.82   -5.11 1008.1      FORTWILLIAM
1897 01 05 23 00  56.82   -5.11 1007.7      FORTWILLIAM
1897 01 05 24 00  56.82   -5.11 1007.4      FORTWILLIAM
1897 01 06 01 00  56.82   -5.11 1006.7      FORTWILLIAM
1897 01 06 02 00  56.82   -5.11 1006.3      FORTWILLIAM
1897 01 06 03 00  56.82   -5.11 1006.2      FORTWILLIAM
1897 01 06 04 00  56.82   -5.11 1005.5      FORTWILLIAM
1897 01 06 05 00  56.82   -5.11 1005.3      FORTWILLIAM
1897 01 06 06 00  56.82   -5.11 1005.4      FORTWILLIAM
1897 01 06 07 00  56.82   -5.11 1005.7      FORTWILLIAM
1897 01 06 08 00  49.92   -6.30  989.8           SCILLY
1897 01 06 08 00  56.82   -5.11 1005.9      FORTWILLIAM
1897 01 06 09 00  56.82   -5.11 1006.2      FORTWILLIAM
1897 01 06 10 00  56.82   -5.11 1006.4      FORTWILLIAM
1897 01 06 11 00  56.82   -5.11 1006.6      FORTWILLIAM
1897 01 06 12 00  56.82   -5.11 1006.3      FORTWILLIAM
1897 01 06 13 00  56.82   -5.11 1006.4      FORTWILLIAM
1897 01 06 14 00  49.92   -6.30  985.8           SCILLY
1897 01 06 14 00  56.82   -5.11 1006.9      FORTWILLIAM
1897 01 06 15 00  56.82   -5.11 1007.0      FORTWILLIAM
1897 01 06 16 00  56.82   -5.11 1007.5      FORTWILLIAM
1897 01 06 17 00  56.82   -5.11 1008.1      FORTWILLIAM
1897 01 06 18 00  49.92   -6.30  984.1           SCILLY
1897 01 06 18 00  56.82   -5.11 1008.8      FORTWILLIAM
1897 01 06 19 00  56.82   -5.11 1009.6      FORTWILLIAM
1897 01 06 20 00  56.82   -5.11 1010.1      FORTWILLIAM
1897 01 06 21 00  56.82   -5.11 1010.6      FORTWILLIAM
1897 01 06 22 00  56.82   -5.11 1010.8      FORTWILLIAM
1897 01 06 23 00  56.82   -5.11 1011.0      FORTWILLIAM
1897 01 06 24 00  56.82   -5.11 1011.0      FORTWILLIAM
1897 01 07 01 00  56.82   -5.11 1011.2      FORTWILLIAM
1897 01 07 02 00  56.82   -5.11 1011.5      FORTWILLIAM
1897 01 07 03 00  56.82   -5.11 1011.4      FORTWILLIAM
1897 01 07 04 00  56.82   -5.11 1012.2      FORTWILLIAM
1897 01 07 05 00  56.82   -5.11 1012.1      FORTWILLIAM
1897 01 07 06 00  56.82   -5.11 1011.9      FORTWILLIAM
1897 01 07 07 00  56.82   -5.11 1012.1      FORTWILLIAM
1897 01 07 08 00  49.92   -6.30  998.0           SCILLY
1897 01 07 08 00  56.82   -5.11 1012.3      FORTWILLIAM
1897 01 07 09 00  56.82   -5.11 1012.6      FORTWILLIAM
1897 01 07 10 00  56.82   -5.11 1012.9      FORTWILLIAM
1897 01 07 11 00  56.82   -5.11 1013.1      FORTWILLIAM
1897 01 07 12 00  56.82   -5.11 1013.3      FORTWILLIAM
1897 01 07 13 00  56.82   -5.11 1013.5      FORTWILLIAM
1897 01 07 14 00  49.92   -6.30 1000.0           SCILLY
1897 01 07 14 00  56.82   -5.11 1013.5      FORTWILLIAM
1897 01 07 15 00  56.82   -5.11 1013.6      FORTWILLIAM
1897 01 07 16 00  56.82   -5.11 1014.2      FORTWILLIAM
1897 01 07 17 00  56.82   -5.11 1015.0      FORTWILLIAM
1897 01 07 18 00  49.92   -6.30  997.6           SCILLY
1897 01 07 18 00  56.82   -5.11 1015.9      FORTWILLIAM
1897 01 07 19 00  56.82   -5.11 1015.9      FORTWILLIAM
1897 01 07 20 00  56.82   -5.11 1016.9      FORTWILLIAM
1897 01 07 21 00  56.82   -5.11 1016.2      FORTWILLIAM
1897 01 07 22 00  56.82   -5.11 1016.3      FORTWILLIAM
1897 01 07 23 00  56.82   -5.11 1016.7      FORTWILLIAM
1897 01 07 24 00  56.82   -5.11 1017.2      FORTWILLIAM
1897 01 08 01 00  56.82   -5.11 1017.5      FORTWILLIAM
1897 01 08 02 00  56.82   -5.11 1018.2      FORTWILLIAM
1897 01 08 03 00  56.82   -5.11 1018.4      FORTWILLIAM
1897 01 08 04 00  56.82   -5.11 1017.7      FORTWILLIAM
1897 01 08 05 00  56.82   -5.11 1017.3      FORTWILLIAM
1897 01 08 06 00  56.82   -5.11 1017.0      FORTWILLIAM
1897 01 08 07 00  56.82   -5.11 1017.5      FORTWILLIAM
1897 01 08 08 00  49.92   -6.30  995.3           SCILLY
1897 01 08 08 00  56.82   -5.11 1018.1      FORTWILLIAM
1897 01 08 09 00  56.82   -5.11 1018.2      FORTWILLIAM
1897 01 08 10 00  56.82   -5.11 1019.1      FORTWILLIAM
1897 01 08 11 00  56.82   -5.11 1019.0      FORTWILLIAM
1897 01 08 12 00  56.82   -5.11 1018.2      FORTWILLIAM
1897 01 08 13 00  56.82   -5.11 1017.9      FORTWILLIAM
1897 01 08 14 00  49.92   -6.30  997.6           SCILLY
1897 01 08 14 00  56.82   -5.11 1018.4      FORTWILLIAM
1897 01 08 15 00  56.82   -5.11 1018.3      FORTWILLIAM
1897 01 08 16 00  56.82   -5.11 1018.2      FORTWILLIAM
1897 01 08 17 00  56.82   -5.11 1018.2      FORTWILLIAM
1897 01 08 18 00  49.92   -6.30  999.3           SCILLY
1897 01 08 18 00  56.82   -5.11 1018.6      FORTWILLIAM
1897 01 08 19 00  56.82   -5.11 1018.2      FORTWILLIAM
1897 01 08 20 00  56.82   -5.11 1017.9      FORTWILLIAM
1897 01 08 21 00  56.82   -5.11 1017.8      FORTWILLIAM
1897 01 08 22 00  56.82   -5.11 1016.7      FORTWILLIAM
1897 01 08 23 00  56.82   -5.11 1017.8      FORTWILLIAM
1897 01 08 24 00  56.82   -5.11 1018.1      FORTWILLIAM
1897 01 09 01 00  56.82   -5.11 1017.6      FORTWILLIAM
1897 01 09 02 00  56.82   -5.11 1017.9      FORTWILLIAM
1897 01 09 03 00  56.82   -5.11 1017.3      FORTWILLIAM
1897 01 09 04 00  56.82   -5.11 1017.1      FORTWILLIAM
1897 01 09 05 00  56.82   -5.11 1016.8      FORTWILLIAM
1897 01 09 06 00  56.82   -5.11 1016.1      FORTWILLIAM
1897 01 09 07 00  56.82   -5.11 1016.1      FORTWILLIAM
1897 01 09 08 00  49.92   -6.30  996.6           SCILLY
1897 01 09 08 00  56.82   -5.11 1015.9      FORTWILLIAM
1897 01 09 09 00  56.82   -5.11 1015.3      FORTWILLIAM
1897 01 09 10 00  56.82   -5.11 1014.7      FORTWILLIAM
1897 01 09 11 00  56.82   -5.11 1014.0      FORTWILLIAM
1897 01 09 12 00  56.82   -5.11 1013.1      FORTWILLIAM
1897 01 09 13 00  56.82   -5.11 1012.6      FORTWILLIAM
1897 01 09 14 00  49.92   -6.30  994.2           SCILLY
1897 01 09 14 00  56.82   -5.11 1011.3      FORTWILLIAM
1897 01 09 15 00  56.82   -5.11 1010.4      FORTWILLIAM
1897 01 09 16 00  56.82   -5.11 1009.1      FORTWILLIAM
1897 01 09 17 00  56.82   -5.11 1008.3      FORTWILLIAM
1897 01 09 18 00  49.92   -6.30  993.2           SCILLY
1897 01 09 18 00  56.82   -5.11 1008.1      FORTWILLIAM
1897 01 09 19 00  56.82   -5.11 1007.5      FORTWILLIAM
1897 01 09 20 00  56.82   -5.11 1006.9      FORTWILLIAM
1897 01 09 21 00  56.82   -5.11 1006.1      FORTWILLIAM
1897 01 09 22 00  56.82   -5.11 1005.3      FORTWILLIAM
1897 01 09 23 00  56.82   -5.11 1004.6      FORTWILLIAM
1897 01 09 24 00  56.82   -5.11 1004.1      FORTWILLIAM
1897 01 10 01 00  56.82   -5.11 1003.2      FORTWILLIAM
1897 01 10 02 00  56.82   -5.11 1003.0      FORTWILLIAM
1897 01 10 03 00  56.82   -5.11 1003.1      FORTWILLIAM
1897 01 10 04 00  56.82   -5.11 1002.8      FORTWILLIAM
1897 01 10 05 00  56.82   -5.11 1002.6      FORTWILLIAM
1897 01 10 06 00  56.82   -5.11 1003.0      FORTWILLIAM
1897 01 10 07 00  56.82   -5.11 1003.4      FORTWILLIAM
1897 01 10 08 00  49.92   -6.30  996.3           SCILLY
1897 01 10 08 00  56.82   -5.11 1004.0      FORTWILLIAM
1897 01 10 09 00  56.82   -5.11 1004.1      FORTWILLIAM
1897 01 10 10 00  56.82   -5.11 1004.2      FORTWILLIAM
1897 01 10 11 00  56.82   -5.11 1004.3      FORTWILLIAM
1897 01 10 12 00  56.82   -5.11 1004.1      FORTWILLIAM
1897 01 10 13 00  56.82   -5.11 1004.1      FORTWILLIAM
1897 01 10 14 00  49.92   -6.30  998.3           SCILLY
1897 01 10 14 00  56.82   -5.11 1004.4      FORTWILLIAM
1897 01 10 15 00  56.82   -5.11 1004.5      FORTWILLIAM
1897 01 10 16 00  56.82   -5.11 1004.7      FORTWILLIAM
1897 01 10 17 00  56.82   -5.11 1004.9      FORTWILLIAM
1897 01 10 18 00  49.92   -6.30 1000.3           SCILLY
1897 01 10 18 00  56.82   -5.11 1005.4      FORTWILLIAM
1897 01 10 19 00  56.82   -5.11 1005.7      FORTWILLIAM
1897 01 10 20 00  56.82   -5.11 1006.1      FORTWILLIAM
1897 01 10 21 00  56.82   -5.11 1006.2      FORTWILLIAM
1897 01 10 22 00  56.82   -5.11 1006.3      FORTWILLIAM
1897 01 10 23 00  56.82   -5.11 1006.3      FORTWILLIAM
1897 01 10 24 00  56.82   -5.11 1006.4      FORTWILLIAM
1897 01 11 01 00  56.82   -5.11 1006.4      FORTWILLIAM
1897 01 11 02 00  56.82   -5.11 1006.4      FORTWILLIAM
1897 01 11 03 00  56.82   -5.11 1006.6      FORTWILLIAM
1897 01 11 04 00  56.82   -5.11 1006.5      FORTWILLIAM
1897 01 11 05 00  56.82   -5.11 1006.2      FORTWILLIAM
1897 01 11 06 00  56.82   -5.11 1006.1      FORTWILLIAM
1897 01 11 07 00  56.82   -5.11 1006.2      FORTWILLIAM
1897 01 11 08 00  49.92   -6.30 1005.4           SCILLY
1897 01 11 08 00  56.82   -5.11 1006.5      FORTWILLIAM
1897 01 11 09 00  56.82   -5.11 1006.4      FORTWILLIAM
1897 01 11 10 00  56.82   -5.11 1006.3      FORTWILLIAM
1897 01 11 11 00  56.82   -5.11 1006.3      FORTWILLIAM
1897 01 11 12 00  56.82   -5.11 1006.2      FORTWILLIAM
1897 01 11 13 00  56.82   -5.11 1005.7      FORTWILLIAM
1897 01 11 14 00  49.92   -6.30 1006.4           SCILLY
1897 01 11 14 00  56.82   -5.11 1005.7      FORTWILLIAM
1897 01 11 15 00  56.82   -5.11 1005.7      FORTWILLIAM
1897 01 11 16 00  56.82   -5.11 1005.8      FORTWILLIAM
1897 01 11 17 00  56.82   -5.11 1005.8      FORTWILLIAM
1897 01 11 18 00  49.92   -6.30 1006.4           SCILLY
1897 01 11 18 00  56.82   -5.11 1006.0      FORTWILLIAM
1897 01 11 19 00  56.82   -5.11 1006.0      FORTWILLIAM
1897 01 11 20 00  56.82   -5.11 1006.0      FORTWILLIAM
1897 01 11 21 00  56.82   -5.11 1006.3      FORTWILLIAM
1897 01 11 22 00  56.82   -5.11 1006.2      FORTWILLIAM
1897 01 11 23 00  56.82   -5.11 1005.7      FORTWILLIAM
1897 01 11 24 00  56.82   -5.11 1005.9      FORTWILLIAM
1897 01 12 01 00  56.82   -5.11 1005.9      FORTWILLIAM
1897 01 12 02 00  56.82   -5.11 1005.9      FORTWILLIAM
1897 01 12 03 00  56.82   -5.11 1005.7      FORTWILLIAM
1897 01 12 04 00  56.82   -5.11 1005.7      FORTWILLIAM
1897 01 12 05 00  56.82   -5.11 1005.7      FORTWILLIAM
1897 01 12 06 00  56.82   -5.11 1005.5      FORTWILLIAM
1897 01 12 07 00  56.82   -5.11 1005.7      FORTWILLIAM
1897 01 12 08 00  49.92   -6.30 1001.0           SCILLY
1897 01 12 08 00  56.82   -5.11 1005.9      FORTWILLIAM
1897 01 12 09 00  56.82   -5.11 1006.2      FORTWILLIAM
1897 01 12 10 00  56.82   -5.11 1006.5      FORTWILLIAM
1897 01 12 11 00  56.82   -5.11 1006.8      FORTWILLIAM
1897 01 12 12 00  56.82   -5.11 1006.8      FORTWILLIAM
1897 01 12 13 00  56.82   -5.11 1006.9      FORTWILLIAM
1897 01 12 14 00  49.92   -6.30  998.3           SCILLY
1897 01 12 14 00  56.82   -5.11 1007.1      FORTWILLIAM
1897 01 12 15 00  56.82   -5.11 1007.4      FORTWILLIAM
1897 01 12 16 00  56.82   -5.11 1007.9      FORTWILLIAM
1897 01 12 17 00  56.82   -5.11 1008.4      FORTWILLIAM
1897 01 12 18 00  49.92   -6.30  998.3           SCILLY
1897 01 12 18 00  56.82   -5.11 1009.2      FORTWILLIAM
1897 01 12 19 00  56.82   -5.11 1009.9      FORTWILLIAM
1897 01 12 20 00  56.82   -5.11 1010.7      FORTWILLIAM
1897 01 12 21 00  56.82   -5.11 1011.4      FORTWILLIAM
1897 01 12 22 00  56.82   -5.11 1012.0      FORTWILLIAM
1897 01 12 23 00  56.82   -5.11 1012.5      FORTWILLIAM
1897 01 12 24 00  56.82   -5.11 1013.1      FORTWILLIAM
1897 01 13 01 00  56.82   -5.11 1013.9      FORTWILLIAM
1897 01 13 02 00  56.82   -5.11 1014.6      FORTWILLIAM
1897 01 13 03 00  56.82   -5.11 1015.5      FORTWILLIAM
1897 01 13 04 00  56.82   -5.11 1015.8      FORTWILLIAM
1897 01 13 05 00  56.82   -5.11 1015.9      FORTWILLIAM
1897 01 13 06 00  56.82   -5.11 1016.5      FORTWILLIAM
1897 01 13 07 00  56.82   -5.11 1017.3      FORTWILLIAM
1897 01 13 08 00  49.92   -6.30 1009.5           SCILLY
1897 01 13 08 00  56.82   -5.11 1018.2      FORTWILLIAM
1897 01 13 09 00  56.82   -5.11 1019.1      FORTWILLIAM
1897 01 13 10 00  56.82   -5.11 1019.7      FORTWILLIAM
1897 01 13 11 00  56.82   -5.11 1020.0      FORTWILLIAM
1897 01 13 12 00  56.82   -5.11 1020.1      FORTWILLIAM
1897 01 13 13 00  56.82   -5.11 1020.3      FORTWILLIAM
1897 01 13 14 00  49.92   -6.30 1011.5           SCILLY
1897 01 13 14 00  56.82   -5.11 1020.7      FORTWILLIAM
1897 01 13 15 00  56.82   -5.11 1021.4      FORTWILLIAM
1897 01 13 16 00  56.82   -5.11 1021.8      FORTWILLIAM
1897 01 13 17 00  56.82   -5.11 1022.4      FORTWILLIAM
1897 01 13 18 00  49.92   -6.30 1013.2           SCILLY
1897 01 13 18 00  56.82   -5.11 1023.1      FORTWILLIAM
1897 01 13 19 00  56.82   -5.11 1023.8      FORTWILLIAM
1897 01 13 20 00  56.82   -5.11 1024.4      FORTWILLIAM
1897 01 13 21 00  56.82   -5.11 1025.0      FORTWILLIAM
1897 01 13 22 00  56.82   -5.11 1025.4      FORTWILLIAM
1897 01 13 23 00  56.82   -5.11 1025.9      FORTWILLIAM
1897 01 13 24 00  56.82   -5.11 1026.2      FORTWILLIAM
1897 01 14 01 00  56.82   -5.11 1026.5      FORTWILLIAM
1897 01 14 02 00  56.82   -5.11 1026.7      FORTWILLIAM
1897 01 14 03 00  56.82   -5.11 1026.8      FORTWILLIAM
1897 01 14 04 00  56.82   -5.11 1027.0      FORTWILLIAM
1897 01 14 05 00  56.82   -5.11 1027.3      FORTWILLIAM
1897 01 14 06 00  56.82   -5.11 1027.7      FORTWILLIAM
1897 01 14 07 00  56.82   -5.11 1027.6      FORTWILLIAM
1897 01 14 08 00  49.92   -6.30 1021.0           SCILLY
1897 01 14 08 00  56.82   -5.11 1028.2      FORTWILLIAM
1897 01 14 09 00  56.82   -5.11 1028.6      FORTWILLIAM
1897 01 14 10 00  56.82   -5.11 1028.8      FORTWILLIAM
1897 01 14 11 00  56.82   -5.11 1029.0      FORTWILLIAM
1897 01 14 12 00  56.82   -5.11 1029.0      FORTWILLIAM
1897 01 14 13 00  56.82   -5.11 1028.5      FORTWILLIAM
1897 01 14 14 00  49.92   -6.30 1022.0           SCILLY
1897 01 14 14 00  56.82   -5.11 1028.4      FORTWILLIAM
1897 01 14 15 00  56.82   -5.11 1028.2      FORTWILLIAM
1897 01 14 16 00  56.82   -5.11 1028.3      FORTWILLIAM
1897 01 14 17 00  56.82   -5.11 1028.1      FORTWILLIAM
1897 01 14 18 00  49.92   -6.30 1022.0           SCILLY
1897 01 14 18 00  56.82   -5.11 1028.4      FORTWILLIAM
1897 01 14 19 00  56.82   -5.11 1028.4      FORTWILLIAM
1897 01 14 20 00  56.82   -5.11 1028.5      FORTWILLIAM
1897 01 14 21 00  56.82   -5.11 1028.8      FORTWILLIAM
1897 01 14 22 00  56.82   -5.11 1028.9      FORTWILLIAM
1897 01 14 23 00  56.82   -5.11 1028.9      FORTWILLIAM
1897 01 14 24 00  56.82   -5.11 1028.8      FORTWILLIAM
1897 01 15 01 00  56.82   -5.11 1028.7      FORTWILLIAM
1897 01 15 02 00  56.82   -5.11 1028.7      FORTWILLIAM
1897 01 15 03 00  56.82   -5.11 1028.7      FORTWILLIAM
1897 01 15 04 00  56.82   -5.11 1028.5      FORTWILLIAM
1897 01 15 05 00  56.82   -5.11 1028.1      FORTWILLIAM
1897 01 15 06 00  56.82   -5.11 1027.9      FORTWILLIAM
1897 01 15 07 00  56.82   -5.11 1027.6      FORTWILLIAM
1897 01 15 08 00  49.92   -6.30 1018.6           SCILLY
1897 01 15 08 00  56.82   -5.11 1027.8      FORTWILLIAM
1897 01 15 09 00  56.82   -5.11 1027.7      FORTWILLIAM
1897 01 15 10 00  56.82   -5.11 1027.5      FORTWILLIAM
1897 01 15 11 00  56.82   -5.11 1027.6      FORTWILLIAM
1897 01 15 12 00  56.82   -5.11 1027.1      FORTWILLIAM
1897 01 15 13 00  56.82   -5.11 1026.3      FORTWILLIAM
1897 01 15 14 00  49.92   -6.30 1016.9           SCILLY
1897 01 15 14 00  56.82   -5.11 1025.4      FORTWILLIAM
1897 01 15 15 00  56.82   -5.11 1025.1      FORTWILLIAM
1897 01 15 16 00  56.82   -5.11 1024.7      FORTWILLIAM
1897 01 15 17 00  56.82   -5.11 1024.3      FORTWILLIAM
1897 01 15 18 00  49.92   -6.30 1016.3           SCILLY
1897 01 15 18 00  56.82   -5.11 1024.0      FORTWILLIAM
1897 01 15 19 00  56.82   -5.11 1023.8      FORTWILLIAM
1897 01 15 20 00  56.82   -5.11 1023.2      FORTWILLIAM
1897 01 15 21 00  56.82   -5.11 1022.7      FORTWILLIAM
1897 01 15 22 00  56.82   -5.11 1022.3      FORTWILLIAM
1897 01 15 23 00  56.82   -5.11 1021.7      FORTWILLIAM
1897 01 15 24 00  56.82   -5.11 1021.3      FORTWILLIAM
1897 01 16 01 00  56.82   -5.11 1020.7      FORTWILLIAM
1897 01 16 02 00  56.82   -5.11 1020.2      FORTWILLIAM
1897 01 16 03 00  56.82   -5.11 1019.7      FORTWILLIAM
1897 01 16 04 00  56.82   -5.11 1019.1      FORTWILLIAM
1897 01 16 05 00  56.82   -5.11 1018.6      FORTWILLIAM
1897 01 16 06 00  56.82   -5.11 1018.1      FORTWILLIAM
1897 01 16 07 00  56.82   -5.11 1018.0      FORTWILLIAM
1897 01 16 08 00  49.92   -6.30 1013.5           SCILLY
1897 01 16 08 00  56.82   -5.11 1017.8      FORTWILLIAM
1897 01 16 09 00  56.82   -5.11 1017.9      FORTWILLIAM
1897 01 16 10 00  56.82   -5.11 1017.6      FORTWILLIAM
1897 01 16 11 00  56.82   -5.11 1017.5      FORTWILLIAM
1897 01 16 12 00  56.82   -5.11 1017.2      FORTWILLIAM
1897 01 16 13 00  56.82   -5.11 1016.7      FORTWILLIAM
1897 01 16 14 00  49.92   -6.30 1014.2           SCILLY
1897 01 16 14 00  56.82   -5.11 1016.3      FORTWILLIAM
1897 01 16 15 00  56.82   -5.11 1016.3      FORTWILLIAM
1897 01 16 16 00  56.82   -5.11 1016.4      FORTWILLIAM
1897 01 16 17 00  56.82   -5.11 1016.4      FORTWILLIAM
1897 01 16 18 00  49.92   -6.30 1014.2           SCILLY
1897 01 16 18 00  56.82   -5.11 1016.8      FORTWILLIAM
1897 01 16 19 00  56.82   -5.11 1017.0      FORTWILLIAM
1897 01 16 20 00  56.82   -5.11 1017.2      FORTWILLIAM
1897 01 16 21 00  56.82   -5.11 1017.3      FORTWILLIAM
1897 01 16 22 00  56.82   -5.11 1017.6      FORTWILLIAM
1897 01 16 23 00  56.82   -5.11 1017.8      FORTWILLIAM
1897 01 16 24 00  56.82   -5.11 1018.0      FORTWILLIAM
1897 01 17 01 00  56.82   -5.11 1018.0      FORTWILLIAM
1897 01 17 02 00  56.82   -5.11 1018.1      FORTWILLIAM
1897 01 17 03 00  56.82   -5.11 1018.5      FORTWILLIAM
1897 01 17 04 00  56.82   -5.11 1018.6      FORTWILLIAM
1897 01 17 05 00  56.82   -5.11 1018.8      FORTWILLIAM
1897 01 17 06 00  56.82   -5.11 1019.2      FORTWILLIAM
1897 01 17 07 00  56.82   -5.11 1019.6      FORTWILLIAM
1897 01 17 08 00  49.92   -6.30 1014.9           SCILLY
1897 01 17 08 00  56.82   -5.11 1020.0      FORTWILLIAM
1897 01 17 09 00  56.82   -5.11 1020.7      FORTWILLIAM
1897 01 17 10 00  56.82   -5.11 1020.8      FORTWILLIAM
1897 01 17 11 00  56.82   -5.11 1021.0      FORTWILLIAM
1897 01 17 12 00  56.82   -5.11 1020.7      FORTWILLIAM
1897 01 17 13 00  56.82   -5.11 1020.6      FORTWILLIAM
1897 01 17 14 00  49.92   -6.30 1015.2           SCILLY
1897 01 17 14 00  56.82   -5.11 1020.6      FORTWILLIAM
1897 01 17 15 00  56.82   -5.11 1020.7      FORTWILLIAM
1897 01 17 16 00  56.82   -5.11 1020.9      FORTWILLIAM
1897 01 17 17 00  56.82   -5.11 1020.9      FORTWILLIAM
1897 01 17 18 00  49.92   -6.30 1016.6           SCILLY
1897 01 17 18 00  56.82   -5.11 1021.0      FORTWILLIAM
1897 01 17 19 00  56.82   -5.11 1021.0      FORTWILLIAM
1897 01 17 20 00  56.82   -5.11 1020.9      FORTWILLIAM
1897 01 17 21 00  56.82   -5.11 1020.8      FORTWILLIAM
1897 01 17 22 00  56.82   -5.11 1021.0      FORTWILLIAM
1897 01 17 23 00  56.82   -5.11 1020.8      FORTWILLIAM
1897 01 17 24 00  56.82   -5.11 1020.9      FORTWILLIAM
1897 01 18 01 00  56.82   -5.11 1020.8      FORTWILLIAM
1897 01 18 02 00  56.82   -5.11 1020.4      FORTWILLIAM
1897 01 18 03 00  56.82   -5.11 1020.1      FORTWILLIAM
1897 01 18 04 00  56.82   -5.11 1019.8      FORTWILLIAM
1897 01 18 05 00  56.82   -5.11 1019.6      FORTWILLIAM
1897 01 18 06 00  56.82   -5.11 1019.5      FORTWILLIAM
1897 01 18 07 00  56.82   -5.11 1019.6      FORTWILLIAM
1897 01 18 08 00  49.92   -6.30 1017.9           SCILLY
1897 01 18 08 00  56.82   -5.11 1020.0      FORTWILLIAM
1897 01 18 09 00  56.82   -5.11 1020.2      FORTWILLIAM
1897 01 18 10 00  56.82   -5.11 1020.6      FORTWILLIAM
1897 01 18 11 00  56.82   -5.11 1020.7      FORTWILLIAM
1897 01 18 12 00  56.82   -5.11 1020.7      FORTWILLIAM
1897 01 18 13 00  56.82   -5.11 1020.6      FORTWILLIAM
1897 01 18 14 00  49.92   -6.30 1015.9           SCILLY
1897 01 18 14 00  56.82   -5.11 1020.4      FORTWILLIAM
1897 01 18 15 00  56.82   -5.11 1020.4      FORTWILLIAM
1897 01 18 16 00  56.82   -5.11 1020.7      FORTWILLIAM
1897 01 18 17 00  56.82   -5.11 1020.8      FORTWILLIAM
1897 01 18 18 00  49.92   -6.30 1014.2           SCILLY
1897 01 18 18 00  56.82   -5.11 1021.1      FORTWILLIAM
1897 01 18 19 00  56.82   -5.11 1021.6      FORTWILLIAM
1897 01 18 20 00  56.82   -5.11 1022.2      FORTWILLIAM
1897 01 18 21 00  56.82   -5.11 1022.8      FORTWILLIAM
1897 01 18 22 00  56.82   -5.11 1023.3      FORTWILLIAM
1897 01 18 23 00  56.82   -5.11 1023.8      FORTWILLIAM
1897 01 18 24 00  56.82   -5.11 1024.2      FORTWILLIAM
1897 01 19 01 00  56.82   -5.11 1024.5      FORTWILLIAM
1897 01 19 02 00  56.82   -5.11 1024.8      FORTWILLIAM
1897 01 19 03 00  56.82   -5.11 1025.0      FORTWILLIAM
1897 01 19 04 00  56.82   -5.11 1025.3      FORTWILLIAM
1897 01 19 05 00  56.82   -5.11 1025.4      FORTWILLIAM
1897 01 19 06 00  56.82   -5.11 1025.8      FORTWILLIAM
1897 01 19 07 00  56.82   -5.11 1026.1      FORTWILLIAM
1897 01 19 08 00  49.92   -6.30 1015.9           SCILLY
1897 01 19 08 00  56.82   -5.11 1026.6      FORTWILLIAM
1897 01 19 09 00  56.82   -5.11 1027.1      FORTWILLIAM
1897 01 19 10 00  56.82   -5.11 1027.7      FORTWILLIAM
1897 01 19 11 00  56.82   -5.11 1027.7      FORTWILLIAM
1897 01 19 12 00  56.82   -5.11 1027.7      FORTWILLIAM
1897 01 19 13 00  56.82   -5.11 1027.6      FORTWILLIAM
1897 01 19 14 00  49.92   -6.30 1016.6           SCILLY
1897 01 19 14 00  56.82   -5.11 1027.6      FORTWILLIAM
1897 01 19 15 00  56.82   -5.11 1027.9      FORTWILLIAM
1897 01 19 16 00  56.82   -5.11 1028.3      FORTWILLIAM
1897 01 19 17 00  56.82   -5.11 1028.5      FORTWILLIAM
1897 01 19 18 00  49.92   -6.30 1015.6           SCILLY
1897 01 19 18 00  56.82   -5.11 1028.9      FORTWILLIAM
1897 01 19 19 00  56.82   -5.11 1029.1      FORTWILLIAM
1897 01 19 20 00  56.82   -5.11 1029.4      FORTWILLIAM
1897 01 19 21 00  56.82   -5.11 1029.7      FORTWILLIAM
1897 01 19 22 00  56.82   -5.11 1030.2      FORTWILLIAM
1897 01 19 23 00  56.82   -5.11 1030.4      FORTWILLIAM
1897 01 19 24 00  56.82   -5.11 1030.7      FORTWILLIAM
1897 01 20 01 00  56.82   -5.11 1031.0      FORTWILLIAM
1897 01 20 02 00  56.82   -5.11 1030.9      FORTWILLIAM
1897 01 20 03 00  56.82   -5.11 1030.9      FORTWILLIAM
1897 01 20 04 00  56.82   -5.11 1031.0      FORTWILLIAM
1897 01 20 05 00  56.82   -5.11 1031.0      FORTWILLIAM
1897 01 20 06 00  56.82   -5.11 1031.3      FORTWILLIAM
1897 01 20 07 00  56.82   -5.11 1031.4      FORTWILLIAM
1897 01 20 08 00  49.92   -6.30 1012.9           SCILLY
1897 01 20 08 00  56.82   -5.11 1031.4      FORTWILLIAM
1897 01 20 09 00  56.82   -5.11 1031.9      FORTWILLIAM
1897 01 20 10 00  56.82   -5.11 1032.0      FORTWILLIAM
1897 01 20 11 00  56.82   -5.11 1032.1      FORTWILLIAM
1897 01 20 12 00  56.82   -5.11 1031.9      FORTWILLIAM
1897 01 20 13 00  56.82   -5.11 1031.5      FORTWILLIAM
1897 01 20 14 00  49.92   -6.30 1012.5           SCILLY
1897 01 20 14 00  56.82   -5.11 1031.2      FORTWILLIAM
1897 01 20 15 00  56.82   -5.11 1031.3      FORTWILLIAM
1897 01 20 16 00  56.82   -5.11 1031.3      FORTWILLIAM
1897 01 20 17 00  56.82   -5.11 1031.1      FORTWILLIAM
1897 01 20 18 00  49.92   -6.30 1013.5           SCILLY
1897 01 20 18 00  56.82   -5.11 1031.0      FORTWILLIAM
1897 01 20 19 00  56.82   -5.11 1031.0      FORTWILLIAM
1897 01 20 20 00  56.82   -5.11 1030.9      FORTWILLIAM
1897 01 20 21 00  56.82   -5.11 1031.0      FORTWILLIAM
1897 01 20 22 00  56.82   -5.11 1030.3      FORTWILLIAM
1897 01 20 23 00  56.82   -5.11 1029.4      FORTWILLIAM
1897 01 20 24 00  56.82   -5.11 1029.1      FORTWILLIAM
1897 01 21 01 00  56.82   -5.11 1028.5      FORTWILLIAM
1897 01 21 02 00  56.82   -5.11 1027.5      FORTWILLIAM
1897 01 21 03 00  56.82   -5.11 1027.0      FORTWILLIAM
1897 01 21 04 00  56.82   -5.11 1025.9      FORTWILLIAM
1897 01 21 05 00  56.82   -5.11 1024.9      FORTWILLIAM
1897 01 21 06 00  56.82   -5.11 1024.1      FORTWILLIAM
1897 01 21 07 00  56.82   -5.11 1022.9      FORTWILLIAM
1897 01 21 08 00  49.92   -6.30 1012.9           SCILLY
1897 01 21 08 00  56.82   -5.11 1021.8      FORTWILLIAM
1897 01 21 09 00  56.82   -5.11 1021.0      FORTWILLIAM
1897 01 21 10 00  56.82   -5.11 1020.1      FORTWILLIAM
1897 01 21 11 00  56.82   -5.11 1018.6      FORTWILLIAM
1897 01 21 12 00  56.82   -5.11 1016.5      FORTWILLIAM
1897 01 21 13 00  56.82   -5.11 1014.8      FORTWILLIAM
1897 01 21 14 00  49.92   -6.30 1011.5           SCILLY
1897 01 21 14 00  56.82   -5.11 1013.5      FORTWILLIAM
1897 01 21 15 00  56.82   -5.11 1011.9      FORTWILLIAM
1897 01 21 16 00  56.82   -5.11 1010.5      FORTWILLIAM
1897 01 21 17 00  56.82   -5.11 1009.5      FORTWILLIAM
1897 01 21 18 00  49.92   -6.30 1009.8           SCILLY
1897 01 21 18 00  56.82   -5.11 1009.2      FORTWILLIAM
1897 01 21 19 00  56.82   -5.11 1008.9      FORTWILLIAM
1897 01 21 20 00  56.82   -5.11 1008.7      FORTWILLIAM
1897 01 21 21 00  56.82   -5.11 1008.3      FORTWILLIAM
1897 01 21 22 00  56.82   -5.11 1007.9      FORTWILLIAM
1897 01 21 23 00  56.82   -5.11 1008.2      FORTWILLIAM
1897 01 21 24 00  56.82   -5.11 1008.3      FORTWILLIAM
1897 01 22 01 00  56.82   -5.11 1008.7      FORTWILLIAM
1897 01 22 02 00  56.82   -5.11 1008.9      FORTWILLIAM
1897 01 22 03 00  56.82   -5.11 1009.6      FORTWILLIAM
1897 01 22 04 00  56.82   -5.11 1010.3      FORTWILLIAM
1897 01 22 05 00  56.82   -5.11 1010.8      FORTWILLIAM
1897 01 22 06 00  56.82   -5.11 1011.2      FORTWILLIAM
1897 01 22 07 00  56.82   -5.11 1011.6      FORTWILLIAM
1897 01 22 08 00  49.92   -6.30  999.7           SCILLY
1897 01 22 08 00  56.82   -5.11 1011.8      FORTWILLIAM
1897 01 22 09 00  56.82   -5.11 1012.2      FORTWILLIAM
1897 01 22 10 00  56.82   -5.11 1012.7      FORTWILLIAM
1897 01 22 11 00  56.82   -5.11 1012.8      FORTWILLIAM
1897 01 22 12 00  56.82   -5.11 1013.3      FORTWILLIAM
1897 01 22 13 00  56.82   -5.11 1013.5      FORTWILLIAM
1897 01 22 14 00  49.92   -6.30 1001.7           SCILLY
1897 01 22 14 00  56.82   -5.11 1014.3      FORTWILLIAM
1897 01 22 15 00  56.82   -5.11 1015.2      FORTWILLIAM
1897 01 22 16 00  56.82   -5.11 1016.5      FORTWILLIAM
1897 01 22 17 00  56.82   -5.11 1017.1      FORTWILLIAM
1897 01 22 18 00  49.92   -6.30 1000.7           SCILLY
1897 01 22 18 00  56.82   -5.11 1017.9      FORTWILLIAM
1897 01 22 19 00  56.82   -5.11 1018.5      FORTWILLIAM
1897 01 22 20 00  56.82   -5.11 1019.2      FORTWILLIAM
1897 01 22 21 00  56.82   -5.11 1019.4      FORTWILLIAM
1897 01 22 22 00  56.82   -5.11 1019.4      FORTWILLIAM
1897 01 22 23 00  56.82   -5.11 1019.2      FORTWILLIAM
1897 01 22 24 00  56.82   -5.11 1019.0      FORTWILLIAM
1897 01 23 01 00  56.82   -5.11 1018.8      FORTWILLIAM
1897 01 23 02 00  56.82   -5.11 1018.8      FORTWILLIAM
1897 01 23 03 00  56.82   -5.11 1019.0      FORTWILLIAM
1897 01 23 04 00  56.82   -5.11 1019.0      FORTWILLIAM
1897 01 23 05 00  56.82   -5.11 1019.1      FORTWILLIAM
1897 01 23 06 00  56.82   -5.11 1019.7      FORTWILLIAM
1897 01 23 07 00  56.82   -5.11 1020.7      FORTWILLIAM
1897 01 23 08 00  49.92   -6.30 1011.2           SCILLY
1897 01 23 08 00  56.82   -5.11 1021.4      FORTWILLIAM
1897 01 23 09 00  56.82   -5.11 1022.2      FORTWILLIAM
1897 01 23 10 00  56.82   -5.11 1023.1      FORTWILLIAM
1897 01 23 11 00  56.82   -5.11 1022.7      FORTWILLIAM
1897 01 23 12 00  56.82   -5.11 1022.5      FORTWILLIAM
1897 01 23 13 00  56.82   -5.11 1022.1      FORTWILLIAM
1897 01 23 14 00  49.92   -6.30 1012.9           SCILLY
1897 01 23 14 00  56.82   -5.11 1021.8      FORTWILLIAM
1897 01 23 15 00  56.82   -5.11 1021.9      FORTWILLIAM
1897 01 23 16 00  56.82   -5.11 1022.1      FORTWILLIAM
1897 01 23 17 00  56.82   -5.11 1022.1      FORTWILLIAM
1897 01 23 18 00  49.92   -6.30 1014.2           SCILLY
1897 01 23 18 00  56.82   -5.11 1022.1      FORTWILLIAM
1897 01 23 19 00  56.82   -5.11 1021.6      FORTWILLIAM
1897 01 23 20 00  56.82   -5.11 1021.3      FORTWILLIAM
1897 01 23 21 00  56.82   -5.11 1020.5      FORTWILLIAM
1897 01 23 22 00  56.82   -5.11 1019.2      FORTWILLIAM
1897 01 23 23 00  56.82   -5.11 1018.5      FORTWILLIAM
1897 01 23 24 00  56.82   -5.11 1017.6      FORTWILLIAM
1897 01 24 01 00  56.82   -5.11 1016.4      FORTWILLIAM
1897 01 24 02 00  56.82   -5.11 1015.3      FORTWILLIAM
1897 01 24 03 00  56.82   -5.11 1013.9      FORTWILLIAM
1897 01 24 04 00  56.82   -5.11 1012.3      FORTWILLIAM
1897 01 24 05 00  56.82   -5.11 1011.0      FORTWILLIAM
1897 01 24 06 00  56.82   -5.11 1009.4      FORTWILLIAM
1897 01 24 07 00  56.82   -5.11 1008.5      FORTWILLIAM
1897 01 24 08 00  49.92   -6.30 1016.6           SCILLY
1897 01 24 08 00  56.82   -5.11 1007.5      FORTWILLIAM
1897 01 24 09 00  56.82   -5.11 1006.6      FORTWILLIAM
1897 01 24 10 00  56.82   -5.11 1005.6      FORTWILLIAM
1897 01 24 11 00  56.82   -5.11 1005.1      FORTWILLIAM
1897 01 24 12 00  56.82   -5.11 1004.4      FORTWILLIAM
1897 01 24 13 00  56.82   -5.11 1003.3      FORTWILLIAM
1897 01 24 14 00  49.92   -6.30 1014.6           SCILLY
1897 01 24 14 00  56.82   -5.11 1002.6      FORTWILLIAM
1897 01 24 15 00  56.82   -5.11 1002.0      FORTWILLIAM
1897 01 24 16 00  56.82   -5.11 1000.6      FORTWILLIAM
1897 01 24 17 00  56.82   -5.11 1000.1      FORTWILLIAM
1897 01 24 18 00  49.92   -6.30 1013.5           SCILLY
1897 01 24 18 00  56.82   -5.11  999.9      FORTWILLIAM
1897 01 24 19 00  56.82   -5.11  999.9      FORTWILLIAM
1897 01 24 20 00  56.82   -5.11  999.6      FORTWILLIAM
1897 01 24 21 00  56.82   -5.11  999.6      FORTWILLIAM
1897 01 24 22 00  56.82   -5.11 1000.0      FORTWILLIAM
1897 01 24 23 00  56.82   -5.11  998.9      FORTWILLIAM
1897 01 24 24 00  56.82   -5.11  998.9      FORTWILLIAM
1897 01 25 01 00  56.82   -5.11  998.5      FORTWILLIAM
1897 01 25 02 00  56.82   -5.11  997.8      FORTWILLIAM
1897 01 25 03 00  56.82   -5.11  997.2      FORTWILLIAM
1897 01 25 04 00  56.82   -5.11  996.6      FORTWILLIAM
1897 01 25 05 00  56.82   -5.11  996.6      FORTWILLIAM
1897 01 25 06 00  56.82   -5.11  996.5      FORTWILLIAM
1897 01 25 07 00  56.82   -5.11  997.8      FORTWILLIAM
1897 01 25 08 00  49.92   -6.30 1010.8           SCILLY
1897 01 25 08 00  56.82   -5.11  998.2      FORTWILLIAM
1897 01 25 09 00  56.82   -5.11  998.5      FORTWILLIAM
1897 01 25 10 00  56.82   -5.11  999.6      FORTWILLIAM
1897 01 25 11 00  56.82   -5.11  999.9      FORTWILLIAM
1897 01 25 12 00  56.82   -5.11 1000.4      FORTWILLIAM
1897 01 25 13 00  56.82   -5.11 1000.2      FORTWILLIAM
1897 01 25 14 00  49.92   -6.30 1010.8           SCILLY
1897 01 25 14 00  56.82   -5.11 1000.4      FORTWILLIAM
1897 01 25 15 00  56.82   -5.11 1000.4      FORTWILLIAM
1897 01 25 16 00  56.82   -5.11 1000.6      FORTWILLIAM
1897 01 25 17 00  56.82   -5.11 1000.6      FORTWILLIAM
1897 01 25 18 00  49.92   -6.30 1010.8           SCILLY
1897 01 25 18 00  56.82   -5.11 1000.7      FORTWILLIAM
1897 01 25 19 00  56.82   -5.11 1000.3      FORTWILLIAM
1897 01 25 20 00  56.82   -5.11 1000.5      FORTWILLIAM
1897 01 25 21 00  56.82   -5.11 1000.5      FORTWILLIAM
1897 01 25 22 00  56.82   -5.11 1000.7      FORTWILLIAM
1897 01 25 23 00  56.82   -5.11 1000.6      FORTWILLIAM
1897 01 25 24 00  56.82   -5.11 1001.0      FORTWILLIAM
1897 01 26 01 00  56.82   -5.11 1001.4      FORTWILLIAM
1897 01 26 02 00  56.82   -5.11 1001.8      FORTWILLIAM
1897 01 26 03 00  56.82   -5.11 1001.9      FORTWILLIAM
1897 01 26 04 00  56.82   -5.11 1002.3      FORTWILLIAM
1897 01 26 05 00  56.82   -5.11 1002.2      FORTWILLIAM
1897 01 26 06 00  56.82   -5.11 1001.8      FORTWILLIAM
1897 01 26 07 00  56.82   -5.11 1002.5      FORTWILLIAM
1897 01 26 08 00  49.92   -6.30 1013.9           SCILLY
1897 01 26 08 00  56.82   -5.11 1003.3      FORTWILLIAM
1897 01 26 09 00  56.82   -5.11 1003.7      FORTWILLIAM
1897 01 26 10 00  56.82   -5.11 1004.3      FORTWILLIAM
1897 01 26 11 00  56.82   -5.11 1004.4      FORTWILLIAM
1897 01 26 12 00  56.82   -5.11 1004.5      FORTWILLIAM
1897 01 26 13 00  56.82   -5.11 1004.3      FORTWILLIAM
1897 01 26 14 00  49.92   -6.30 1014.6           SCILLY
1897 01 26 14 00  56.82   -5.11 1004.6      FORTWILLIAM
1897 01 26 15 00  56.82   -5.11 1004.5      FORTWILLIAM
1897 01 26 16 00  56.82   -5.11 1005.0      FORTWILLIAM
1897 01 26 17 00  56.82   -5.11 1005.0      FORTWILLIAM
1897 01 26 18 00  49.92   -6.30 1014.2           SCILLY
1897 01 26 18 00  56.82   -5.11 1005.2      FORTWILLIAM
1897 01 26 19 00  56.82   -5.11 1005.4      FORTWILLIAM
1897 01 26 20 00  56.82   -5.11 1005.7      FORTWILLIAM
1897 01 26 21 00  56.82   -5.11 1005.7      FORTWILLIAM
1897 01 26 22 00  56.82   -5.11 1006.1      FORTWILLIAM
1897 01 26 23 00  56.82   -5.11 1006.4      FORTWILLIAM
1897 01 26 24 00  56.82   -5.11 1007.2      FORTWILLIAM
1897 01 27 01 00  56.82   -5.11 1008.1      FORTWILLIAM
1897 01 27 02 00  56.82   -5.11 1009.0      FORTWILLIAM
1897 01 27 03 00  56.82   -5.11 1010.1      FORTWILLIAM
1897 01 27 04 00  56.82   -5.11 1011.1      FORTWILLIAM
1897 01 27 05 00  56.82   -5.11 1012.2      FORTWILLIAM
1897 01 27 06 00  56.82   -5.11 1013.4      FORTWILLIAM
1897 01 27 07 00  56.82   -5.11 1014.8      FORTWILLIAM
1897 01 27 08 00  49.92   -6.30 1015.6           SCILLY
1897 01 27 08 00  56.82   -5.11 1015.4      FORTWILLIAM
1897 01 27 09 00  56.82   -5.11 1016.9      FORTWILLIAM
1897 01 27 10 00  56.82   -5.11 1017.8      FORTWILLIAM
1897 01 27 11 00  56.82   -5.11 1018.2      FORTWILLIAM
1897 01 27 12 00  56.82   -5.11 1018.3      FORTWILLIAM
1897 01 27 13 00  56.82   -5.11 1018.8      FORTWILLIAM
1897 01 27 14 00  49.92   -6.30 1019.6           SCILLY
1897 01 27 14 00  56.82   -5.11 1019.0      FORTWILLIAM
1897 01 27 15 00  56.82   -5.11 1019.5      FORTWILLIAM
1897 01 27 16 00  56.82   -5.11 1020.1      FORTWILLIAM
1897 01 27 17 00  56.82   -5.11 1020.8      FORTWILLIAM
1897 01 27 18 00  49.92   -6.30 1022.4           SCILLY
1897 01 27 18 00  56.82   -5.11 1021.2      FORTWILLIAM
1897 01 27 19 00  56.82   -5.11 1021.8      FORTWILLIAM
1897 01 27 20 00  56.82   -5.11 1021.6      FORTWILLIAM
1897 01 27 21 00  56.82   -5.11 1021.6      FORTWILLIAM
1897 01 27 22 00  56.82   -5.11 1022.2      FORTWILLIAM
1897 01 27 23 00  56.82   -5.11 1021.8      FORTWILLIAM
1897 01 27 24 00  56.82   -5.11 1022.1      FORTWILLIAM
1897 01 28 01 00  56.82   -5.11 1021.7      FORTWILLIAM
1897 01 28 02 00  56.82   -5.11 1021.4      FORTWILLIAM
1897 01 28 03 00  56.82   -5.11 1020.8      FORTWILLIAM
1897 01 28 04 00  56.82   -5.11 1020.7      FORTWILLIAM
1897 01 28 05 00  56.82   -5.11 1020.5      FORTWILLIAM
1897 01 28 06 00  56.82   -5.11 1021.0      FORTWILLIAM
1897 01 28 07 00  56.82   -5.11 1021.1      FORTWILLIAM
1897 01 28 08 00  49.92   -6.30 1026.4           SCILLY
1897 01 28 08 00  56.82   -5.11 1020.9      FORTWILLIAM
1897 01 28 09 00  56.82   -5.11 1020.9      FORTWILLIAM
1897 01 28 10 00  56.82   -5.11 1021.4      FORTWILLIAM
1897 01 28 11 00  56.82   -5.11 1021.5      FORTWILLIAM
1897 01 28 12 00  56.82   -5.11 1021.1      FORTWILLIAM
1897 01 28 13 00  56.82   -5.11 1021.0      FORTWILLIAM
1897 01 28 14 00  49.92   -6.30 1026.4           SCILLY
1897 01 28 14 00  56.82   -5.11 1021.2      FORTWILLIAM
1897 01 28 15 00  56.82   -5.11 1021.0      FORTWILLIAM
1897 01 28 16 00  56.82   -5.11 1020.6      FORTWILLIAM
1897 01 28 17 00  56.82   -5.11 1020.5      FORTWILLIAM
1897 01 28 18 00  49.92   -6.30 1024.7           SCILLY
1897 01 28 18 00  56.82   -5.11 1020.5      FORTWILLIAM
1897 01 28 19 00  56.82   -5.11 1020.0      FORTWILLIAM
1897 01 28 20 00  56.82   -5.11 1019.6      FORTWILLIAM
1897 01 28 21 00  56.82   -5.11 1019.1      FORTWILLIAM
1897 01 28 22 00  56.82   -5.11 1019.2      FORTWILLIAM
1897 01 28 23 00  56.82   -5.11 1018.7      FORTWILLIAM
1897 01 28 24 00  56.82   -5.11 1018.6      FORTWILLIAM
1897 01 29 01 00  56.82   -5.11 1018.1      FORTWILLIAM
1897 01 29 02 00  56.82   -5.11 1017.9      FORTWILLIAM
1897 01 29 03 00  56.82   -5.11 1017.2      FORTWILLIAM
1897 01 29 04 00  56.82   -5.11 1016.7      FORTWILLIAM
1897 01 29 05 00  56.82   -5.11 1016.2      FORTWILLIAM
1897 01 29 06 00  56.82   -5.11 1015.9      FORTWILLIAM
1897 01 29 07 00  56.82   -5.11 1015.2      FORTWILLIAM
1897 01 29 08 00  49.92   -6.30 1020.0           SCILLY
1897 01 29 08 00  56.82   -5.11 1014.7      FORTWILLIAM
1897 01 29 09 00  56.82   -5.11 1014.0      FORTWILLIAM
1897 01 29 10 00  56.82   -5.11 1013.2      FORTWILLIAM
1897 01 29 11 00  56.82   -5.11 1012.3      FORTWILLIAM
1897 01 29 12 00  56.82   -5.11 1011.1      FORTWILLIAM
1897 01 29 13 00  56.82   -5.11 1010.1      FORTWILLIAM
1897 01 29 14 00  49.92   -6.30 1016.3           SCILLY
1897 01 29 14 00  56.82   -5.11 1008.7      FORTWILLIAM
1897 01 29 15 00  56.82   -5.11 1007.4      FORTWILLIAM
1897 01 29 16 00  56.82   -5.11 1006.4      FORTWILLIAM
1897 01 29 17 00  56.82   -5.11 1005.4      FORTWILLIAM
1897 01 29 18 00  49.92   -6.30 1010.8           SCILLY
1897 01 29 18 00  56.82   -5.11 1004.3      FORTWILLIAM
1897 01 29 19 00  56.82   -5.11 1002.8      FORTWILLIAM
1897 01 29 20 00  56.82   -5.11 1001.9      FORTWILLIAM
1897 01 29 21 00  56.82   -5.11 1000.8      FORTWILLIAM
1897 01 29 22 00  56.82   -5.11  999.8      FORTWILLIAM
1897 01 29 23 00  56.82   -5.11  998.7      FORTWILLIAM
1897 01 29 24 00  56.82   -5.11  997.5      FORTWILLIAM
1897 01 30 01 00  56.82   -5.11  996.6      FORTWILLIAM
1897 01 30 02 00  56.82   -5.11  995.8      FORTWILLIAM
1897 01 30 03 00  56.82   -5.11  995.0      FORTWILLIAM
1897 01 30 04 00  56.82   -5.11  994.3      FORTWILLIAM
1897 01 30 05 00  56.82   -5.11  993.5      FORTWILLIAM
1897 01 30 06 00  56.82   -5.11  993.2      FORTWILLIAM
1897 01 30 07 00  56.82   -5.11  992.8      FORTWILLIAM
1897 01 30 08 00  49.92   -6.30  995.3           SCILLY
1897 01 30 08 00  56.82   -5.11  992.4      FORTWILLIAM
1897 01 30 09 00  56.82   -5.11  992.4      FORTWILLIAM
1897 01 30 10 00  56.82   -5.11  992.3      FORTWILLIAM
1897 01 30 11 00  56.82   -5.11  992.0      FORTWILLIAM
1897 01 30 12 00  56.82   -5.11  992.0      FORTWILLIAM
1897 01 30 13 00  56.82   -5.11  991.3      FORTWILLIAM
1897 01 30 14 00  49.92   -6.30  997.3           SCILLY
1897 01 30 14 00  56.82   -5.11  991.0      FORTWILLIAM
1897 01 30 15 00  56.82   -5.11  990.6      FORTWILLIAM
1897 01 30 16 00  56.82   -5.11  990.5      FORTWILLIAM
1897 01 30 17 00  56.82   -5.11  990.2      FORTWILLIAM
1897 01 30 18 00  49.92   -6.30  997.0           SCILLY
1897 01 30 18 00  56.82   -5.11  990.3      FORTWILLIAM
1897 01 30 19 00  56.82   -5.11  990.4      FORTWILLIAM
1897 01 30 20 00  56.82   -5.11  990.7      FORTWILLIAM
1897 01 30 21 00  56.82   -5.11  991.0      FORTWILLIAM
1897 01 30 22 00  56.82   -5.11  991.4      FORTWILLIAM
1897 01 30 23 00  56.82   -5.11  991.3      FORTWILLIAM
1897 01 30 24 00  56.82   -5.11  991.7      FORTWILLIAM
1897 01 31 01 00  56.82   -5.11  991.5      FORTWILLIAM
1897 01 31 02 00  56.82   -5.11  992.0      FORTWILLIAM
1897 01 31 03 00  56.82   -5.11  992.1      FORTWILLIAM
1897 01 31 04 00  56.82   -5.11  992.3      FORTWILLIAM
1897 01 31 05 00  56.82   -5.11  992.0      FORTWILLIAM
1897 01 31 06 00  56.82   -5.11  991.8      FORTWILLIAM
1897 01 31 07 00  56.82   -5.11  992.0      FORTWILLIAM
1897 01 31 08 00  49.92   -6.30  998.0           SCILLY
1897 01 31 08 00  56.82   -5.11  992.1      FORTWILLIAM
1897 01 31 09 00  56.82   -5.11  992.3      FORTWILLIAM
1897 01 31 10 00  56.82   -5.11  993.1      FORTWILLIAM
1897 01 31 11 00  56.82   -5.11  993.8      FORTWILLIAM
1897 01 31 12 00  56.82   -5.11  994.7      FORTWILLIAM
1897 01 31 13 00  56.82   -5.11  995.0      FORTWILLIAM
1897 01 31 14 00  49.92   -6.30 1000.7           SCILLY
1897 01 31 14 00  56.82   -5.11  995.7      FORTWILLIAM
1897 01 31 15 00  56.82   -5.11  995.8      FORTWILLIAM
1897 01 31 16 00  56.82   -5.11  996.1      FORTWILLIAM
1897 01 31 17 00  56.82   -5.11  996.1      FORTWILLIAM
1897 01 31 18 00  49.92   -6.30  999.3           SCILLY
1897 01 31 18 00  56.82   -5.11  996.7      FORTWILLIAM
1897 01 31 19 00  56.82   -5.11  996.8      FORTWILLIAM
1897 01 31 20 00  56.82   -5.11  997.3      FORTWILLIAM
1897 01 31 21 00  56.82   -5.11  997.4      FORTWILLIAM
1897 01 31 22 00  56.82   -5.11  997.5      FORTWILLIAM
1897 01 31 23 00  56.82   -5.11  997.0      FORTWILLIAM
1897 01 31 24 00  56.82   -5.11  997.1      FORTWILLIAM
