1885 11 01 08 00  49.92   -6.30 1017.6           SCILLY
1885 11 01 08 00  56.82   -5.11 1011.0      FORTWILLIAM
1885 11 01 09 00  56.82   -5.11 1010.3      FORTWILLIAM
1885 11 01 14 00  49.92   -6.30 1019.6           SCILLY
1885 11 01 14 00  56.82   -5.11 1008.1      FORTWILLIAM
1885 11 01 18 00  49.92   -6.30 1020.3           SCILLY
1885 11 01 18 00  56.82   -5.11 1008.6      FORTWILLIAM
1885 11 01 21 00  56.82   -5.11 1008.1      FORTWILLIAM
1885 11 02 08 00  49.92   -6.30 1022.7           SCILLY
1885 11 02 08 00  56.82   -5.11 1010.4      FORTWILLIAM
1885 11 02 09 00  56.82   -5.11 1010.4      FORTWILLIAM
1885 11 02 14 00  49.92   -6.30 1022.7           SCILLY
1885 11 02 14 00  56.82   -5.11 1008.3      FORTWILLIAM
1885 11 02 18 00  49.92   -6.30 1020.0           SCILLY
1885 11 02 18 00  56.82   -5.11 1005.8      FORTWILLIAM
1885 11 02 21 00  56.82   -5.11 1005.1      FORTWILLIAM
1885 11 03 08 00  49.92   -6.30 1016.9           SCILLY
1885 11 03 08 00  56.82   -5.11 1000.0      FORTWILLIAM
1885 11 03 09 00  56.82   -5.11 1000.0      FORTWILLIAM
1885 11 03 14 00  49.92   -6.30 1014.9           SCILLY
1885 11 03 14 00  56.82   -5.11  998.6      FORTWILLIAM
1885 11 03 18 00  49.92   -6.30 1014.2           SCILLY
1885 11 03 18 00  56.82   -5.11  998.5      FORTWILLIAM
1885 11 03 21 00  56.82   -5.11 1001.6      FORTWILLIAM
1885 11 04 08 00  49.92   -6.30 1015.9           SCILLY
1885 11 04 08 00  56.82   -5.11 1004.2      FORTWILLIAM
1885 11 04 09 00  56.82   -5.11 1004.2      FORTWILLIAM
1885 11 04 14 00  49.92   -6.30 1016.6           SCILLY
1885 11 04 14 00  56.82   -5.11 1001.4      FORTWILLIAM
1885 11 04 18 00  49.92   -6.30 1014.6           SCILLY
1885 11 04 18 00  56.82   -5.11  998.9      FORTWILLIAM
1885 11 04 21 00  56.82   -5.11  998.9      FORTWILLIAM
1885 11 05 08 00  49.92   -6.30 1009.1           SCILLY
1885 11 05 08 00  56.82   -5.11  997.8      FORTWILLIAM
1885 11 05 09 00  56.82   -5.11  998.5      FORTWILLIAM
1885 11 05 14 00  49.92   -6.30 1013.9           SCILLY
1885 11 05 14 00  56.82   -5.11 1003.4      FORTWILLIAM
1885 11 05 18 00  49.92   -6.30 1016.6           SCILLY
1885 11 05 18 00  56.82   -5.11 1007.9      FORTWILLIAM
1885 11 05 21 00  56.82   -5.11 1009.9      FORTWILLIAM
1885 11 06 08 00  49.92   -6.30 1022.7           SCILLY
1885 11 06 08 00  56.82   -5.11 1014.5      FORTWILLIAM
1885 11 06 09 00  56.82   -5.11 1014.6      FORTWILLIAM
1885 11 06 14 00  49.92   -6.30 1024.4           SCILLY
1885 11 06 14 00  56.82   -5.11 1013.6      FORTWILLIAM
1885 11 06 18 00  49.92   -6.30 1024.7           SCILLY
1885 11 06 18 00  56.82   -5.11 1013.8      FORTWILLIAM
1885 11 06 21 00  56.82   -5.11 1014.8      FORTWILLIAM
1885 11 07 08 00  49.92   -6.30 1025.1           SCILLY
1885 11 07 08 00  56.82   -5.11 1016.2      FORTWILLIAM
1885 11 07 09 00  56.82   -5.11 1017.0      FORTWILLIAM
1885 11 07 14 00  49.92   -6.30 1024.0           SCILLY
1885 11 07 14 00  56.82   -5.11 1018.5      FORTWILLIAM
1885 11 07 18 00  49.92   -6.30 1023.7           SCILLY
1885 11 07 18 00  56.82   -5.11 1018.7      FORTWILLIAM
1885 11 07 21 00  56.82   -5.11 1019.1      FORTWILLIAM
1885 11 08 08 00  49.92   -6.30 1023.0           SCILLY
1885 11 08 08 00  56.82   -5.11 1020.6      FORTWILLIAM
1885 11 08 09 00  56.82   -5.11 1020.9      FORTWILLIAM
1885 11 08 14 00  49.92   -6.30 1022.7           SCILLY
1885 11 08 14 00  56.82   -5.11 1021.4      FORTWILLIAM
1885 11 08 18 00  49.92   -6.30 1022.7           SCILLY
1885 11 08 18 00  56.82   -5.11 1022.7      FORTWILLIAM
1885 11 08 21 00  56.82   -5.11 1023.2      FORTWILLIAM
1885 11 09 08 00  49.92   -6.30 1022.7           SCILLY
1885 11 09 08 00  56.82   -5.11 1024.7      FORTWILLIAM
1885 11 09 09 00  56.82   -5.11 1025.5      FORTWILLIAM
1885 11 09 14 00  49.92   -6.30 1023.0           SCILLY
1885 11 09 14 00  56.82   -5.11 1026.1      FORTWILLIAM
1885 11 09 18 00  49.92   -6.30 1022.7           SCILLY
1885 11 09 18 00  56.82   -5.11 1026.7      FORTWILLIAM
1885 11 09 21 00  56.82   -5.11 1027.3      FORTWILLIAM
1885 11 10 08 00  49.92   -6.30 1022.4           SCILLY
1885 11 10 08 00  56.82   -5.11 1027.6      FORTWILLIAM
1885 11 10 09 00  56.82   -5.11 1027.9      FORTWILLIAM
1885 11 10 14 00  49.92   -6.30 1022.0           SCILLY
1885 11 10 14 00  56.82   -5.11 1027.8      FORTWILLIAM
1885 11 10 18 00  49.92   -6.30 1022.0           SCILLY
1885 11 10 18 00  56.82   -5.11 1027.6      FORTWILLIAM
1885 11 10 21 00  56.82   -5.11 1027.5      FORTWILLIAM
1885 11 11 08 00  49.92   -6.30 1020.7           SCILLY
1885 11 11 08 00  56.82   -5.11 1026.6      FORTWILLIAM
1885 11 11 09 00  56.82   -5.11 1026.7      FORTWILLIAM
1885 11 11 14 00  49.92   -6.30 1020.3           SCILLY
1885 11 11 14 00  56.82   -5.11 1026.2      FORTWILLIAM
1885 11 11 18 00  49.92   -6.30 1020.0           SCILLY
1885 11 11 18 00  56.82   -5.11 1025.7      FORTWILLIAM
1885 11 11 21 00  56.82   -5.11 1025.4      FORTWILLIAM
1885 11 12 08 00  49.92   -6.30 1019.6           SCILLY
1885 11 12 08 00  56.82   -5.11 1022.5      FORTWILLIAM
1885 11 12 09 00  56.82   -5.11 1022.3      FORTWILLIAM
1885 11 12 14 00  49.92   -6.30 1018.3           SCILLY
1885 11 12 14 00  56.82   -5.11 1018.8      FORTWILLIAM
1885 11 12 18 00  49.92   -6.30 1016.9           SCILLY
1885 11 12 18 00  56.82   -5.11 1016.5      FORTWILLIAM
1885 11 12 21 00  56.82   -5.11 1013.8      FORTWILLIAM
1885 11 13 08 00  49.92   -6.30 1015.2           SCILLY
1885 11 13 08 00  56.82   -5.11 1005.9      FORTWILLIAM
1885 11 13 09 00  56.82   -5.11 1004.5      FORTWILLIAM
1885 11 13 14 00  49.92   -6.30 1013.2           SCILLY
1885 11 13 14 00  56.82   -5.11 1002.9      FORTWILLIAM
1885 11 13 18 00  49.92   -6.30 1012.5           SCILLY
1885 11 13 18 00  56.82   -5.11 1001.8      FORTWILLIAM
1885 11 13 21 00  56.82   -5.11 1002.5      FORTWILLIAM
1885 11 14 08 00  49.92   -6.30 1008.8           SCILLY
1885 11 14 08 00  56.82   -5.11 1006.3      FORTWILLIAM
1885 11 14 09 00  56.82   -5.11 1006.4      FORTWILLIAM
1885 11 14 14 00  49.92   -6.30 1007.8           SCILLY
1885 11 14 14 00  56.82   -5.11 1008.6      FORTWILLIAM
1885 11 14 18 00  49.92   -6.30 1008.5           SCILLY
1885 11 14 18 00  56.82   -5.11 1011.3      FORTWILLIAM
1885 11 14 21 00  56.82   -5.11 1014.0      FORTWILLIAM
1885 11 15 08 00  49.92   -6.30 1016.3           SCILLY
1885 11 15 08 00  56.82   -5.11 1023.3      FORTWILLIAM
1885 11 15 09 00  56.82   -5.11 1023.5      FORTWILLIAM
1885 11 15 14 00  49.92   -6.30 1017.9           SCILLY
1885 11 15 14 00  56.82   -5.11 1025.3      FORTWILLIAM
1885 11 15 18 00  49.92   -6.30 1017.9           SCILLY
1885 11 15 18 00  56.82   -5.11 1026.0      FORTWILLIAM
1885 11 15 21 00  56.82   -5.11 1027.7      FORTWILLIAM
1885 11 16 08 00  49.92   -6.30 1019.3           SCILLY
1885 11 16 08 00  56.82   -5.11 1029.5      FORTWILLIAM
1885 11 16 09 00  56.82   -5.11 1029.5      FORTWILLIAM
1885 11 16 14 00  49.92   -6.30 1018.3           SCILLY
1885 11 16 14 00  56.82   -5.11 1028.3      FORTWILLIAM
1885 11 16 18 00  49.92   -6.30 1017.3           SCILLY
1885 11 16 18 00  56.82   -5.11 1028.6      FORTWILLIAM
1885 11 16 21 00  56.82   -5.11 1029.5      FORTWILLIAM
1885 11 17 08 00  49.92   -6.30 1015.9           SCILLY
1885 11 17 08 00  56.82   -5.11 1026.6      FORTWILLIAM
1885 11 17 09 00  56.82   -5.11 1026.6      FORTWILLIAM
1885 11 17 14 00  49.92   -6.30 1011.9           SCILLY
1885 11 17 14 00  56.82   -5.11 1025.7      FORTWILLIAM
1885 11 17 18 00  49.92   -6.30 1010.5           SCILLY
1885 11 17 18 00  56.82   -5.11 1024.6      FORTWILLIAM
1885 11 17 21 00  56.82   -5.11 1024.3      FORTWILLIAM
1885 11 18 08 00  49.92   -6.30 1005.4           SCILLY
1885 11 18 08 00  56.82   -5.11 1021.1      FORTWILLIAM
1885 11 18 09 00  56.82   -5.11 1021.1      FORTWILLIAM
1885 11 18 14 00  49.92   -6.30 1004.4           SCILLY
1885 11 18 14 00  56.82   -5.11 1019.8      FORTWILLIAM
1885 11 18 18 00  49.92   -6.30 1005.1           SCILLY
1885 11 18 18 00  56.82   -5.11 1019.6      FORTWILLIAM
1885 11 18 21 00  56.82   -5.11 1020.3      FORTWILLIAM
1885 11 19 08 00  49.92   -6.30 1006.8           SCILLY
1885 11 19 08 00  56.82   -5.11 1020.4      FORTWILLIAM
1885 11 19 09 00  56.82   -5.11 1020.7      FORTWILLIAM
1885 11 19 14 00  49.92   -6.30 1007.1           SCILLY
1885 11 19 14 00  56.82   -5.11 1020.2      FORTWILLIAM
1885 11 19 18 00  49.92   -6.30 1007.5           SCILLY
1885 11 19 18 00  56.82   -5.11 1019.8      FORTWILLIAM
1885 11 19 21 00  56.82   -5.11 1019.6      FORTWILLIAM
1885 11 20 08 00  49.92   -6.30 1007.1           SCILLY
1885 11 20 08 00  56.82   -5.11 1015.1      FORTWILLIAM
1885 11 20 09 00  56.82   -5.11 1014.4      FORTWILLIAM
1885 11 20 14 00  49.92   -6.30 1005.1           SCILLY
1885 11 20 14 00  56.82   -5.11 1012.1      FORTWILLIAM
1885 11 20 18 00  49.92   -6.30 1003.7           SCILLY
1885 11 20 18 00  56.82   -5.11 1010.7      FORTWILLIAM
1885 11 20 21 00  56.82   -5.11 1009.7      FORTWILLIAM
1885 11 21 08 00  49.92   -6.30  995.6           SCILLY
1885 11 21 08 00  56.82   -5.11 1006.3      FORTWILLIAM
1885 11 21 09 00  56.82   -5.11 1006.3      FORTWILLIAM
1885 11 21 14 00  49.92   -6.30  993.6           SCILLY
1885 11 21 14 00  56.82   -5.11 1004.2      FORTWILLIAM
1885 11 21 18 00  49.92   -6.30  992.2           SCILLY
1885 11 21 18 00  56.82   -5.11 1004.1      FORTWILLIAM
1885 11 21 21 00  56.82   -5.11 1003.8      FORTWILLIAM
1885 11 22 08 00  49.92   -6.30  994.9           SCILLY
1885 11 22 08 00  56.82   -5.11 1001.9      FORTWILLIAM
1885 11 22 09 00  56.82   -5.11 1001.9      FORTWILLIAM
1885 11 22 14 00  49.92   -6.30  994.9           SCILLY
1885 11 22 14 00  56.82   -5.11 1001.1      FORTWILLIAM
1885 11 22 18 00  49.92   -6.30  995.3           SCILLY
1885 11 22 18 00  56.82   -5.11 1001.2      FORTWILLIAM
1885 11 22 21 00  56.82   -5.11 1001.2      FORTWILLIAM
1885 11 23 08 00  49.92   -6.30  997.0           SCILLY
1885 11 23 08 00  56.82   -5.11 1001.2      FORTWILLIAM
1885 11 23 09 00  56.82   -5.11 1001.4      FORTWILLIAM
1885 11 23 14 00  49.92   -6.30  995.9           SCILLY
1885 11 23 14 00  56.82   -5.11 1000.4      FORTWILLIAM
1885 11 23 18 00  49.92   -6.30  995.6           SCILLY
1885 11 23 18 00  56.82   -5.11 1000.6      FORTWILLIAM
1885 11 23 21 00  56.82   -5.11 1001.1      FORTWILLIAM
1885 11 24 08 00  49.92   -6.30  990.9           SCILLY
1885 11 24 08 00  56.82   -5.11 1001.5      FORTWILLIAM
1885 11 24 09 00  56.82   -5.11 1001.5      FORTWILLIAM
1885 11 24 14 00  49.92   -6.30  992.2           SCILLY
1885 11 24 14 00  56.82   -5.11 1002.0      FORTWILLIAM
1885 11 24 18 00  49.92   -6.30  992.6           SCILLY
1885 11 24 18 00  56.82   -5.11 1003.0      FORTWILLIAM
1885 11 24 21 00  56.82   -5.11 1003.0      FORTWILLIAM
1885 11 25 08 00  49.92   -6.30  986.8           SCILLY
1885 11 25 08 00  56.82   -5.11 1000.6      FORTWILLIAM
1885 11 25 09 00  56.82   -5.11 1000.5      FORTWILLIAM
1885 11 25 14 00  49.92   -6.30  987.8           SCILLY
1885 11 25 14 00  56.82   -5.11 1000.4      FORTWILLIAM
1885 11 25 18 00  49.92   -6.30  988.5           SCILLY
1885 11 25 18 00  56.82   -5.11 1001.3      FORTWILLIAM
1885 11 25 21 00  56.82   -5.11 1001.5      FORTWILLIAM
1885 11 26 08 00  49.92   -6.30  985.4           SCILLY
1885 11 26 08 00  56.82   -5.11  994.3      FORTWILLIAM
1885 11 26 09 00  56.82   -5.11  995.5      FORTWILLIAM
1885 11 26 14 00  49.92   -6.30  984.4           SCILLY
1885 11 26 14 00  56.82   -5.11  987.4      FORTWILLIAM
1885 11 26 18 00  49.92   -6.30  983.7           SCILLY
1885 11 26 18 00  56.82   -5.11  984.3      FORTWILLIAM
1885 11 26 21 00  56.82   -5.11  982.3      FORTWILLIAM
1885 11 27 08 00  49.92   -6.30  999.7           SCILLY
1885 11 27 08 00  56.82   -5.11  973.0      FORTWILLIAM
1885 11 27 09 00  56.82   -5.11  974.3      FORTWILLIAM
1885 11 27 14 00  49.92   -6.30 1000.3           SCILLY
1885 11 27 14 00  56.82   -5.11  982.5      FORTWILLIAM
1885 11 27 18 00  49.92   -6.30 1000.3           SCILLY
1885 11 27 18 00  56.82   -5.11  986.1      FORTWILLIAM
1885 11 27 21 00  56.82   -5.11  987.8      FORTWILLIAM
1885 11 28 08 00  49.92   -6.30  992.6           SCILLY
1885 11 28 08 00  56.82   -5.11  982.6      FORTWILLIAM
1885 11 28 09 00  56.82   -5.11  982.7      FORTWILLIAM
1885 11 28 14 00  49.92   -6.30  998.6           SCILLY
1885 11 28 14 00  56.82   -5.11  986.5      FORTWILLIAM
1885 11 28 18 00  49.92   -6.30 1003.4           SCILLY
1885 11 28 18 00  56.82   -5.11  992.7      FORTWILLIAM
1885 11 28 21 00  56.82   -5.11  995.8      FORTWILLIAM
1885 11 29 08 00  49.92   -6.30 1002.7           SCILLY
1885 11 29 08 00  56.82   -5.11  997.3      FORTWILLIAM
1885 11 29 09 00  56.82   -5.11  996.0      FORTWILLIAM
1885 11 29 14 00  49.92   -6.30 1004.7           SCILLY
1885 11 29 14 00  56.82   -5.11  990.8      FORTWILLIAM
1885 11 29 18 00  49.92   -6.30 1006.1           SCILLY
1885 11 29 18 00  56.82   -5.11  990.0      FORTWILLIAM
1885 11 29 21 00  56.82   -5.11  991.3      FORTWILLIAM
1885 11 30 08 00  49.92   -6.30 1008.5           SCILLY
1885 11 30 08 00  56.82   -5.11  998.4      FORTWILLIAM
1885 11 30 09 00  56.82   -5.11  999.0      FORTWILLIAM
1885 11 30 14 00  49.92   -6.30 1012.9           SCILLY
1885 11 30 14 00  56.82   -5.11 1000.8      FORTWILLIAM
1885 11 30 18 00  49.92   -6.30 1015.6           SCILLY
1885 11 30 18 00  56.82   -5.11 1002.7      FORTWILLIAM
1885 11 30 21 00  56.82   -5.11 1003.5      FORTWILLIAM
