1894 11 01 01 00  56.82   -5.11  998.2      FORTWILLIAM
1894 11 01 02 00  56.82   -5.11  999.2      FORTWILLIAM
1894 11 01 03 00  56.82   -5.11  999.2      FORTWILLIAM
1894 11 01 04 00  56.82   -5.11  998.8      FORTWILLIAM
1894 11 01 05 00  56.82   -5.11  998.9      FORTWILLIAM
1894 11 01 06 00  56.82   -5.11  999.2      FORTWILLIAM
1894 11 01 07 00  56.82   -5.11  999.7      FORTWILLIAM
1894 11 01 08 00  49.92   -6.30 1007.1           SCILLY
1894 11 01 08 00  56.82   -5.11 1000.2      FORTWILLIAM
1894 11 01 09 00  56.82   -5.11 1000.2      FORTWILLIAM
1894 11 01 10 00  56.82   -5.11 1000.0      FORTWILLIAM
1894 11 01 11 00  56.82   -5.11  999.7      FORTWILLIAM
1894 11 01 12 00  56.82   -5.11  999.0      FORTWILLIAM
1894 11 01 13 00  56.82   -5.11  998.4      FORTWILLIAM
1894 11 01 14 00  49.92   -6.30 1005.8           SCILLY
1894 11 01 14 00  56.82   -5.11  998.0      FORTWILLIAM
1894 11 01 15 00  56.82   -5.11  997.6      FORTWILLIAM
1894 11 01 16 00  56.82   -5.11  997.6      FORTWILLIAM
1894 11 01 17 00  56.82   -5.11  997.3      FORTWILLIAM
1894 11 01 18 00  49.92   -6.30 1004.4           SCILLY
1894 11 01 18 00  56.82   -5.11  997.3      FORTWILLIAM
1894 11 01 19 00  56.82   -5.11  997.5      FORTWILLIAM
1894 11 01 20 00  56.82   -5.11  997.3      FORTWILLIAM
1894 11 01 21 00  56.82   -5.11  997.3      FORTWILLIAM
1894 11 01 22 00  56.82   -5.11  997.3      FORTWILLIAM
1894 11 01 23 00  56.82   -5.11  996.6      FORTWILLIAM
1894 11 01 24 00  56.82   -5.11  996.5      FORTWILLIAM
1894 11 02 01 00  56.82   -5.11  995.9      FORTWILLIAM
1894 11 02 02 00  56.82   -5.11  995.2      FORTWILLIAM
1894 11 02 03 00  56.82   -5.11  994.3      FORTWILLIAM
1894 11 02 04 00  56.82   -5.11  993.6      FORTWILLIAM
1894 11 02 05 00  56.82   -5.11  993.3      FORTWILLIAM
1894 11 02 06 00  56.82   -5.11  993.3      FORTWILLIAM
1894 11 02 07 00  56.82   -5.11  993.4      FORTWILLIAM
1894 11 02 08 00  49.92   -6.30 1006.1           SCILLY
1894 11 02 08 00  56.82   -5.11  994.1      FORTWILLIAM
1894 11 02 09 00  56.82   -5.11  994.7      FORTWILLIAM
1894 11 02 10 00  56.82   -5.11  995.0      FORTWILLIAM
1894 11 02 11 00  56.82   -5.11  995.9      FORTWILLIAM
1894 11 02 12 00  56.82   -5.11  996.6      FORTWILLIAM
1894 11 02 13 00  56.82   -5.11  997.1      FORTWILLIAM
1894 11 02 14 00  49.92   -6.30 1006.4           SCILLY
1894 11 02 14 00  56.82   -5.11  997.8      FORTWILLIAM
1894 11 02 15 00  56.82   -5.11  998.6      FORTWILLIAM
1894 11 02 16 00  56.82   -5.11  999.4      FORTWILLIAM
1894 11 02 17 00  56.82   -5.11 1000.0      FORTWILLIAM
1894 11 02 18 00  49.92   -6.30 1005.8           SCILLY
1894 11 02 18 00  56.82   -5.11 1000.9      FORTWILLIAM
1894 11 02 19 00  56.82   -5.11 1001.0      FORTWILLIAM
1894 11 02 20 00  56.82   -5.11 1001.2      FORTWILLIAM
1894 11 02 21 00  56.82   -5.11 1001.5      FORTWILLIAM
1894 11 02 22 00  56.82   -5.11 1001.7      FORTWILLIAM
1894 11 02 23 00  56.82   -5.11 1001.8      FORTWILLIAM
1894 11 02 24 00  56.82   -5.11 1001.5      FORTWILLIAM
1894 11 03 01 00  56.82   -5.11 1001.4      FORTWILLIAM
1894 11 03 02 00  56.82   -5.11 1001.0      FORTWILLIAM
1894 11 03 03 00  56.82   -5.11 1000.4      FORTWILLIAM
1894 11 03 04 00  56.82   -5.11  999.8      FORTWILLIAM
1894 11 03 05 00  56.82   -5.11  999.7      FORTWILLIAM
1894 11 03 06 00  56.82   -5.11  999.0      FORTWILLIAM
1894 11 03 07 00  56.82   -5.11  998.4      FORTWILLIAM
1894 11 03 08 00  49.92   -6.30  999.7           SCILLY
1894 11 03 08 00  56.82   -5.11  997.8      FORTWILLIAM
1894 11 03 09 00  56.82   -5.11  996.8      FORTWILLIAM
1894 11 03 10 00  56.82   -5.11  995.5      FORTWILLIAM
1894 11 03 11 00  56.82   -5.11  994.5      FORTWILLIAM
1894 11 03 12 00  56.82   -5.11  994.2      FORTWILLIAM
1894 11 03 13 00  56.82   -5.11  993.5      FORTWILLIAM
1894 11 03 14 00  49.92   -6.30 1000.3           SCILLY
1894 11 03 14 00  56.82   -5.11  993.5      FORTWILLIAM
1894 11 03 15 00  56.82   -5.11  993.2      FORTWILLIAM
1894 11 03 16 00  56.82   -5.11  993.0      FORTWILLIAM
1894 11 03 17 00  56.82   -5.11  993.0      FORTWILLIAM
1894 11 03 18 00  49.92   -6.30 1002.7           SCILLY
1894 11 03 18 00  56.82   -5.11  992.2      FORTWILLIAM
1894 11 03 19 00  56.82   -5.11  991.1      FORTWILLIAM
1894 11 03 20 00  56.82   -5.11  990.5      FORTWILLIAM
1894 11 03 21 00  56.82   -5.11  990.1      FORTWILLIAM
1894 11 03 22 00  56.82   -5.11  990.5      FORTWILLIAM
1894 11 03 23 00  56.82   -5.11  991.1      FORTWILLIAM
1894 11 03 24 00  56.82   -5.11  991.3      FORTWILLIAM
1894 11 04 01 00  56.82   -5.11  991.9      FORTWILLIAM
1894 11 04 02 00  56.82   -5.11  992.3      FORTWILLIAM
1894 11 04 03 00  56.82   -5.11  993.0      FORTWILLIAM
1894 11 04 04 00  56.82   -5.11  993.5      FORTWILLIAM
1894 11 04 05 00  56.82   -5.11  994.4      FORTWILLIAM
1894 11 04 06 00  56.82   -5.11  995.6      FORTWILLIAM
1894 11 04 07 00  56.82   -5.11  996.2      FORTWILLIAM
1894 11 04 08 00  49.92   -6.30 1012.9           SCILLY
1894 11 04 08 00  56.82   -5.11  997.4      FORTWILLIAM
1894 11 04 09 00  56.82   -5.11  998.3      FORTWILLIAM
1894 11 04 10 00  56.82   -5.11  999.3      FORTWILLIAM
1894 11 04 11 00  56.82   -5.11 1000.2      FORTWILLIAM
1894 11 04 12 00  56.82   -5.11 1000.3      FORTWILLIAM
1894 11 04 13 00  56.82   -5.11 1000.6      FORTWILLIAM
1894 11 04 14 00  49.92   -6.30 1013.2           SCILLY
1894 11 04 14 00  56.82   -5.11 1001.2      FORTWILLIAM
1894 11 04 15 00  56.82   -5.11 1001.4      FORTWILLIAM
1894 11 04 16 00  56.82   -5.11 1001.3      FORTWILLIAM
1894 11 04 17 00  56.82   -5.11 1001.5      FORTWILLIAM
1894 11 04 18 00  49.92   -6.30 1012.2           SCILLY
1894 11 04 18 00  56.82   -5.11 1001.2      FORTWILLIAM
1894 11 04 19 00  56.82   -5.11 1000.9      FORTWILLIAM
1894 11 04 20 00  56.82   -5.11 1000.4      FORTWILLIAM
1894 11 04 21 00  56.82   -5.11  999.3      FORTWILLIAM
1894 11 04 22 00  56.82   -5.11  998.4      FORTWILLIAM
1894 11 04 23 00  56.82   -5.11  998.0      FORTWILLIAM
1894 11 04 24 00  56.82   -5.11  997.7      FORTWILLIAM
1894 11 05 01 00  56.82   -5.11  997.8      FORTWILLIAM
1894 11 05 02 00  56.82   -5.11  996.7      FORTWILLIAM
1894 11 05 03 00  56.82   -5.11  996.1      FORTWILLIAM
1894 11 05 04 00  56.82   -5.11  995.5      FORTWILLIAM
1894 11 05 05 00  56.82   -5.11  995.7      FORTWILLIAM
1894 11 05 06 00  56.82   -5.11  995.1      FORTWILLIAM
1894 11 05 07 00  56.82   -5.11  994.7      FORTWILLIAM
1894 11 05 08 00  49.92   -6.30 1012.2           SCILLY
1894 11 05 08 00  56.82   -5.11  995.2      FORTWILLIAM
1894 11 05 09 00  56.82   -5.11  995.3      FORTWILLIAM
1894 11 05 10 00  56.82   -5.11  995.8      FORTWILLIAM
1894 11 05 11 00  56.82   -5.11  998.1      FORTWILLIAM
1894 11 05 12 00  56.82   -5.11  999.7      FORTWILLIAM
1894 11 05 13 00  56.82   -5.11 1000.9      FORTWILLIAM
1894 11 05 14 00  49.92   -6.30 1014.9           SCILLY
1894 11 05 14 00  56.82   -5.11 1002.3      FORTWILLIAM
1894 11 05 15 00  56.82   -5.11 1003.2      FORTWILLIAM
1894 11 05 16 00  56.82   -5.11 1005.1      FORTWILLIAM
1894 11 05 17 00  56.82   -5.11 1005.7      FORTWILLIAM
1894 11 05 18 00  49.92   -6.30 1016.6           SCILLY
1894 11 05 18 00  56.82   -5.11 1006.6      FORTWILLIAM
1894 11 05 19 00  56.82   -5.11 1007.2      FORTWILLIAM
1894 11 05 20 00  56.82   -5.11 1007.2      FORTWILLIAM
1894 11 05 21 00  56.82   -5.11 1007.8      FORTWILLIAM
1894 11 05 22 00  56.82   -5.11 1008.3      FORTWILLIAM
1894 11 05 23 00  56.82   -5.11 1008.4      FORTWILLIAM
1894 11 05 24 00  56.82   -5.11 1008.9      FORTWILLIAM
1894 11 06 01 00  56.82   -5.11 1008.9      FORTWILLIAM
1894 11 06 02 00  56.82   -5.11 1009.1      FORTWILLIAM
1894 11 06 03 00  56.82   -5.11 1009.1      FORTWILLIAM
1894 11 06 04 00  56.82   -5.11 1009.3      FORTWILLIAM
1894 11 06 05 00  56.82   -5.11 1009.4      FORTWILLIAM
1894 11 06 06 00  56.82   -5.11 1009.8      FORTWILLIAM
1894 11 06 07 00  56.82   -5.11 1009.8      FORTWILLIAM
1894 11 06 08 00  49.92   -6.30 1021.0           SCILLY
1894 11 06 08 00  56.82   -5.11 1010.5      FORTWILLIAM
1894 11 06 09 00  56.82   -5.11 1010.6      FORTWILLIAM
1894 11 06 10 00  56.82   -5.11 1010.7      FORTWILLIAM
1894 11 06 11 00  56.82   -5.11 1010.4      FORTWILLIAM
1894 11 06 12 00  56.82   -5.11 1010.2      FORTWILLIAM
1894 11 06 13 00  56.82   -5.11 1009.9      FORTWILLIAM
1894 11 06 14 00  49.92   -6.30 1019.0           SCILLY
1894 11 06 14 00  56.82   -5.11 1009.4      FORTWILLIAM
1894 11 06 15 00  56.82   -5.11 1008.6      FORTWILLIAM
1894 11 06 16 00  56.82   -5.11 1008.9      FORTWILLIAM
1894 11 06 17 00  56.82   -5.11 1008.4      FORTWILLIAM
1894 11 06 18 00  49.92   -6.30 1016.6           SCILLY
1894 11 06 18 00  56.82   -5.11 1007.3      FORTWILLIAM
1894 11 06 19 00  56.82   -5.11 1006.7      FORTWILLIAM
1894 11 06 20 00  56.82   -5.11 1006.2      FORTWILLIAM
1894 11 06 21 00  56.82   -5.11 1005.6      FORTWILLIAM
1894 11 06 22 00  56.82   -5.11 1005.1      FORTWILLIAM
1894 11 06 23 00  56.82   -5.11 1004.0      FORTWILLIAM
1894 11 06 24 00  56.82   -5.11 1003.0      FORTWILLIAM
1894 11 07 01 00  56.82   -5.11 1002.0      FORTWILLIAM
1894 11 07 02 00  56.82   -5.11 1001.7      FORTWILLIAM
1894 11 07 03 00  56.82   -5.11 1000.1      FORTWILLIAM
1894 11 07 04 00  56.82   -5.11  998.9      FORTWILLIAM
1894 11 07 05 00  56.82   -5.11  998.1      FORTWILLIAM
1894 11 07 06 00  56.82   -5.11  997.2      FORTWILLIAM
1894 11 07 07 00  56.82   -5.11  996.6      FORTWILLIAM
1894 11 07 08 00  49.92   -6.30 1006.4           SCILLY
1894 11 07 08 00  56.82   -5.11  995.9      FORTWILLIAM
1894 11 07 09 00  56.82   -5.11  995.3      FORTWILLIAM
1894 11 07 10 00  56.82   -5.11  995.3      FORTWILLIAM
1894 11 07 11 00  56.82   -5.11  994.4      FORTWILLIAM
1894 11 07 12 00  56.82   -5.11  993.2      FORTWILLIAM
1894 11 07 13 00  56.82   -5.11  992.5      FORTWILLIAM
1894 11 07 14 00  49.92   -6.30 1001.0           SCILLY
1894 11 07 14 00  56.82   -5.11  991.9      FORTWILLIAM
1894 11 07 15 00  56.82   -5.11  991.5      FORTWILLIAM
1894 11 07 16 00  56.82   -5.11  991.3      FORTWILLIAM
1894 11 07 17 00  56.82   -5.11  991.2      FORTWILLIAM
1894 11 07 18 00  49.92   -6.30 1001.7           SCILLY
1894 11 07 18 00  56.82   -5.11  991.6      FORTWILLIAM
1894 11 07 19 00  56.82   -5.11  991.3      FORTWILLIAM
1894 11 07 20 00  56.82   -5.11  991.2      FORTWILLIAM
1894 11 07 21 00  56.82   -5.11  990.9      FORTWILLIAM
1894 11 07 22 00  56.82   -5.11  990.8      FORTWILLIAM
1894 11 07 23 00  56.82   -5.11  990.6      FORTWILLIAM
1894 11 07 24 00  56.82   -5.11  990.9      FORTWILLIAM
1894 11 08 01 00  56.82   -5.11  990.5      FORTWILLIAM
1894 11 08 02 00  56.82   -5.11  990.8      FORTWILLIAM
1894 11 08 03 00  56.82   -5.11  991.3      FORTWILLIAM
1894 11 08 04 00  56.82   -5.11  992.0      FORTWILLIAM
1894 11 08 05 00  56.82   -5.11  992.5      FORTWILLIAM
1894 11 08 06 00  56.82   -5.11  992.4      FORTWILLIAM
1894 11 08 07 00  56.82   -5.11  992.5      FORTWILLIAM
1894 11 08 08 00  49.92   -6.30 1008.8           SCILLY
1894 11 08 08 00  56.82   -5.11  992.8      FORTWILLIAM
1894 11 08 09 00  56.82   -5.11  992.9      FORTWILLIAM
1894 11 08 10 00  56.82   -5.11  993.4      FORTWILLIAM
1894 11 08 11 00  56.82   -5.11  993.2      FORTWILLIAM
1894 11 08 12 00  56.82   -5.11  993.1      FORTWILLIAM
1894 11 08 13 00  56.82   -5.11  992.9      FORTWILLIAM
1894 11 08 14 00  49.92   -6.30 1010.5           SCILLY
1894 11 08 14 00  56.82   -5.11  992.4      FORTWILLIAM
1894 11 08 15 00  56.82   -5.11  993.3      FORTWILLIAM
1894 11 08 16 00  56.82   -5.11  993.7      FORTWILLIAM
1894 11 08 17 00  56.82   -5.11  994.8      FORTWILLIAM
1894 11 08 18 00  49.92   -6.30 1010.5           SCILLY
1894 11 08 18 00  56.82   -5.11  995.8      FORTWILLIAM
1894 11 08 19 00  56.82   -5.11  995.9      FORTWILLIAM
1894 11 08 20 00  56.82   -5.11  996.9      FORTWILLIAM
1894 11 08 21 00  56.82   -5.11  997.6      FORTWILLIAM
1894 11 08 22 00  56.82   -5.11  997.8      FORTWILLIAM
1894 11 08 23 00  56.82   -5.11  997.9      FORTWILLIAM
1894 11 08 24 00  56.82   -5.11  998.6      FORTWILLIAM
1894 11 09 01 00  56.82   -5.11  998.6      FORTWILLIAM
1894 11 09 02 00  56.82   -5.11  998.4      FORTWILLIAM
1894 11 09 03 00  56.82   -5.11  998.2      FORTWILLIAM
1894 11 09 04 00  56.82   -5.11  998.0      FORTWILLIAM
1894 11 09 05 00  56.82   -5.11  997.6      FORTWILLIAM
1894 11 09 06 00  56.82   -5.11  997.2      FORTWILLIAM
1894 11 09 07 00  56.82   -5.11  996.7      FORTWILLIAM
1894 11 09 08 00  49.92   -6.30 1004.1           SCILLY
1894 11 09 08 00  56.82   -5.11  995.9      FORTWILLIAM
1894 11 09 09 00  56.82   -5.11  994.0      FORTWILLIAM
1894 11 09 10 00  56.82   -5.11  992.8      FORTWILLIAM
1894 11 09 11 00  56.82   -5.11  991.9      FORTWILLIAM
1894 11 09 12 00  56.82   -5.11  991.3      FORTWILLIAM
1894 11 09 13 00  56.82   -5.11  990.6      FORTWILLIAM
1894 11 09 14 00  49.92   -6.30 1005.4           SCILLY
1894 11 09 14 00  56.82   -5.11  991.0      FORTWILLIAM
1894 11 09 15 00  56.82   -5.11  991.4      FORTWILLIAM
1894 11 09 16 00  56.82   -5.11  991.1      FORTWILLIAM
1894 11 09 17 00  56.82   -5.11  992.7      FORTWILLIAM
1894 11 09 18 00  49.92   -6.30 1005.4           SCILLY
1894 11 09 18 00  56.82   -5.11  993.0      FORTWILLIAM
1894 11 09 19 00  56.82   -5.11  993.3      FORTWILLIAM
1894 11 09 20 00  56.82   -5.11  993.2      FORTWILLIAM
1894 11 09 21 00  56.82   -5.11  992.9      FORTWILLIAM
1894 11 09 22 00  56.82   -5.11  992.2      FORTWILLIAM
1894 11 09 23 00  56.82   -5.11  992.0      FORTWILLIAM
1894 11 09 24 00  56.82   -5.11  991.5      FORTWILLIAM
1894 11 10 01 00  56.82   -5.11  990.4      FORTWILLIAM
1894 11 10 02 00  56.82   -5.11  991.2      FORTWILLIAM
1894 11 10 03 00  56.82   -5.11  990.5      FORTWILLIAM
1894 11 10 04 00  56.82   -5.11  990.5      FORTWILLIAM
1894 11 10 05 00  56.82   -5.11  990.5      FORTWILLIAM
1894 11 10 06 00  56.82   -5.11  990.8      FORTWILLIAM
1894 11 10 07 00  56.82   -5.11  990.7      FORTWILLIAM
1894 11 10 08 00  49.92   -6.30 1005.4           SCILLY
1894 11 10 08 00  56.82   -5.11  990.8      FORTWILLIAM
1894 11 10 09 00  56.82   -5.11  990.6      FORTWILLIAM
1894 11 10 10 00  56.82   -5.11  990.8      FORTWILLIAM
1894 11 10 11 00  56.82   -5.11  990.5      FORTWILLIAM
1894 11 10 12 00  56.82   -5.11  990.0      FORTWILLIAM
1894 11 10 13 00  56.82   -5.11  989.7      FORTWILLIAM
1894 11 10 14 00  49.92   -6.30 1002.4           SCILLY
1894 11 10 14 00  56.82   -5.11  989.5      FORTWILLIAM
1894 11 10 15 00  56.82   -5.11  988.8      FORTWILLIAM
1894 11 10 16 00  56.82   -5.11  988.5      FORTWILLIAM
1894 11 10 17 00  56.82   -5.11  988.3      FORTWILLIAM
1894 11 10 18 00  49.92   -6.30 1001.0           SCILLY
1894 11 10 18 00  56.82   -5.11  988.1      FORTWILLIAM
1894 11 10 19 00  56.82   -5.11  987.9      FORTWILLIAM
1894 11 10 20 00  56.82   -5.11  987.7      FORTWILLIAM
1894 11 10 21 00  56.82   -5.11  987.4      FORTWILLIAM
1894 11 10 22 00  56.82   -5.11  987.2      FORTWILLIAM
1894 11 10 23 00  56.82   -5.11  987.1      FORTWILLIAM
1894 11 10 24 00  56.82   -5.11  986.9      FORTWILLIAM
1894 11 11 01 00  56.82   -5.11  986.7      FORTWILLIAM
1894 11 11 02 00  56.82   -5.11  986.7      FORTWILLIAM
1894 11 11 03 00  56.82   -5.11  986.4      FORTWILLIAM
1894 11 11 04 00  56.82   -5.11  986.4      FORTWILLIAM
1894 11 11 05 00  56.82   -5.11  986.4      FORTWILLIAM
1894 11 11 06 00  56.82   -5.11  986.4      FORTWILLIAM
1894 11 11 07 00  56.82   -5.11  986.4      FORTWILLIAM
1894 11 11 08 00  49.92   -6.30 1002.0           SCILLY
1894 11 11 08 00  56.82   -5.11  986.4      FORTWILLIAM
1894 11 11 09 00  56.82   -5.11  986.6      FORTWILLIAM
1894 11 11 10 00  56.82   -5.11  986.4      FORTWILLIAM
1894 11 11 11 00  56.82   -5.11  985.9      FORTWILLIAM
1894 11 11 12 00  56.82   -5.11  985.4      FORTWILLIAM
1894 11 11 13 00  56.82   -5.11  984.4      FORTWILLIAM
1894 11 11 14 00  49.92   -6.30  999.7           SCILLY
1894 11 11 14 00  56.82   -5.11  984.1      FORTWILLIAM
1894 11 11 15 00  56.82   -5.11  983.3      FORTWILLIAM
1894 11 11 16 00  56.82   -5.11  982.5      FORTWILLIAM
1894 11 11 17 00  56.82   -5.11  981.9      FORTWILLIAM
1894 11 11 18 00  49.92   -6.30  992.2           SCILLY
1894 11 11 18 00  56.82   -5.11  982.0      FORTWILLIAM
1894 11 11 19 00  56.82   -5.11  981.5      FORTWILLIAM
1894 11 11 20 00  56.82   -5.11  981.3      FORTWILLIAM
1894 11 11 21 00  56.82   -5.11  981.2      FORTWILLIAM
1894 11 11 22 00  56.82   -5.11  980.9      FORTWILLIAM
1894 11 11 23 00  56.82   -5.11  980.4      FORTWILLIAM
1894 11 11 24 00  56.82   -5.11  980.2      FORTWILLIAM
1894 11 12 01 00  56.82   -5.11  980.2      FORTWILLIAM
1894 11 12 02 00  56.82   -5.11  979.4      FORTWILLIAM
1894 11 12 03 00  56.82   -5.11  979.2      FORTWILLIAM
1894 11 12 04 00  56.82   -5.11  979.1      FORTWILLIAM
1894 11 12 05 00  56.82   -5.11  979.1      FORTWILLIAM
1894 11 12 06 00  56.82   -5.11  979.4      FORTWILLIAM
1894 11 12 07 00  56.82   -5.11  980.2      FORTWILLIAM
1894 11 12 08 00  49.92   -6.30  976.6           SCILLY
1894 11 12 08 00  56.82   -5.11  981.3      FORTWILLIAM
1894 11 12 09 00  56.82   -5.11  982.4      FORTWILLIAM
1894 11 12 10 00  56.82   -5.11  983.4      FORTWILLIAM
1894 11 12 11 00  56.82   -5.11  984.3      FORTWILLIAM
1894 11 12 12 00  56.82   -5.11  984.9      FORTWILLIAM
1894 11 12 13 00  56.82   -5.11  985.3      FORTWILLIAM
1894 11 12 14 00  49.92   -6.30  980.7           SCILLY
1894 11 12 14 00  56.82   -5.11  986.1      FORTWILLIAM
1894 11 12 15 00  56.82   -5.11  986.8      FORTWILLIAM
1894 11 12 16 00  56.82   -5.11  987.5      FORTWILLIAM
1894 11 12 17 00  56.82   -5.11  988.3      FORTWILLIAM
1894 11 12 18 00  49.92   -6.30  991.2           SCILLY
1894 11 12 18 00  56.82   -5.11  989.4      FORTWILLIAM
1894 11 12 19 00  56.82   -5.11  990.2      FORTWILLIAM
1894 11 12 20 00  56.82   -5.11  991.4      FORTWILLIAM
1894 11 12 21 00  56.82   -5.11  992.1      FORTWILLIAM
1894 11 12 22 00  56.82   -5.11  992.9      FORTWILLIAM
1894 11 12 23 00  56.82   -5.11  993.4      FORTWILLIAM
1894 11 12 24 00  56.82   -5.11  994.2      FORTWILLIAM
1894 11 13 01 00  56.82   -5.11  995.1      FORTWILLIAM
1894 11 13 02 00  56.82   -5.11  995.7      FORTWILLIAM
1894 11 13 03 00  56.82   -5.11  996.3      FORTWILLIAM
1894 11 13 04 00  56.82   -5.11  997.0      FORTWILLIAM
1894 11 13 05 00  56.82   -5.11  997.5      FORTWILLIAM
1894 11 13 06 00  56.82   -5.11  997.9      FORTWILLIAM
1894 11 13 07 00  56.82   -5.11  998.2      FORTWILLIAM
1894 11 13 08 00  49.92   -6.30 1011.5           SCILLY
1894 11 13 08 00  56.82   -5.11  998.5      FORTWILLIAM
1894 11 13 09 00  56.82   -5.11  998.0      FORTWILLIAM
1894 11 13 10 00  56.82   -5.11  997.6      FORTWILLIAM
1894 11 13 11 00  56.82   -5.11  996.5      FORTWILLIAM
1894 11 13 12 00  56.82   -5.11  995.3      FORTWILLIAM
1894 11 13 13 00  56.82   -5.11  994.3      FORTWILLIAM
1894 11 13 14 00  49.92   -6.30 1009.1           SCILLY
1894 11 13 14 00  56.82   -5.11  992.5      FORTWILLIAM
1894 11 13 15 00  56.82   -5.11  990.6      FORTWILLIAM
1894 11 13 16 00  56.82   -5.11  988.3      FORTWILLIAM
1894 11 13 17 00  56.82   -5.11  985.3      FORTWILLIAM
1894 11 13 18 00  49.92   -6.30 1003.4           SCILLY
1894 11 13 18 00  56.82   -5.11  982.9      FORTWILLIAM
1894 11 13 19 00  56.82   -5.11  980.8      FORTWILLIAM
1894 11 13 20 00  56.82   -5.11  978.2      FORTWILLIAM
1894 11 13 21 00  56.82   -5.11  975.9      FORTWILLIAM
1894 11 13 22 00  56.82   -5.11  975.3      FORTWILLIAM
1894 11 13 23 00  56.82   -5.11  975.0      FORTWILLIAM
1894 11 13 24 00  56.82   -5.11  974.0      FORTWILLIAM
1894 11 14 01 00  56.82   -5.11  973.5      FORTWILLIAM
1894 11 14 02 00  56.82   -5.11  971.8      FORTWILLIAM
1894 11 14 03 00  56.82   -5.11  971.8      FORTWILLIAM
1894 11 14 04 00  56.82   -5.11  972.3      FORTWILLIAM
1894 11 14 05 00  56.82   -5.11  973.1      FORTWILLIAM
1894 11 14 06 00  56.82   -5.11  973.1      FORTWILLIAM
1894 11 14 07 00  56.82   -5.11  973.1      FORTWILLIAM
1894 11 14 08 00  49.92   -6.30  985.1           SCILLY
1894 11 14 08 00  56.82   -5.11  973.6      FORTWILLIAM
1894 11 14 09 00  56.82   -5.11  973.8      FORTWILLIAM
1894 11 14 10 00  56.82   -5.11  974.2      FORTWILLIAM
1894 11 14 11 00  56.82   -5.11  974.4      FORTWILLIAM
1894 11 14 12 00  56.82   -5.11  973.9      FORTWILLIAM
1894 11 14 13 00  56.82   -5.11  973.9      FORTWILLIAM
1894 11 14 14 00  49.92   -6.30  984.1           SCILLY
1894 11 14 14 00  56.82   -5.11  973.9      FORTWILLIAM
1894 11 14 15 00  56.82   -5.11  974.0      FORTWILLIAM
1894 11 14 16 00  56.82   -5.11  974.3      FORTWILLIAM
1894 11 14 17 00  56.82   -5.11  974.3      FORTWILLIAM
1894 11 14 18 00  49.92   -6.30  986.5           SCILLY
1894 11 14 18 00  56.82   -5.11  974.8      FORTWILLIAM
1894 11 14 19 00  56.82   -5.11  974.8      FORTWILLIAM
1894 11 14 20 00  56.82   -5.11  975.3      FORTWILLIAM
1894 11 14 21 00  56.82   -5.11  975.6      FORTWILLIAM
1894 11 14 22 00  56.82   -5.11  976.1      FORTWILLIAM
1894 11 14 23 00  56.82   -5.11  976.3      FORTWILLIAM
1894 11 14 24 00  56.82   -5.11  976.4      FORTWILLIAM
1894 11 15 01 00  56.82   -5.11  976.1      FORTWILLIAM
1894 11 15 02 00  56.82   -5.11  976.7      FORTWILLIAM
1894 11 15 03 00  56.82   -5.11  977.4      FORTWILLIAM
1894 11 15 04 00  56.82   -5.11  977.5      FORTWILLIAM
1894 11 15 05 00  56.82   -5.11  978.4      FORTWILLIAM
1894 11 15 06 00  56.82   -5.11  979.0      FORTWILLIAM
1894 11 15 07 00  56.82   -5.11  979.0      FORTWILLIAM
1894 11 15 08 00  49.92   -6.30  993.2           SCILLY
1894 11 15 08 00  56.82   -5.11  979.9      FORTWILLIAM
1894 11 15 09 00  56.82   -5.11  980.7      FORTWILLIAM
1894 11 15 10 00  56.82   -5.11  981.2      FORTWILLIAM
1894 11 15 11 00  56.82   -5.11  982.8      FORTWILLIAM
1894 11 15 12 00  56.82   -5.11  983.5      FORTWILLIAM
1894 11 15 13 00  56.82   -5.11  983.4      FORTWILLIAM
1894 11 15 14 00  49.92   -6.30  997.0           SCILLY
1894 11 15 14 00  56.82   -5.11  984.1      FORTWILLIAM
1894 11 15 15 00  56.82   -5.11  984.5      FORTWILLIAM
1894 11 15 16 00  56.82   -5.11  984.8      FORTWILLIAM
1894 11 15 17 00  56.82   -5.11  985.6      FORTWILLIAM
1894 11 15 18 00  49.92   -6.30  999.3           SCILLY
1894 11 15 18 00  56.82   -5.11  986.5      FORTWILLIAM
1894 11 15 19 00  56.82   -5.11  987.1      FORTWILLIAM
1894 11 15 20 00  56.82   -5.11  987.5      FORTWILLIAM
1894 11 15 21 00  56.82   -5.11  988.2      FORTWILLIAM
1894 11 15 22 00  56.82   -5.11  988.9      FORTWILLIAM
1894 11 15 23 00  56.82   -5.11  989.6      FORTWILLIAM
1894 11 15 24 00  56.82   -5.11  990.3      FORTWILLIAM
1894 11 16 01 00  56.82   -5.11  991.1      FORTWILLIAM
1894 11 16 02 00  56.82   -5.11  991.6      FORTWILLIAM
1894 11 16 03 00  56.82   -5.11  992.2      FORTWILLIAM
1894 11 16 04 00  56.82   -5.11  993.3      FORTWILLIAM
1894 11 16 05 00  56.82   -5.11  993.8      FORTWILLIAM
1894 11 16 06 00  56.82   -5.11  994.9      FORTWILLIAM
1894 11 16 07 00  56.82   -5.11  995.5      FORTWILLIAM
1894 11 16 08 00  49.92   -6.30 1007.8           SCILLY
1894 11 16 08 00  56.82   -5.11  996.6      FORTWILLIAM
1894 11 16 09 00  56.82   -5.11  997.2      FORTWILLIAM
1894 11 16 10 00  56.82   -5.11  997.6      FORTWILLIAM
1894 11 16 11 00  56.82   -5.11  998.5      FORTWILLIAM
1894 11 16 12 00  56.82   -5.11  999.2      FORTWILLIAM
1894 11 16 13 00  56.82   -5.11  999.9      FORTWILLIAM
1894 11 16 14 00  49.92   -6.30 1010.5           SCILLY
1894 11 16 14 00  56.82   -5.11 1000.7      FORTWILLIAM
1894 11 16 15 00  56.82   -5.11 1001.5      FORTWILLIAM
1894 11 16 16 00  56.82   -5.11 1001.9      FORTWILLIAM
1894 11 16 17 00  56.82   -5.11 1002.6      FORTWILLIAM
1894 11 16 18 00  49.92   -6.30 1011.2           SCILLY
1894 11 16 18 00  56.82   -5.11 1003.1      FORTWILLIAM
1894 11 16 19 00  56.82   -5.11 1003.3      FORTWILLIAM
1894 11 16 20 00  56.82   -5.11 1003.8      FORTWILLIAM
1894 11 16 21 00  56.82   -5.11 1003.8      FORTWILLIAM
1894 11 16 22 00  56.82   -5.11 1003.5      FORTWILLIAM
1894 11 16 23 00  56.82   -5.11 1003.6      FORTWILLIAM
1894 11 16 24 00  56.82   -5.11 1003.2      FORTWILLIAM
1894 11 17 01 00  56.82   -5.11 1003.0      FORTWILLIAM
1894 11 17 02 00  56.82   -5.11 1002.4      FORTWILLIAM
1894 11 17 03 00  56.82   -5.11 1002.1      FORTWILLIAM
1894 11 17 04 00  56.82   -5.11 1001.9      FORTWILLIAM
1894 11 17 05 00  56.82   -5.11 1001.2      FORTWILLIAM
1894 11 17 06 00  56.82   -5.11 1000.9      FORTWILLIAM
1894 11 17 07 00  56.82   -5.11 1000.8      FORTWILLIAM
1894 11 17 08 00  49.92   -6.30 1010.8           SCILLY
1894 11 17 08 00  56.82   -5.11 1001.3      FORTWILLIAM
1894 11 17 09 00  56.82   -5.11 1002.3      FORTWILLIAM
1894 11 17 10 00  56.82   -5.11 1003.0      FORTWILLIAM
1894 11 17 11 00  56.82   -5.11 1003.4      FORTWILLIAM
1894 11 17 12 00  56.82   -5.11 1003.7      FORTWILLIAM
1894 11 17 13 00  56.82   -5.11 1004.3      FORTWILLIAM
1894 11 17 14 00  49.92   -6.30 1012.2           SCILLY
1894 11 17 14 00  56.82   -5.11 1004.6      FORTWILLIAM
1894 11 17 15 00  56.82   -5.11 1005.3      FORTWILLIAM
1894 11 17 16 00  56.82   -5.11 1005.9      FORTWILLIAM
1894 11 17 17 00  56.82   -5.11 1006.5      FORTWILLIAM
1894 11 17 18 00  49.92   -6.30 1010.8           SCILLY
1894 11 17 18 00  56.82   -5.11 1007.3      FORTWILLIAM
1894 11 17 19 00  56.82   -5.11 1007.9      FORTWILLIAM
1894 11 17 20 00  56.82   -5.11 1008.4      FORTWILLIAM
1894 11 17 21 00  56.82   -5.11 1009.1      FORTWILLIAM
1894 11 17 22 00  56.82   -5.11 1009.9      FORTWILLIAM
1894 11 17 23 00  56.82   -5.11 1010.3      FORTWILLIAM
1894 11 17 24 00  56.82   -5.11 1011.0      FORTWILLIAM
1894 11 18 01 00  56.82   -5.11 1011.1      FORTWILLIAM
1894 11 18 02 00  56.82   -5.11 1011.8      FORTWILLIAM
1894 11 18 03 00  56.82   -5.11 1012.1      FORTWILLIAM
1894 11 18 04 00  56.82   -5.11 1012.4      FORTWILLIAM
1894 11 18 05 00  56.82   -5.11 1012.3      FORTWILLIAM
1894 11 18 06 00  56.82   -5.11 1012.3      FORTWILLIAM
1894 11 18 07 00  56.82   -5.11 1012.7      FORTWILLIAM
1894 11 18 08 00  49.92   -6.30 1012.9           SCILLY
1894 11 18 08 00  56.82   -5.11 1013.0      FORTWILLIAM
1894 11 18 09 00  56.82   -5.11 1013.3      FORTWILLIAM
1894 11 18 10 00  56.82   -5.11 1013.3      FORTWILLIAM
1894 11 18 11 00  56.82   -5.11 1013.1      FORTWILLIAM
1894 11 18 12 00  56.82   -5.11 1012.8      FORTWILLIAM
1894 11 18 13 00  56.82   -5.11 1012.5      FORTWILLIAM
1894 11 18 14 00  49.92   -6.30 1015.2           SCILLY
1894 11 18 14 00  56.82   -5.11 1012.1      FORTWILLIAM
1894 11 18 15 00  56.82   -5.11 1011.9      FORTWILLIAM
1894 11 18 16 00  56.82   -5.11 1012.6      FORTWILLIAM
1894 11 18 17 00  56.82   -5.11 1014.0      FORTWILLIAM
1894 11 18 18 00  49.92   -6.30 1012.2           SCILLY
1894 11 18 18 00  56.82   -5.11 1014.7      FORTWILLIAM
1894 11 18 19 00  56.82   -5.11 1015.0      FORTWILLIAM
1894 11 18 20 00  56.82   -5.11 1015.3      FORTWILLIAM
1894 11 18 21 00  56.82   -5.11 1015.6      FORTWILLIAM
1894 11 18 22 00  56.82   -5.11 1015.9      FORTWILLIAM
1894 11 18 23 00  56.82   -5.11 1016.1      FORTWILLIAM
1894 11 18 24 00  56.82   -5.11 1015.9      FORTWILLIAM
1894 11 19 01 00  56.82   -5.11 1016.1      FORTWILLIAM
1894 11 19 02 00  56.82   -5.11 1016.2      FORTWILLIAM
1894 11 19 03 00  56.82   -5.11 1016.0      FORTWILLIAM
1894 11 19 04 00  56.82   -5.11 1016.2      FORTWILLIAM
1894 11 19 05 00  56.82   -5.11 1015.8      FORTWILLIAM
1894 11 19 06 00  56.82   -5.11 1015.7      FORTWILLIAM
1894 11 19 07 00  56.82   -5.11 1016.0      FORTWILLIAM
1894 11 19 08 00  49.92   -6.30 1023.0           SCILLY
1894 11 19 08 00  56.82   -5.11 1016.5      FORTWILLIAM
1894 11 19 09 00  56.82   -5.11 1016.5      FORTWILLIAM
1894 11 19 10 00  56.82   -5.11 1016.5      FORTWILLIAM
1894 11 19 11 00  56.82   -5.11 1016.4      FORTWILLIAM
1894 11 19 12 00  56.82   -5.11 1016.1      FORTWILLIAM
1894 11 19 13 00  56.82   -5.11 1016.0      FORTWILLIAM
1894 11 19 14 00  49.92   -6.30 1023.4           SCILLY
1894 11 19 14 00  56.82   -5.11 1015.4      FORTWILLIAM
1894 11 19 15 00  56.82   -5.11 1014.9      FORTWILLIAM
1894 11 19 16 00  56.82   -5.11 1014.2      FORTWILLIAM
1894 11 19 17 00  56.82   -5.11 1014.0      FORTWILLIAM
1894 11 19 18 00  49.92   -6.30 1022.7           SCILLY
1894 11 19 18 00  56.82   -5.11 1014.0      FORTWILLIAM
1894 11 19 19 00  56.82   -5.11 1013.9      FORTWILLIAM
1894 11 19 20 00  56.82   -5.11 1012.9      FORTWILLIAM
1894 11 19 21 00  56.82   -5.11 1012.6      FORTWILLIAM
1894 11 19 22 00  56.82   -5.11 1012.0      FORTWILLIAM
1894 11 19 23 00  56.82   -5.11 1011.7      FORTWILLIAM
1894 11 19 24 00  56.82   -5.11 1011.5      FORTWILLIAM
1894 11 20 01 00  56.82   -5.11 1010.9      FORTWILLIAM
1894 11 20 02 00  56.82   -5.11 1010.4      FORTWILLIAM
1894 11 20 03 00  56.82   -5.11 1009.8      FORTWILLIAM
1894 11 20 04 00  56.82   -5.11 1008.6      FORTWILLIAM
1894 11 20 05 00  56.82   -5.11 1007.6      FORTWILLIAM
1894 11 20 06 00  56.82   -5.11 1006.4      FORTWILLIAM
1894 11 20 07 00  56.82   -5.11 1004.9      FORTWILLIAM
1894 11 20 08 00  49.92   -6.30 1021.0           SCILLY
1894 11 20 08 00  56.82   -5.11 1004.3      FORTWILLIAM
1894 11 20 09 00  56.82   -5.11 1004.5      FORTWILLIAM
1894 11 20 10 00  56.82   -5.11 1007.5      FORTWILLIAM
1894 11 20 11 00  56.82   -5.11 1007.9      FORTWILLIAM
1894 11 20 12 00  56.82   -5.11 1009.1      FORTWILLIAM
1894 11 20 13 00  56.82   -5.11 1010.3      FORTWILLIAM
1894 11 20 14 00  49.92   -6.30 1021.0           SCILLY
1894 11 20 14 00  56.82   -5.11 1010.8      FORTWILLIAM
1894 11 20 15 00  56.82   -5.11 1011.6      FORTWILLIAM
1894 11 20 16 00  56.82   -5.11 1012.8      FORTWILLIAM
1894 11 20 17 00  56.82   -5.11 1013.5      FORTWILLIAM
1894 11 20 18 00  49.92   -6.30 1023.0           SCILLY
1894 11 20 18 00  56.82   -5.11 1013.8      FORTWILLIAM
1894 11 20 19 00  56.82   -5.11 1014.6      FORTWILLIAM
1894 11 20 20 00  56.82   -5.11 1015.0      FORTWILLIAM
1894 11 20 21 00  56.82   -5.11 1015.2      FORTWILLIAM
1894 11 20 22 00  56.82   -5.11 1015.6      FORTWILLIAM
1894 11 20 23 00  56.82   -5.11 1016.1      FORTWILLIAM
1894 11 20 24 00  56.82   -5.11 1016.3      FORTWILLIAM
1894 11 21 01 00  56.82   -5.11 1017.8      FORTWILLIAM
1894 11 21 02 00  56.82   -5.11 1017.9      FORTWILLIAM
1894 11 21 03 00  56.82   -5.11 1018.2      FORTWILLIAM
1894 11 21 04 00  56.82   -5.11 1018.6      FORTWILLIAM
1894 11 21 05 00  56.82   -5.11 1019.4      FORTWILLIAM
1894 11 21 06 00  56.82   -5.11 1019.7      FORTWILLIAM
1894 11 21 07 00  56.82   -5.11 1020.4      FORTWILLIAM
1894 11 21 08 00  49.92   -6.30 1030.5           SCILLY
1894 11 21 08 00  56.82   -5.11 1020.5      FORTWILLIAM
1894 11 21 09 00  56.82   -5.11 1020.8      FORTWILLIAM
1894 11 21 10 00  56.82   -5.11 1020.2      FORTWILLIAM
1894 11 21 11 00  56.82   -5.11 1019.9      FORTWILLIAM
1894 11 21 12 00  56.82   -5.11 1020.0      FORTWILLIAM
1894 11 21 13 00  56.82   -5.11 1019.2      FORTWILLIAM
1894 11 21 14 00  49.92   -6.30 1029.1           SCILLY
1894 11 21 14 00  56.82   -5.11 1018.5      FORTWILLIAM
1894 11 21 15 00  56.82   -5.11 1017.9      FORTWILLIAM
1894 11 21 16 00  56.82   -5.11 1017.2      FORTWILLIAM
1894 11 21 17 00  56.82   -5.11 1016.6      FORTWILLIAM
1894 11 21 18 00  49.92   -6.30 1028.4           SCILLY
1894 11 21 18 00  56.82   -5.11 1016.1      FORTWILLIAM
1894 11 21 19 00  56.82   -5.11 1015.5      FORTWILLIAM
1894 11 21 20 00  56.82   -5.11 1015.1      FORTWILLIAM
1894 11 21 21 00  56.82   -5.11 1014.9      FORTWILLIAM
1894 11 21 22 00  56.82   -5.11 1014.9      FORTWILLIAM
1894 11 21 23 00  56.82   -5.11 1014.3      FORTWILLIAM
1894 11 21 24 00  56.82   -5.11 1013.9      FORTWILLIAM
1894 11 22 01 00  56.82   -5.11 1013.1      FORTWILLIAM
1894 11 22 02 00  56.82   -5.11 1013.4      FORTWILLIAM
1894 11 22 03 00  56.82   -5.11 1012.9      FORTWILLIAM
1894 11 22 04 00  56.82   -5.11 1012.6      FORTWILLIAM
1894 11 22 05 00  56.82   -5.11 1012.3      FORTWILLIAM
1894 11 22 06 00  56.82   -5.11 1012.5      FORTWILLIAM
1894 11 22 07 00  56.82   -5.11 1012.1      FORTWILLIAM
1894 11 22 08 00  49.92   -6.30 1024.0           SCILLY
1894 11 22 08 00  56.82   -5.11 1012.2      FORTWILLIAM
1894 11 22 09 00  56.82   -5.11 1012.2      FORTWILLIAM
1894 11 22 10 00  56.82   -5.11 1012.1      FORTWILLIAM
1894 11 22 11 00  56.82   -5.11 1011.8      FORTWILLIAM
1894 11 22 12 00  56.82   -5.11 1011.8      FORTWILLIAM
1894 11 22 13 00  56.82   -5.11 1012.2      FORTWILLIAM
1894 11 22 14 00  49.92   -6.30 1024.0           SCILLY
1894 11 22 14 00  56.82   -5.11 1012.6      FORTWILLIAM
1894 11 22 15 00  56.82   -5.11 1013.0      FORTWILLIAM
1894 11 22 16 00  56.82   -5.11 1014.4      FORTWILLIAM
1894 11 22 17 00  56.82   -5.11 1015.2      FORTWILLIAM
1894 11 22 18 00  49.92   -6.30 1023.4           SCILLY
1894 11 22 18 00  56.82   -5.11 1016.3      FORTWILLIAM
1894 11 22 19 00  56.82   -5.11 1017.2      FORTWILLIAM
1894 11 22 20 00  56.82   -5.11 1017.8      FORTWILLIAM
1894 11 22 21 00  56.82   -5.11 1018.4      FORTWILLIAM
1894 11 22 22 00  56.82   -5.11 1018.9      FORTWILLIAM
1894 11 22 23 00  56.82   -5.11 1019.2      FORTWILLIAM
1894 11 22 24 00  56.82   -5.11 1019.6      FORTWILLIAM
1894 11 23 01 00  56.82   -5.11 1019.9      FORTWILLIAM
1894 11 23 02 00  56.82   -5.11 1020.1      FORTWILLIAM
1894 11 23 03 00  56.82   -5.11 1020.2      FORTWILLIAM
1894 11 23 04 00  56.82   -5.11 1020.6      FORTWILLIAM
1894 11 23 05 00  56.82   -5.11 1020.8      FORTWILLIAM
1894 11 23 06 00  56.82   -5.11 1021.3      FORTWILLIAM
1894 11 23 07 00  56.82   -5.11 1021.7      FORTWILLIAM
1894 11 23 08 00  49.92   -6.30 1024.0           SCILLY
1894 11 23 08 00  56.82   -5.11 1022.2      FORTWILLIAM
1894 11 23 09 00  56.82   -5.11 1022.8      FORTWILLIAM
1894 11 23 10 00  56.82   -5.11 1023.2      FORTWILLIAM
1894 11 23 11 00  56.82   -5.11 1023.8      FORTWILLIAM
1894 11 23 12 00  56.82   -5.11 1024.1      FORTWILLIAM
1894 11 23 13 00  56.82   -5.11 1024.3      FORTWILLIAM
1894 11 23 14 00  49.92   -6.30 1024.0           SCILLY
1894 11 23 14 00  56.82   -5.11 1024.7      FORTWILLIAM
1894 11 23 15 00  56.82   -5.11 1025.1      FORTWILLIAM
1894 11 23 16 00  56.82   -5.11 1025.7      FORTWILLIAM
1894 11 23 17 00  56.82   -5.11 1026.7      FORTWILLIAM
1894 11 23 18 00  49.92   -6.30 1024.0           SCILLY
1894 11 23 18 00  56.82   -5.11 1027.3      FORTWILLIAM
1894 11 23 19 00  56.82   -5.11 1027.8      FORTWILLIAM
1894 11 23 20 00  56.82   -5.11 1028.7      FORTWILLIAM
1894 11 23 21 00  56.82   -5.11 1029.2      FORTWILLIAM
1894 11 23 22 00  56.82   -5.11 1029.8      FORTWILLIAM
1894 11 23 23 00  56.82   -5.11 1030.3      FORTWILLIAM
1894 11 23 24 00  56.82   -5.11 1030.9      FORTWILLIAM
1894 11 24 01 00  56.82   -5.11 1031.0      FORTWILLIAM
1894 11 24 02 00  56.82   -5.11 1031.6      FORTWILLIAM
1894 11 24 03 00  56.82   -5.11 1031.6      FORTWILLIAM
1894 11 24 04 00  56.82   -5.11 1031.9      FORTWILLIAM
1894 11 24 05 00  56.82   -5.11 1032.0      FORTWILLIAM
1894 11 24 06 00  56.82   -5.11 1032.5      FORTWILLIAM
1894 11 24 07 00  56.82   -5.11 1032.7      FORTWILLIAM
1894 11 24 08 00  49.92   -6.30 1022.7           SCILLY
1894 11 24 08 00  56.82   -5.11 1033.0      FORTWILLIAM
1894 11 24 09 00  56.82   -5.11 1033.4      FORTWILLIAM
1894 11 24 10 00  56.82   -5.11 1033.5      FORTWILLIAM
1894 11 24 11 00  56.82   -5.11 1033.5      FORTWILLIAM
1894 11 24 12 00  56.82   -5.11 1033.0      FORTWILLIAM
1894 11 24 13 00  56.82   -5.11 1032.3      FORTWILLIAM
1894 11 24 14 00  49.92   -6.30 1020.3           SCILLY
1894 11 24 14 00  56.82   -5.11 1032.0      FORTWILLIAM
1894 11 24 15 00  56.82   -5.11 1031.8      FORTWILLIAM
1894 11 24 16 00  56.82   -5.11 1032.0      FORTWILLIAM
1894 11 24 17 00  56.82   -5.11 1032.1      FORTWILLIAM
1894 11 24 18 00  49.92   -6.30 1019.3           SCILLY
1894 11 24 18 00  56.82   -5.11 1032.2      FORTWILLIAM
1894 11 24 19 00  56.82   -5.11 1032.1      FORTWILLIAM
1894 11 24 20 00  56.82   -5.11 1032.0      FORTWILLIAM
1894 11 24 21 00  56.82   -5.11 1032.1      FORTWILLIAM
1894 11 24 22 00  56.82   -5.11 1032.2      FORTWILLIAM
1894 11 24 23 00  56.82   -5.11 1032.1      FORTWILLIAM
1894 11 24 24 00  56.82   -5.11 1031.9      FORTWILLIAM
1894 11 25 01 00  56.82   -5.11 1031.6      FORTWILLIAM
1894 11 25 02 00  56.82   -5.11 1031.4      FORTWILLIAM
1894 11 25 03 00  56.82   -5.11 1031.4      FORTWILLIAM
1894 11 25 04 00  56.82   -5.11 1031.0      FORTWILLIAM
1894 11 25 05 00  56.82   -5.11 1030.6      FORTWILLIAM
1894 11 25 06 00  56.82   -5.11 1030.4      FORTWILLIAM
1894 11 25 07 00  56.82   -5.11 1030.1      FORTWILLIAM
1894 11 25 08 00  49.92   -6.30 1021.3           SCILLY
1894 11 25 08 00  56.82   -5.11 1030.3      FORTWILLIAM
1894 11 25 09 00  56.82   -5.11 1030.3      FORTWILLIAM
1894 11 25 10 00  56.82   -5.11 1030.3      FORTWILLIAM
1894 11 25 11 00  56.82   -5.11 1030.1      FORTWILLIAM
1894 11 25 12 00  56.82   -5.11 1030.1      FORTWILLIAM
1894 11 25 13 00  56.82   -5.11 1029.6      FORTWILLIAM
1894 11 25 14 00  49.92   -6.30 1021.3           SCILLY
1894 11 25 14 00  56.82   -5.11 1029.3      FORTWILLIAM
1894 11 25 15 00  56.82   -5.11 1029.3      FORTWILLIAM
1894 11 25 16 00  56.82   -5.11 1029.5      FORTWILLIAM
1894 11 25 17 00  56.82   -5.11 1029.8      FORTWILLIAM
1894 11 25 18 00  49.92   -6.30 1021.7           SCILLY
1894 11 25 18 00  56.82   -5.11 1030.0      FORTWILLIAM
1894 11 25 19 00  56.82   -5.11 1030.2      FORTWILLIAM
1894 11 25 20 00  56.82   -5.11 1030.1      FORTWILLIAM
1894 11 25 21 00  56.82   -5.11 1030.1      FORTWILLIAM
1894 11 25 22 00  56.82   -5.11 1030.1      FORTWILLIAM
1894 11 25 23 00  56.82   -5.11 1030.2      FORTWILLIAM
1894 11 25 24 00  56.82   -5.11 1030.1      FORTWILLIAM
1894 11 26 01 00  56.82   -5.11 1030.1      FORTWILLIAM
1894 11 26 02 00  56.82   -5.11 1029.9      FORTWILLIAM
1894 11 26 03 00  56.82   -5.11 1029.9      FORTWILLIAM
1894 11 26 04 00  56.82   -5.11 1029.4      FORTWILLIAM
1894 11 26 05 00  56.82   -5.11 1029.3      FORTWILLIAM
1894 11 26 06 00  56.82   -5.11 1029.5      FORTWILLIAM
1894 11 26 07 00  56.82   -5.11 1030.0      FORTWILLIAM
1894 11 26 08 00  49.92   -6.30 1024.7           SCILLY
1894 11 26 08 00  56.82   -5.11 1030.2      FORTWILLIAM
1894 11 26 09 00  56.82   -5.11 1030.3      FORTWILLIAM
1894 11 26 10 00  56.82   -5.11 1030.5      FORTWILLIAM
1894 11 26 11 00  56.82   -5.11 1030.8      FORTWILLIAM
1894 11 26 12 00  56.82   -5.11 1030.7      FORTWILLIAM
1894 11 26 13 00  56.82   -5.11 1030.6      FORTWILLIAM
1894 11 26 14 00  49.92   -6.30 1026.1           SCILLY
1894 11 26 14 00  56.82   -5.11 1030.4      FORTWILLIAM
1894 11 26 15 00  56.82   -5.11 1030.8      FORTWILLIAM
1894 11 26 16 00  56.82   -5.11 1031.4      FORTWILLIAM
1894 11 26 17 00  56.82   -5.11 1032.0      FORTWILLIAM
1894 11 26 18 00  49.92   -6.30 1026.4           SCILLY
1894 11 26 18 00  56.82   -5.11 1032.2      FORTWILLIAM
1894 11 26 19 00  56.82   -5.11 1032.2      FORTWILLIAM
1894 11 26 20 00  56.82   -5.11 1032.4      FORTWILLIAM
1894 11 26 21 00  56.82   -5.11 1032.8      FORTWILLIAM
1894 11 26 22 00  56.82   -5.11 1032.2      FORTWILLIAM
1894 11 26 23 00  56.82   -5.11 1032.1      FORTWILLIAM
1894 11 26 24 00  56.82   -5.11 1032.1      FORTWILLIAM
1894 11 27 01 00  56.82   -5.11 1032.2      FORTWILLIAM
1894 11 27 02 00  56.82   -5.11 1032.1      FORTWILLIAM
1894 11 27 03 00  56.82   -5.11 1032.1      FORTWILLIAM
1894 11 27 04 00  56.82   -5.11 1031.8      FORTWILLIAM
1894 11 27 05 00  56.82   -5.11 1031.7      FORTWILLIAM
1894 11 27 06 00  56.82   -5.11 1032.1      FORTWILLIAM
1894 11 27 07 00  56.82   -5.11 1031.8      FORTWILLIAM
1894 11 27 08 00  49.92   -6.30 1028.1           SCILLY
1894 11 27 08 00  56.82   -5.11 1031.0      FORTWILLIAM
1894 11 27 09 00  56.82   -5.11 1030.8      FORTWILLIAM
1894 11 27 10 00  56.82   -5.11 1030.9      FORTWILLIAM
1894 11 27 11 00  56.82   -5.11 1030.4      FORTWILLIAM
1894 11 27 12 00  56.82   -5.11 1031.0      FORTWILLIAM
1894 11 27 13 00  56.82   -5.11 1030.3      FORTWILLIAM
1894 11 27 14 00  49.92   -6.30 1028.1           SCILLY
1894 11 27 14 00  56.82   -5.11 1029.0      FORTWILLIAM
1894 11 27 15 00  56.82   -5.11 1028.2      FORTWILLIAM
1894 11 27 16 00  56.82   -5.11 1027.8      FORTWILLIAM
1894 11 27 17 00  56.82   -5.11 1028.0      FORTWILLIAM
1894 11 27 18 00  49.92   -6.30 1028.8           SCILLY
1894 11 27 18 00  56.82   -5.11 1027.6      FORTWILLIAM
1894 11 27 19 00  56.82   -5.11 1027.7      FORTWILLIAM
1894 11 27 20 00  56.82   -5.11 1027.1      FORTWILLIAM
1894 11 27 21 00  56.82   -5.11 1026.7      FORTWILLIAM
1894 11 27 22 00  56.82   -5.11 1026.5      FORTWILLIAM
1894 11 27 23 00  56.82   -5.11 1026.6      FORTWILLIAM
1894 11 27 24 00  56.82   -5.11 1026.3      FORTWILLIAM
1894 11 28 01 00  56.82   -5.11 1026.4      FORTWILLIAM
1894 11 28 02 00  56.82   -5.11 1026.2      FORTWILLIAM
1894 11 28 03 00  56.82   -5.11 1026.1      FORTWILLIAM
1894 11 28 04 00  56.82   -5.11 1025.8      FORTWILLIAM
1894 11 28 05 00  56.82   -5.11 1025.9      FORTWILLIAM
1894 11 28 06 00  56.82   -5.11 1025.5      FORTWILLIAM
1894 11 28 07 00  56.82   -5.11 1025.3      FORTWILLIAM
1894 11 28 08 00  49.92   -6.30 1029.5           SCILLY
1894 11 28 08 00  56.82   -5.11 1025.2      FORTWILLIAM
1894 11 28 09 00  56.82   -5.11 1025.2      FORTWILLIAM
1894 11 28 10 00  56.82   -5.11 1024.9      FORTWILLIAM
1894 11 28 11 00  56.82   -5.11 1024.9      FORTWILLIAM
1894 11 28 12 00  56.82   -5.11 1024.2      FORTWILLIAM
1894 11 28 13 00  56.82   -5.11 1023.3      FORTWILLIAM
1894 11 28 14 00  49.92   -6.30 1029.1           SCILLY
1894 11 28 14 00  56.82   -5.11 1023.2      FORTWILLIAM
1894 11 28 15 00  56.82   -5.11 1022.8      FORTWILLIAM
1894 11 28 16 00  56.82   -5.11 1022.7      FORTWILLIAM
1894 11 28 17 00  56.82   -5.11 1022.3      FORTWILLIAM
1894 11 28 18 00  49.92   -6.30 1028.1           SCILLY
1894 11 28 18 00  56.82   -5.11 1022.3      FORTWILLIAM
1894 11 28 19 00  56.82   -5.11 1022.2      FORTWILLIAM
1894 11 28 20 00  56.82   -5.11 1021.6      FORTWILLIAM
1894 11 28 21 00  56.82   -5.11 1021.3      FORTWILLIAM
1894 11 28 22 00  56.82   -5.11 1021.0      FORTWILLIAM
1894 11 28 23 00  56.82   -5.11 1020.8      FORTWILLIAM
1894 11 28 24 00  56.82   -5.11 1020.7      FORTWILLIAM
1894 11 29 01 00  56.82   -5.11 1020.0      FORTWILLIAM
1894 11 29 02 00  56.82   -5.11 1019.4      FORTWILLIAM
1894 11 29 03 00  56.82   -5.11 1018.8      FORTWILLIAM
1894 11 29 04 00  56.82   -5.11 1018.4      FORTWILLIAM
1894 11 29 05 00  56.82   -5.11 1018.2      FORTWILLIAM
1894 11 29 06 00  56.82   -5.11 1018.6      FORTWILLIAM
1894 11 29 07 00  56.82   -5.11 1019.2      FORTWILLIAM
1894 11 29 08 00  49.92   -6.30 1027.1           SCILLY
1894 11 29 08 00  56.82   -5.11 1020.1      FORTWILLIAM
1894 11 29 09 00  56.82   -5.11 1021.3      FORTWILLIAM
1894 11 29 10 00  56.82   -5.11 1021.8      FORTWILLIAM
1894 11 29 11 00  56.82   -5.11 1023.0      FORTWILLIAM
1894 11 29 12 00  56.82   -5.11 1023.5      FORTWILLIAM
1894 11 29 13 00  56.82   -5.11 1023.7      FORTWILLIAM
1894 11 29 14 00  49.92   -6.30 1027.1           SCILLY
1894 11 29 14 00  56.82   -5.11 1024.2      FORTWILLIAM
1894 11 29 15 00  56.82   -5.11 1025.4      FORTWILLIAM
1894 11 29 16 00  56.82   -5.11 1025.8      FORTWILLIAM
1894 11 29 17 00  56.82   -5.11 1026.5      FORTWILLIAM
1894 11 29 18 00  49.92   -6.30 1026.4           SCILLY
1894 11 29 18 00  56.82   -5.11 1027.4      FORTWILLIAM
1894 11 29 19 00  56.82   -5.11 1028.1      FORTWILLIAM
1894 11 29 20 00  56.82   -5.11 1028.3      FORTWILLIAM
1894 11 29 21 00  56.82   -5.11 1029.2      FORTWILLIAM
1894 11 29 22 00  56.82   -5.11 1029.5      FORTWILLIAM
1894 11 29 23 00  56.82   -5.11 1030.0      FORTWILLIAM
1894 11 29 24 00  56.82   -5.11 1030.8      FORTWILLIAM
1894 11 30 01 00  56.82   -5.11 1030.9      FORTWILLIAM
1894 11 30 02 00  56.82   -5.11 1031.4      FORTWILLIAM
1894 11 30 03 00  56.82   -5.11 1031.4      FORTWILLIAM
1894 11 30 04 00  56.82   -5.11 1031.6      FORTWILLIAM
1894 11 30 05 00  56.82   -5.11 1032.0      FORTWILLIAM
1894 11 30 06 00  56.82   -5.11 1032.4      FORTWILLIAM
1894 11 30 07 00  56.82   -5.11 1032.5      FORTWILLIAM
1894 11 30 08 00  49.92   -6.30 1030.5           SCILLY
1894 11 30 08 00  56.82   -5.11 1033.0      FORTWILLIAM
1894 11 30 09 00  56.82   -5.11 1033.4      FORTWILLIAM
1894 11 30 10 00  56.82   -5.11 1033.7      FORTWILLIAM
1894 11 30 11 00  56.82   -5.11 1033.3      FORTWILLIAM
1894 11 30 12 00  56.82   -5.11 1033.4      FORTWILLIAM
1894 11 30 13 00  56.82   -5.11 1033.2      FORTWILLIAM
1894 11 30 14 00  49.92   -6.30 1031.2           SCILLY
1894 11 30 14 00  56.82   -5.11 1033.5      FORTWILLIAM
1894 11 30 15 00  56.82   -5.11 1033.4      FORTWILLIAM
1894 11 30 16 00  56.82   -5.11 1033.2      FORTWILLIAM
1894 11 30 17 00  56.82   -5.11 1033.1      FORTWILLIAM
1894 11 30 18 00  49.92   -6.30 1031.2           SCILLY
1894 11 30 18 00  56.82   -5.11 1033.3      FORTWILLIAM
1894 11 30 19 00  56.82   -5.11 1033.3      FORTWILLIAM
1894 11 30 20 00  56.82   -5.11 1033.3      FORTWILLIAM
1894 11 30 21 00  56.82   -5.11 1033.2      FORTWILLIAM
1894 11 30 22 00  56.82   -5.11 1032.9      FORTWILLIAM
1894 11 30 23 00  56.82   -5.11 1032.8      FORTWILLIAM
1894 11 30 24 00  56.82   -5.11 1032.7      FORTWILLIAM
