1883 12 01 08 00  49.92   -6.30 1007.1           SCILLY
1883 12 01 08 00  56.82   -5.11 1028.7      FORTWILLIAM
1883 12 01 09 00  56.82   -5.11 1029.1      FORTWILLIAM
1883 12 01 14 00  49.92   -6.30 1012.9           SCILLY
1883 12 01 14 00  56.82   -5.11 1026.4      FORTWILLIAM
1883 12 01 18 00  49.92   -6.30 1017.3           SCILLY
1883 12 01 18 00  56.82   -5.11 1023.6      FORTWILLIAM
1883 12 01 21 00  56.82   -5.11 1023.1      FORTWILLIAM
1883 12 02 08 00  49.92   -6.30 1028.1           SCILLY
1883 12 02 08 00  56.82   -5.11 1021.4      FORTWILLIAM
1883 12 02 09 00  56.82   -5.11 1021.5      FORTWILLIAM
1883 12 02 14 00  49.92   -6.30 1029.8           SCILLY
1883 12 02 14 00  56.82   -5.11 1019.8      FORTWILLIAM
1883 12 02 18 00  49.92   -6.30 1029.5           SCILLY
1883 12 02 18 00  56.82   -5.11 1017.5      FORTWILLIAM
1883 12 02 21 00  56.82   -5.11 1015.4      FORTWILLIAM
1883 12 03 08 00  49.92   -6.30 1031.2           SCILLY
1883 12 03 08 00  56.82   -5.11 1003.4      FORTWILLIAM
1883 12 03 09 00  56.82   -5.11 1003.1      FORTWILLIAM
1883 12 03 14 00  49.92   -6.30 1030.5           SCILLY
1883 12 03 14 00  56.82   -5.11  999.3      FORTWILLIAM
1883 12 03 18 00  49.92   -6.30 1029.5           SCILLY
1883 12 03 18 00  56.82   -5.11 1004.3      FORTWILLIAM
1883 12 03 21 00  56.82   -5.11 1002.4      FORTWILLIAM
1883 12 04 08 00  49.92   -6.30 1028.8           SCILLY
1883 12 04 08 00  56.82   -5.11 1012.7      FORTWILLIAM
1883 12 04 09 00  56.82   -5.11 1012.9      FORTWILLIAM
1883 12 04 14 00  49.92   -6.30 1027.4           SCILLY
1883 12 04 14 00  56.82   -5.11 1016.5      FORTWILLIAM
1883 12 04 18 00  49.92   -6.30 1026.4           SCILLY
1883 12 04 18 00  56.82   -5.11 1019.9      FORTWILLIAM
1883 12 04 21 00  56.82   -5.11 1021.9      FORTWILLIAM
1883 12 05 08 00  49.92   -6.30 1027.8           SCILLY
1883 12 05 08 00  56.82   -5.11 1023.8      FORTWILLIAM
1883 12 05 09 00  56.82   -5.11 1025.6      FORTWILLIAM
1883 12 05 14 00  49.92   -6.30 1028.8           SCILLY
1883 12 05 14 00  56.82   -5.11 1024.6      FORTWILLIAM
1883 12 05 18 00  49.92   -6.30 1029.1           SCILLY
1883 12 05 18 00  56.82   -5.11 1025.1      FORTWILLIAM
1883 12 05 21 00  56.82   -5.11 1025.6      FORTWILLIAM
1883 12 06 08 00  49.92   -6.30 1023.7           SCILLY
1883 12 06 08 00  56.82   -5.11 1030.0      FORTWILLIAM
1883 12 06 09 00  56.82   -5.11 1030.9      FORTWILLIAM
1883 12 06 14 00  49.92   -6.30 1020.3           SCILLY
1883 12 06 14 00  56.82   -5.11 1032.8      FORTWILLIAM
1883 12 06 18 00  49.92   -6.30 1017.6           SCILLY
1883 12 06 18 00  56.82   -5.11 1035.2      FORTWILLIAM
1883 12 06 21 00  56.82   -5.11 1036.2      FORTWILLIAM
1883 12 07 08 00  49.92   -6.30 1010.5           SCILLY
1883 12 07 08 00  56.82   -5.11 1035.9      FORTWILLIAM
1883 12 07 09 00  56.82   -5.11 1036.3      FORTWILLIAM
1883 12 07 14 00  49.92   -6.30 1011.5           SCILLY
1883 12 07 14 00  56.82   -5.11 1034.5      FORTWILLIAM
1883 12 07 18 00  49.92   -6.30 1011.2           SCILLY
1883 12 07 18 00  56.82   -5.11 1033.0      FORTWILLIAM
1883 12 07 21 00  56.82   -5.11 1032.1      FORTWILLIAM
1883 12 08 08 00  49.92   -6.30  997.0           SCILLY
1883 12 08 08 00  56.82   -5.11 1025.7      FORTWILLIAM
1883 12 08 09 00  56.82   -5.11 1025.4      FORTWILLIAM
1883 12 08 14 00  49.92   -6.30  995.3           SCILLY
1883 12 08 14 00  56.82   -5.11 1023.6      FORTWILLIAM
1883 12 08 18 00  49.92   -6.30  992.2           SCILLY
1883 12 08 18 00  56.82   -5.11 1021.7      FORTWILLIAM
1883 12 08 21 00  56.82   -5.11 1020.0      FORTWILLIAM
1883 12 09 08 00  49.92   -6.30  995.3           SCILLY
1883 12 09 08 00  56.82   -5.11 1011.8      FORTWILLIAM
1883 12 09 09 00  56.82   -5.11 1012.9      FORTWILLIAM
1883 12 09 14 00  49.92   -6.30  998.6           SCILLY
1883 12 09 14 00  56.82   -5.11 1013.8      FORTWILLIAM
1883 12 09 18 00  49.92   -6.30 1000.0           SCILLY
1883 12 09 18 00  56.82   -5.11 1013.1      FORTWILLIAM
1883 12 09 21 00  56.82   -5.11 1013.0      FORTWILLIAM
1883 12 10 08 00  49.92   -6.30  981.4           SCILLY
1883 12 10 08 00  56.82   -5.11 1000.5      FORTWILLIAM
1883 12 10 09 00  56.82   -5.11  999.0      FORTWILLIAM
1883 12 10 14 00  49.92   -6.30  989.8           SCILLY
1883 12 10 14 00  56.82   -5.11  993.2      FORTWILLIAM
1883 12 10 18 00  49.92   -6.30  992.2           SCILLY
1883 12 10 18 00  56.82   -5.11  991.3      FORTWILLIAM
1883 12 10 21 00  56.82   -5.11  989.9      FORTWILLIAM
1883 12 11 08 00  49.92   -6.30  997.3           SCILLY
1883 12 11 08 00  56.82   -5.11  995.4      FORTWILLIAM
1883 12 11 09 00  56.82   -5.11  997.0      FORTWILLIAM
1883 12 11 14 00  49.92   -6.30  998.6           SCILLY
1883 12 11 14 00  56.82   -5.11  997.7      FORTWILLIAM
1883 12 11 18 00  49.92   -6.30  999.7           SCILLY
1883 12 11 18 00  56.82   -5.11  988.0      FORTWILLIAM
1883 12 11 21 00  56.82   -5.11  974.4      FORTWILLIAM
1883 12 12 08 00  49.92   -6.30  988.1           SCILLY
1883 12 12 08 00  56.82   -5.11  999.8      FORTWILLIAM
1883 12 12 09 00  56.82   -5.11 1001.2      FORTWILLIAM
1883 12 12 14 00  49.92   -6.30  989.8           SCILLY
1883 12 12 14 00  56.82   -5.11 1006.6      FORTWILLIAM
1883 12 12 18 00  49.92   -6.30  992.9           SCILLY
1883 12 12 18 00  56.82   -5.11 1008.3      FORTWILLIAM
1883 12 12 21 00  56.82   -5.11 1008.0      FORTWILLIAM
1883 12 13 08 00  49.92   -6.30  983.1           SCILLY
1883 12 13 08 00  56.82   -5.11  993.2      FORTWILLIAM
1883 12 13 09 00  56.82   -5.11  992.9      FORTWILLIAM
1883 12 13 14 00  49.92   -6.30  986.5           SCILLY
1883 12 13 14 00  56.82   -5.11  995.0      FORTWILLIAM
1883 12 13 18 00  49.92   -6.30  986.8           SCILLY
1883 12 13 18 00  56.82   -5.11  996.8      FORTWILLIAM
1883 12 13 21 00  56.82   -5.11  996.5      FORTWILLIAM
1883 12 14 08 00  49.92   -6.30 1007.5           SCILLY
1883 12 14 08 00  56.82   -5.11  991.8      FORTWILLIAM
1883 12 14 09 00  56.82   -5.11  991.9      FORTWILLIAM
1883 12 14 14 00  49.92   -6.30 1018.6           SCILLY
1883 12 14 14 00  56.82   -5.11  991.2      FORTWILLIAM
1883 12 14 18 00  49.92   -6.30 1023.0           SCILLY
1883 12 14 18 00  56.82   -5.11  993.9      FORTWILLIAM
1883 12 14 21 00  56.82   -5.11  991.8      FORTWILLIAM
1883 12 15 08 00  49.92   -6.30 1028.8           SCILLY
1883 12 15 08 00  56.82   -5.11  997.5      FORTWILLIAM
1883 12 15 09 00  56.82   -5.11  997.5      FORTWILLIAM
1883 12 15 14 00  49.92   -6.30 1030.5           SCILLY
1883 12 15 14 00  56.82   -5.11  994.7      FORTWILLIAM
1883 12 15 18 00  49.92   -6.30 1030.8           SCILLY
1883 12 15 18 00  56.82   -5.11  995.2      FORTWILLIAM
1883 12 15 21 00  56.82   -5.11  999.3      FORTWILLIAM
1883 12 16 08 00  49.92   -6.30 1031.8           SCILLY
1883 12 16 08 00  56.82   -5.11 1015.5      FORTWILLIAM
1883 12 16 09 00  56.82   -5.11 1016.7      FORTWILLIAM
1883 12 16 14 00  49.92   -6.30 1029.8           SCILLY
1883 12 16 14 00  56.82   -5.11 1023.1      FORTWILLIAM
1883 12 16 18 00  49.92   -6.30 1028.1           SCILLY
1883 12 16 18 00  56.82   -5.11 1029.0      FORTWILLIAM
1883 12 16 21 00  56.82   -5.11 1030.7      FORTWILLIAM
1883 12 17 08 00  49.92   -6.30 1024.7           SCILLY
1883 12 17 08 00  56.82   -5.11 1035.2      FORTWILLIAM
1883 12 17 09 00  56.82   -5.11 1035.7      FORTWILLIAM
1883 12 17 14 00  49.92   -6.30 1022.0           SCILLY
1883 12 17 14 00  56.82   -5.11 1034.9      FORTWILLIAM
1883 12 17 18 00  49.92   -6.30 1018.3           SCILLY
1883 12 17 18 00  56.82   -5.11 1034.5      FORTWILLIAM
1883 12 17 21 00  56.82   -5.11 1032.7      FORTWILLIAM
1883 12 18 08 00  49.92   -6.30 1013.2           SCILLY
1883 12 18 08 00  56.82   -5.11 1025.4      FORTWILLIAM
1883 12 18 09 00  56.82   -5.11 1024.9      FORTWILLIAM
1883 12 18 14 00  49.92   -6.30 1014.2           SCILLY
1883 12 18 14 00  56.82   -5.11 1022.0      FORTWILLIAM
1883 12 18 18 00  49.92   -6.30 1012.9           SCILLY
1883 12 18 18 00  56.82   -5.11 1023.7      FORTWILLIAM
1883 12 18 21 00  56.82   -5.11 1025.0      FORTWILLIAM
1883 12 19 08 00  49.92   -6.30  989.8           SCILLY
1883 12 19 08 00  56.82   -5.11 1023.4      FORTWILLIAM
1883 12 19 09 00  56.82   -5.11 1023.8      FORTWILLIAM
1883 12 19 14 00  49.92   -6.30  987.1           SCILLY
1883 12 19 14 00  56.82   -5.11 1020.5      FORTWILLIAM
1883 12 19 18 00  49.92   -6.30  991.5           SCILLY
1883 12 19 18 00  56.82   -5.11 1016.4      FORTWILLIAM
1883 12 19 21 00  56.82   -5.11 1012.9      FORTWILLIAM
1883 12 20 08 00  49.92   -6.30  978.0           SCILLY
1883 12 20 08 00  56.82   -5.11 1009.1      FORTWILLIAM
1883 12 20 09 00  56.82   -5.11 1008.9      FORTWILLIAM
1883 12 20 14 00  49.92   -6.30  981.7           SCILLY
1883 12 20 14 00  56.82   -5.11 1007.7      FORTWILLIAM
1883 12 20 18 00  49.92   -6.30  987.5           SCILLY
1883 12 20 18 00  56.82   -5.11 1006.8      FORTWILLIAM
1883 12 20 21 00  56.82   -5.11 1006.3      FORTWILLIAM
1883 12 21 08 00  49.92   -6.30 1003.4           SCILLY
1883 12 21 08 00  56.82   -5.11  997.4      FORTWILLIAM
1883 12 21 09 00  56.82   -5.11  997.2      FORTWILLIAM
1883 12 21 14 00  49.92   -6.30 1007.1           SCILLY
1883 12 21 14 00  56.82   -5.11  997.6      FORTWILLIAM
1883 12 21 18 00  49.92   -6.30 1009.8           SCILLY
1883 12 21 18 00  56.82   -5.11  997.3      FORTWILLIAM
1883 12 21 21 00  56.82   -5.11  997.6      FORTWILLIAM
1883 12 22 08 00  49.92   -6.30 1009.1           SCILLY
1883 12 22 08 00  56.82   -5.11  996.8      FORTWILLIAM
1883 12 22 09 00  56.82   -5.11  997.8      FORTWILLIAM
1883 12 22 14 00  49.92   -6.30 1007.1           SCILLY
1883 12 22 14 00  56.82   -5.11  996.0      FORTWILLIAM
1883 12 22 18 00  49.92   -6.30 1011.9           SCILLY
1883 12 22 18 00  56.82   -5.11  997.8      FORTWILLIAM
1883 12 22 21 00  56.82   -5.11  998.6      FORTWILLIAM
1883 12 23 08 00  49.92   -6.30 1021.3           SCILLY
1883 12 23 08 00  56.82   -5.11 1013.1      FORTWILLIAM
1883 12 23 09 00  56.82   -5.11 1015.3      FORTWILLIAM
1883 12 23 14 00  49.92   -6.30 1023.4           SCILLY
1883 12 23 14 00  56.82   -5.11 1021.2      FORTWILLIAM
1883 12 23 18 00  49.92   -6.30 1022.7           SCILLY
1883 12 23 18 00  56.82   -5.11 1021.4      FORTWILLIAM
1883 12 23 21 00  56.82   -5.11 1020.7      FORTWILLIAM
1883 12 24 08 00  49.92   -6.30 1017.3           SCILLY
1883 12 24 08 00  56.82   -5.11 1019.9      FORTWILLIAM
1883 12 24 09 00  56.82   -5.11 1020.4      FORTWILLIAM
1883 12 24 14 00  49.92   -6.30 1013.9           SCILLY
1883 12 24 14 00  56.82   -5.11 1023.2      FORTWILLIAM
1883 12 24 18 00  49.92   -6.30 1011.9           SCILLY
1883 12 24 18 00  56.82   -5.11 1025.0      FORTWILLIAM
1883 12 24 21 00  56.82   -5.11 1026.2      FORTWILLIAM
1883 12 25 08 00  49.92   -6.30 1025.4           SCILLY
1883 12 25 08 00  56.82   -5.11 1030.1      FORTWILLIAM
1883 12 25 09 00  56.82   -5.11 1030.2      FORTWILLIAM
1883 12 25 14 00  49.92   -6.30 1026.8           SCILLY
1883 12 25 14 00  56.82   -5.11 1031.4      FORTWILLIAM
1883 12 25 18 00  49.92   -6.30 1027.4           SCILLY
1883 12 25 18 00  56.82   -5.11 1030.8      FORTWILLIAM
1883 12 25 21 00  56.82   -5.11 1031.4      FORTWILLIAM
1883 12 26 08 00  49.92   -6.30 1029.8           SCILLY
1883 12 26 08 00  56.82   -5.11 1030.7      FORTWILLIAM
1883 12 26 09 00  56.82   -5.11 1030.9      FORTWILLIAM
1883 12 26 14 00  49.92   -6.30 1029.8           SCILLY
1883 12 26 14 00  56.82   -5.11 1030.7      FORTWILLIAM
1883 12 26 18 00  49.92   -6.30 1028.1           SCILLY
1883 12 26 18 00  56.82   -5.11 1030.8      FORTWILLIAM
1883 12 26 21 00  56.82   -5.11 1031.6      FORTWILLIAM
1883 12 27 08 00  49.92   -6.30 1025.1           SCILLY
1883 12 27 08 00  56.82   -5.11 1027.9      FORTWILLIAM
1883 12 27 09 00  56.82   -5.11 1028.1      FORTWILLIAM
1883 12 27 14 00  49.92   -6.30 1026.8           SCILLY
1883 12 27 14 00  56.82   -5.11 1025.0      FORTWILLIAM
1883 12 27 18 00  49.92   -6.30 1026.8           SCILLY
1883 12 27 18 00  56.82   -5.11 1022.8      FORTWILLIAM
1883 12 27 21 00  56.82   -5.11 1022.9      FORTWILLIAM
1883 12 28 08 00  49.92   -6.30 1030.8           SCILLY
1883 12 28 08 00  56.82   -5.11 1020.4      FORTWILLIAM
1883 12 28 09 00  56.82   -5.11 1020.4      FORTWILLIAM
1883 12 28 14 00  49.92   -6.30 1032.8           SCILLY
1883 12 28 14 00  56.82   -5.11 1019.1      FORTWILLIAM
1883 12 28 18 00  49.92   -6.30 1033.5           SCILLY
1883 12 28 18 00  56.82   -5.11 1018.4      FORTWILLIAM
1883 12 28 21 00  56.82   -5.11 1018.4      FORTWILLIAM
1883 12 29 08 00  49.92   -6.30 1036.6           SCILLY
1883 12 29 08 00  56.82   -5.11 1017.1      FORTWILLIAM
1883 12 29 09 00  56.82   -5.11 1017.0      FORTWILLIAM
1883 12 29 14 00  49.92   -6.30 1037.9           SCILLY
1883 12 29 14 00  56.82   -5.11 1016.2      FORTWILLIAM
1883 12 29 18 00  49.92   -6.30 1037.6           SCILLY
1883 12 29 18 00  56.82   -5.11 1016.3      FORTWILLIAM
1883 12 29 21 00  56.82   -5.11 1022.0      FORTWILLIAM
1883 12 30 08 00  49.92   -6.30 1036.2           SCILLY
1883 12 30 08 00  56.82   -5.11 1031.9      FORTWILLIAM
1883 12 30 09 00  56.82   -5.11 1031.7      FORTWILLIAM
1883 12 30 14 00  49.92   -6.30 1035.6           SCILLY
1883 12 30 14 00  56.82   -5.11 1033.3      FORTWILLIAM
1883 12 30 18 00  49.92   -6.30 1035.6           SCILLY
1883 12 30 18 00  56.82   -5.11 1034.7      FORTWILLIAM
1883 12 30 21 00  56.82   -5.11 1035.7      FORTWILLIAM
1883 12 31 08 00  49.92   -6.30 1033.5           SCILLY
1883 12 31 08 00  56.82   -5.11 1036.4      FORTWILLIAM
1883 12 31 09 00  56.82   -5.11 1036.5      FORTWILLIAM
1883 12 31 14 00  49.92   -6.30 1032.5           SCILLY
1883 12 31 14 00  56.82   -5.11 1036.5      FORTWILLIAM
1883 12 31 18 00  49.92   -6.30 1031.2           SCILLY
1883 12 31 18 00  56.82   -5.11 1035.1      FORTWILLIAM
1883 12 31 21 00  56.82   -5.11 1034.8      FORTWILLIAM
