1895 01 01 08 00  49.93   -6.30 1017.9           SCILLY
1895 01 01 14 00  49.93   -6.30 1020.0           SCILLY
1895 01 01 18 00  49.93   -6.30 1021.3           SCILLY
1895 01 02 08 00  49.93   -6.30 1019.3           SCILLY
1895 01 02 14 00  49.93   -6.30 1017.6           SCILLY
1895 01 02 18 00  49.93   -6.30 1014.2           SCILLY
1895 01 03 08 00  49.93   -6.30 1004.1           SCILLY
1895 01 03 14 00  49.93   -6.30 1004.1           SCILLY
1895 01 03 18 00  49.93   -6.30 1005.8           SCILLY
1895 01 04 08 00  49.93   -6.30 1015.2           SCILLY
1895 01 04 14 00  49.93   -6.30 1018.3           SCILLY
1895 01 04 18 00  49.93   -6.30 1019.6           SCILLY
1895 01 05 08 00  49.93   -6.30 1021.3           SCILLY
1895 01 05 14 00  49.93   -6.30 1019.6           SCILLY
1895 01 05 18 00  49.93   -6.30 1017.6           SCILLY
1895 01 06 08 00  49.93   -6.30 1009.1           SCILLY
1895 01 06 14 00  49.93   -6.30 1005.8           SCILLY
1895 01 06 18 00  49.93   -6.30 1005.1           SCILLY
1895 01 07 08 00  49.93   -6.30 1005.1           SCILLY
1895 01 07 14 00  49.93   -6.30 1008.1           SCILLY
1895 01 07 18 00  49.93   -6.30 1009.8           SCILLY
1895 01 08 08 00  49.93   -6.30 1011.9           SCILLY
1895 01 08 14 00  49.93   -6.30 1011.9           SCILLY
1895 01 08 18 00  49.93   -6.30 1011.9           SCILLY
1895 01 09 08 00  49.93   -6.30 1010.8           SCILLY
1895 01 09 14 00  49.93   -6.30 1010.2           SCILLY
1895 01 09 18 00  49.93   -6.30 1010.2           SCILLY
1895 01 10 08 00  49.93   -6.30 1008.5           SCILLY
1895 01 10 14 00  49.93   -6.30 1007.5           SCILLY
1895 01 10 18 00  49.93   -6.30 1007.5           SCILLY
1895 01 11 08 00  49.93   -6.30 1007.1           SCILLY
1895 01 11 14 00  49.93   -6.30 1003.7           SCILLY
1895 01 11 18 00  49.93   -6.30 1000.7           SCILLY
1895 01 12 08 00  49.93   -6.30  985.4           SCILLY
1895 01 12 14 00  49.93   -6.30  980.4           SCILLY
1895 01 13 08 00  49.93   -6.30  974.9           SCILLY
1895 01 13 14 00  49.93   -6.30  974.3           SCILLY
1895 01 13 18 00  49.93   -6.30  972.2           SCILLY
1895 01 14 08 00  49.93   -6.30  973.9           SCILLY
1895 01 14 14 00  49.93   -6.30  975.6           SCILLY
1895 01 14 18 00  49.93   -6.30  976.0           SCILLY
1895 01 15 08 00  49.93   -6.30  975.3           SCILLY
1895 01 15 14 00  49.93   -6.30  971.9           SCILLY
1895 01 15 18 00  49.93   -6.30  972.9           SCILLY
1895 01 16 08 00  49.93   -6.30  977.3           SCILLY
1895 01 16 14 00  49.93   -6.30  978.7           SCILLY
1895 01 16 18 00  49.93   -6.30  979.3           SCILLY
1895 01 17 08 00  49.93   -6.30  989.8           SCILLY
1895 01 17 14 00  49.93   -6.30  995.3           SCILLY
1895 01 17 18 00  49.93   -6.30  998.0           SCILLY
1895 01 18 08 00  49.93   -6.30 1003.7           SCILLY
1895 01 18 14 00  49.93   -6.30 1005.1           SCILLY
1895 01 18 18 00  49.93   -6.30 1003.7           SCILLY
1895 01 19 08 00  49.93   -6.30 1001.0           SCILLY
1895 01 19 14 00  49.93   -6.30  995.9           SCILLY
1895 01 19 18 00  49.93   -6.30  992.9           SCILLY
1895 01 20 08 00  49.93   -6.30  990.9           SCILLY
1895 01 20 14 00  49.93   -6.30  991.5           SCILLY
1895 01 20 18 00  49.93   -6.30  992.2           SCILLY
1895 01 21 08 00  49.93   -6.30 1000.0           SCILLY
1895 01 21 14 00  49.93   -6.30 1004.7           SCILLY
1895 01 21 18 00  49.93   -6.30 1009.8           SCILLY
1895 01 22 08 00  49.93   -6.30 1019.0           SCILLY
1895 01 22 14 00  49.93   -6.30 1017.3           SCILLY
1895 01 22 18 00  49.93   -6.30 1015.6           SCILLY
1895 01 23 08 00  49.93   -6.30 1012.2           SCILLY
1895 01 23 14 00  49.93   -6.30 1012.5           SCILLY
1895 01 23 18 00  49.93   -6.30 1014.9           SCILLY
1895 01 24 08 00  49.93   -6.30 1006.4           SCILLY
1895 01 24 14 00  49.93   -6.30 1004.7           SCILLY
1895 01 24 18 00  49.93   -6.30  999.7           SCILLY
1895 01 25 08 00  49.93   -6.30 1008.1           SCILLY
1895 01 25 14 00  49.93   -6.30 1011.2           SCILLY
1895 01 25 18 00  49.93   -6.30 1011.9           SCILLY
1895 01 26 08 00  49.93   -6.30 1012.5           SCILLY
1895 01 26 14 00  49.93   -6.30 1010.5           SCILLY
1895 01 26 18 00  49.93   -6.30 1008.8           SCILLY
1895 01 27 08 00  49.93   -6.30 1010.8           SCILLY
1895 01 27 14 00  49.93   -6.30 1010.5           SCILLY
1895 01 27 18 00  49.93   -6.30 1012.2           SCILLY
1895 01 28 08 00  49.93   -6.30 1020.3           SCILLY
1895 01 28 14 00  49.93   -6.30 1023.0           SCILLY
1895 01 28 18 00  49.93   -6.30 1025.1           SCILLY
1895 01 29 08 00  49.93   -6.30 1023.4           SCILLY
1895 01 29 14 00  49.93   -6.30 1019.3           SCILLY
1895 01 29 18 00  49.93   -6.30 1017.9           SCILLY
1895 01 30 08 00  49.93   -6.30 1026.8           SCILLY
1895 01 30 14 00  49.93   -6.30 1028.8           SCILLY
1895 01 30 18 00  49.93   -6.30 1030.1           SCILLY
1895 01 31 08 00  49.93   -6.30 1027.8           SCILLY
1895 01 31 14 00  49.93   -6.30 1025.7           SCILLY
1895 01 31 18 00  49.93   -6.30 1022.0           SCILLY
