1881 05 01 08 00  49.92   -6.30 1005.8           SCILLY
1881 05 01 14 00  49.92   -6.30 1003.7           SCILLY
1881 05 01 18 00  49.92   -6.30 1002.0           SCILLY
1881 05 02 08 00  49.92   -6.30 1003.0           SCILLY
1881 05 02 14 00  49.92   -6.30 1006.1           SCILLY
1881 05 02 18 00  49.92   -6.30 1008.1           SCILLY
1881 05 03 08 00  49.92   -6.30 1015.9           SCILLY
1881 05 03 14 00  49.92   -6.30 1016.9           SCILLY
1881 05 03 18 00  49.92   -6.30 1019.0           SCILLY
1881 05 04 08 00  49.92   -6.30 1018.3           SCILLY
1881 05 04 14 00  49.92   -6.30 1020.7           SCILLY
1881 05 04 18 00  49.92   -6.30 1021.3           SCILLY
1881 05 05 08 00  49.92   -6.30 1024.0           SCILLY
1881 05 05 14 00  49.92   -6.30 1024.0           SCILLY
1881 05 05 18 00  49.92   -6.30 1024.0           SCILLY
1881 05 06 08 00  49.92   -6.30 1025.7           SCILLY
1881 05 06 14 00  49.92   -6.30 1028.8           SCILLY
1881 05 06 18 00  49.92   -6.30 1030.8           SCILLY
1881 05 07 08 00  49.92   -6.30 1036.2           SCILLY
1881 05 07 14 00  49.92   -6.30 1037.9           SCILLY
1881 05 07 18 00  49.92   -6.30 1037.9           SCILLY
1881 05 08 08 00  49.92   -6.30 1036.6           SCILLY
1881 05 08 14 00  49.92   -6.30 1036.2           SCILLY
1881 05 08 18 00  49.92   -6.30 1035.9           SCILLY
1881 05 09 08 00  49.92   -6.30 1035.9           SCILLY
1881 05 09 14 00  49.92   -6.30 1036.6           SCILLY
1881 05 09 18 00  49.92   -6.30 1036.2           SCILLY
1881 05 10 08 00  49.92   -6.30 1036.6           SCILLY
1881 05 10 14 00  49.92   -6.30 1037.9           SCILLY
1881 05 10 18 00  49.92   -6.30 1037.6           SCILLY
1881 05 11 08 00  49.92   -6.30 1037.9           SCILLY
1881 05 11 14 00  49.92   -6.30 1037.3           SCILLY
1881 05 11 18 00  49.92   -6.30 1035.6           SCILLY
1881 05 12 08 00  49.92   -6.30 1032.5           SCILLY
1881 05 12 14 00  49.92   -6.30 1030.5           SCILLY
1881 05 12 18 00  49.92   -6.30 1029.1           SCILLY
1881 05 13 08 00  49.92   -6.30 1025.7           SCILLY
1881 05 13 14 00  49.92   -6.30 1024.4           SCILLY
1881 05 13 18 00  49.92   -6.30 1022.7           SCILLY
1881 05 14 08 00  49.92   -6.30 1019.6           SCILLY
1881 05 14 14 00  49.92   -6.30 1018.6           SCILLY
1881 05 14 18 00  49.92   -6.30 1016.9           SCILLY
1881 05 15 08 00  49.92   -6.30 1008.1           SCILLY
1881 05 15 14 00  49.92   -6.30 1006.1           SCILLY
1881 05 15 18 00  49.92   -6.30 1005.8           SCILLY
1881 05 16 08 00  49.92   -6.30 1010.5           SCILLY
1881 05 16 14 00  49.92   -6.30 1015.9           SCILLY
1881 05 16 18 00  49.92   -6.30 1017.6           SCILLY
1881 05 17 08 00  49.92   -6.30 1015.2           SCILLY
1881 05 17 14 00  49.92   -6.30 1012.2           SCILLY
1881 05 17 18 00  49.92   -6.30 1009.8           SCILLY
1881 05 18 08 00  49.92   -6.30 1004.7           SCILLY
1881 05 18 14 00  49.92   -6.30 1004.4           SCILLY
1881 05 18 18 00  49.92   -6.30 1003.7           SCILLY
1881 05 19 08 00  49.92   -6.30 1003.0           SCILLY
1881 05 19 14 00  49.92   -6.30 1006.1           SCILLY
1881 05 19 18 00  49.92   -6.30 1006.8           SCILLY
1881 05 20 08 00  49.92   -6.30 1013.2           SCILLY
1881 05 20 14 00  49.92   -6.30 1016.9           SCILLY
1881 05 20 18 00  49.92   -6.30 1018.3           SCILLY
1881 05 21 08 00  49.92   -6.30 1024.4           SCILLY
1881 05 21 14 00  49.92   -6.30 1026.1           SCILLY
1881 05 21 18 00  49.92   -6.30 1026.4           SCILLY
1881 05 22 08 00  49.92   -6.30 1027.4           SCILLY
1881 05 22 14 00  49.92   -6.30 1026.4           SCILLY
1881 05 22 18 00  49.92   -6.30 1025.4           SCILLY
1881 05 23 08 00  49.92   -6.30 1019.6           SCILLY
1881 05 23 14 00  49.92   -6.30 1017.6           SCILLY
1881 05 23 18 00  49.92   -6.30 1016.6           SCILLY
1881 05 24 08 00  49.92   -6.30 1012.9           SCILLY
1881 05 24 14 00  49.92   -6.30 1011.5           SCILLY
1881 05 24 18 00  49.92   -6.30 1010.5           SCILLY
1881 05 25 08 00  49.92   -6.30 1007.8           SCILLY
1881 05 25 14 00  49.92   -6.30 1007.8           SCILLY
1881 05 25 18 00  49.92   -6.30 1007.8           SCILLY
1881 05 26 08 00  49.92   -6.30 1010.8           SCILLY
1881 05 26 14 00  49.92   -6.30 1012.9           SCILLY
1881 05 26 18 00  49.92   -6.30 1013.5           SCILLY
1881 05 27 08 00  49.92   -6.30 1013.5           SCILLY
1881 05 27 14 00  49.92   -6.30 1015.9           SCILLY
1881 05 27 18 00  49.92   -6.30 1016.6           SCILLY
1881 05 28 08 00  49.92   -6.30 1017.9           SCILLY
1881 05 28 14 00  49.92   -6.30 1018.3           SCILLY
1881 05 28 18 00  49.92   -6.30 1018.3           SCILLY
1881 05 29 08 00  49.92   -6.30 1019.6           SCILLY
1881 05 29 14 00  49.92   -6.30 1021.0           SCILLY
1881 05 29 18 00  49.92   -6.30 1021.7           SCILLY
1881 05 30 08 00  49.92   -6.30 1024.7           SCILLY
1881 05 30 14 00  49.92   -6.30 1026.4           SCILLY
1881 05 30 18 00  49.92   -6.30 1026.8           SCILLY
1881 05 31 08 00  49.92   -6.30 1027.8           SCILLY
1881 05 31 14 00  49.92   -6.30 1027.8           SCILLY
1881 05 31 18 00  49.92   -6.30 1027.4           SCILLY
