1886 10 01 08 00  49.92   -6.30 1001.0           SCILLY
1886 10 01 08 00  56.82   -5.11  998.4      FORTWILLIAM
1886 10 01 09 00  56.82   -5.11  998.6      FORTWILLIAM
1886 10 01 14 00  49.92   -6.30  999.3           SCILLY
1886 10 01 14 00  56.82   -5.11  997.6      FORTWILLIAM
1886 10 01 18 00  49.92   -6.30 1000.0           SCILLY
1886 10 01 18 00  56.82   -5.11  997.1      FORTWILLIAM
1886 10 01 21 00  56.82   -5.11  997.9      FORTWILLIAM
1886 10 02 08 00  49.92   -6.30 1007.5           SCILLY
1886 10 02 08 00  56.82   -5.11 1002.4      FORTWILLIAM
1886 10 02 09 00  56.82   -5.11 1003.3      FORTWILLIAM
1886 10 02 14 00  49.92   -6.30 1007.8           SCILLY
1886 10 02 14 00  56.82   -5.11 1007.5      FORTWILLIAM
1886 10 02 18 00  49.92   -6.30 1007.8           SCILLY
1886 10 02 18 00  56.82   -5.11 1010.2      FORTWILLIAM
1886 10 02 21 00  56.82   -5.11 1011.7      FORTWILLIAM
1886 10 03 08 00  49.92   -6.30 1009.5           SCILLY
1886 10 03 08 00  56.82   -5.11 1012.8      FORTWILLIAM
1886 10 03 09 00  56.82   -5.11 1013.2      FORTWILLIAM
1886 10 03 14 00  49.92   -6.30 1009.8           SCILLY
1886 10 03 14 00  56.82   -5.11 1013.7      FORTWILLIAM
1886 10 03 18 00  49.92   -6.30 1009.8           SCILLY
1886 10 03 18 00  56.82   -5.11 1014.3      FORTWILLIAM
1886 10 03 21 00  56.82   -5.11 1016.0      FORTWILLIAM
1886 10 04 08 00  49.92   -6.30 1007.1           SCILLY
1886 10 04 08 00  56.82   -5.11 1015.8      FORTWILLIAM
1886 10 04 09 00  56.82   -5.11 1016.0      FORTWILLIAM
1886 10 04 14 00  49.92   -6.30 1003.7           SCILLY
1886 10 04 14 00  56.82   -5.11 1014.1      FORTWILLIAM
1886 10 04 18 00  49.92   -6.30 1003.0           SCILLY
1886 10 04 18 00  56.82   -5.11 1013.6      FORTWILLIAM
1886 10 04 21 00  56.82   -5.11 1013.7      FORTWILLIAM
1886 10 05 08 00  49.92   -6.30 1005.4           SCILLY
1886 10 05 08 00  56.82   -5.11 1011.7      FORTWILLIAM
1886 10 05 09 00  56.82   -5.11 1011.6      FORTWILLIAM
1886 10 05 14 00  49.92   -6.30 1007.1           SCILLY
1886 10 05 14 00  56.82   -5.11 1013.1      FORTWILLIAM
1886 10 05 18 00  49.92   -6.30 1007.8           SCILLY
1886 10 05 18 00  56.82   -5.11 1008.6      FORTWILLIAM
1886 10 05 21 00  56.82   -5.11 1008.1      FORTWILLIAM
1886 10 06 08 00  49.92   -6.30 1006.4           SCILLY
1886 10 06 08 00  56.82   -5.11 1007.9      FORTWILLIAM
1886 10 06 09 00  56.82   -5.11 1008.3      FORTWILLIAM
1886 10 06 14 00  49.92   -6.30 1005.1           SCILLY
1886 10 06 14 00  56.82   -5.11 1009.2      FORTWILLIAM
1886 10 06 18 00  49.92   -6.30 1005.4           SCILLY
1886 10 06 18 00  56.82   -5.11 1008.5      FORTWILLIAM
1886 10 06 21 00  56.82   -5.11 1006.9      FORTWILLIAM
1886 10 07 08 00  49.92   -6.30 1005.1           SCILLY
1886 10 07 08 00  56.82   -5.11 1006.6      FORTWILLIAM
1886 10 07 09 00  56.82   -5.11 1007.1      FORTWILLIAM
1886 10 07 14 00  49.92   -6.30 1006.8           SCILLY
1886 10 07 14 00  56.82   -5.11 1009.1      FORTWILLIAM
1886 10 07 18 00  49.92   -6.30 1008.1           SCILLY
1886 10 07 18 00  56.82   -5.11 1010.1      FORTWILLIAM
1886 10 07 21 00  56.82   -5.11 1010.4      FORTWILLIAM
1886 10 08 08 00  49.92   -6.30 1014.2           SCILLY
1886 10 08 08 00  56.82   -5.11 1011.6      FORTWILLIAM
1886 10 08 09 00  56.82   -5.11 1012.2      FORTWILLIAM
1886 10 08 14 00  49.92   -6.30 1016.3           SCILLY
1886 10 08 14 00  56.82   -5.11 1012.0      FORTWILLIAM
1886 10 08 18 00  49.92   -6.30 1015.9           SCILLY
1886 10 08 18 00  56.82   -5.11 1012.0      FORTWILLIAM
1886 10 08 21 00  56.82   -5.11 1012.1      FORTWILLIAM
1886 10 09 08 00  49.92   -6.30 1004.1           SCILLY
1886 10 09 08 00  56.82   -5.11 1005.7      FORTWILLIAM
1886 10 09 09 00  56.82   -5.11 1004.8      FORTWILLIAM
1886 10 09 14 00  49.92   -6.30  998.0           SCILLY
1886 10 09 14 00  56.82   -5.11  998.3      FORTWILLIAM
1886 10 09 18 00  49.92   -6.30 1001.0           SCILLY
1886 10 09 18 00  56.82   -5.11  993.1      FORTWILLIAM
1886 10 09 21 00  56.82   -5.11  990.1      FORTWILLIAM
1886 10 10 08 00  49.92   -6.30 1008.5           SCILLY
1886 10 10 08 00  56.82   -5.11  994.3      FORTWILLIAM
1886 10 10 09 00  56.82   -5.11  994.9      FORTWILLIAM
1886 10 10 14 00  49.92   -6.30 1007.8           SCILLY
1886 10 10 14 00  56.82   -5.11  996.1      FORTWILLIAM
1886 10 10 18 00  49.92   -6.30 1008.5           SCILLY
1886 10 10 18 00  56.82   -5.11  998.0      FORTWILLIAM
1886 10 10 21 00  56.82   -5.11  999.1      FORTWILLIAM
1886 10 11 08 00  49.92   -6.30 1013.5           SCILLY
1886 10 11 08 00  56.82   -5.11 1003.3      FORTWILLIAM
1886 10 11 09 00  56.82   -5.11 1003.4      FORTWILLIAM
1886 10 11 14 00  49.92   -6.30 1014.2           SCILLY
1886 10 11 14 00  56.82   -5.11 1000.0      FORTWILLIAM
1886 10 11 18 00  49.92   -6.30 1013.2           SCILLY
1886 10 11 18 00  56.82   -5.11  994.0      FORTWILLIAM
1886 10 11 21 00  56.82   -5.11  993.8      FORTWILLIAM
1886 10 12 08 00  49.92   -6.30  999.0           SCILLY
1886 10 12 08 00  56.82   -5.11  984.3      FORTWILLIAM
1886 10 12 09 00  56.82   -5.11  984.4      FORTWILLIAM
1886 10 12 14 00  49.92   -6.30  992.9           SCILLY
1886 10 12 14 00  56.82   -5.11  984.4      FORTWILLIAM
1886 10 12 18 00  49.92   -6.30  990.9           SCILLY
1886 10 12 18 00  56.82   -5.11  984.3      FORTWILLIAM
1886 10 12 21 00  56.82   -5.11  984.4      FORTWILLIAM
1886 10 13 08 00  49.92   -6.30  999.7           SCILLY
1886 10 13 08 00  56.82   -5.11  987.2      FORTWILLIAM
1886 10 13 09 00  56.82   -5.11  987.4      FORTWILLIAM
1886 10 13 14 00  49.92   -6.30 1000.7           SCILLY
1886 10 13 14 00  56.82   -5.11  988.4      FORTWILLIAM
1886 10 13 18 00  49.92   -6.30 1001.7           SCILLY
1886 10 13 18 00  56.82   -5.11  990.0      FORTWILLIAM
1886 10 13 21 00  56.82   -5.11  991.0      FORTWILLIAM
1886 10 14 08 00  49.92   -6.30 1009.1           SCILLY
1886 10 14 08 00  56.82   -5.11  997.5      FORTWILLIAM
1886 10 14 09 00  56.82   -5.11  997.8      FORTWILLIAM
1886 10 14 14 00  49.92   -6.30 1008.5           SCILLY
1886 10 14 14 00  56.82   -5.11  999.2      FORTWILLIAM
1886 10 14 18 00  49.92   -6.30 1005.4           SCILLY
1886 10 14 18 00  56.82   -5.11  999.2      FORTWILLIAM
1886 10 14 21 00  56.82   -5.11  997.5      FORTWILLIAM
1886 10 15 08 00  49.92   -6.30  988.5           SCILLY
1886 10 15 08 00  56.82   -5.11  988.5      FORTWILLIAM
1886 10 15 09 00  56.82   -5.11  984.5      FORTWILLIAM
1886 10 15 14 00  49.92   -6.30  989.8           SCILLY
1886 10 15 14 00  56.82   -5.11  980.5      FORTWILLIAM
1886 10 15 18 00  49.92   -6.30  991.2           SCILLY
1886 10 15 18 00  56.82   -5.11  979.5      FORTWILLIAM
1886 10 15 21 00  56.82   -5.11  976.7      FORTWILLIAM
1886 10 16 08 00  49.92   -6.30  980.7           SCILLY
1886 10 16 08 00  56.82   -5.11  987.1      FORTWILLIAM
1886 10 16 09 00  56.82   -5.11  987.9      FORTWILLIAM
1886 10 16 14 00  49.92   -6.30  987.1           SCILLY
1886 10 16 14 00  56.82   -5.11  989.7      FORTWILLIAM
1886 10 16 18 00  49.92   -6.30  992.2           SCILLY
1886 10 16 18 00  56.82   -5.11  989.3      FORTWILLIAM
1886 10 16 21 00  56.82   -5.11  987.6      FORTWILLIAM
1886 10 17 08 00  49.92   -6.30  991.2           SCILLY
1886 10 17 08 00  56.82   -5.11  991.1      FORTWILLIAM
1886 10 17 09 00  56.82   -5.11  992.5      FORTWILLIAM
1886 10 17 14 00  49.92   -6.30  986.1           SCILLY
1886 10 17 14 00  56.82   -5.11  998.3      FORTWILLIAM
1886 10 17 18 00  49.92   -6.30  985.8           SCILLY
1886 10 17 18 00  56.82   -5.11 1002.4      FORTWILLIAM
1886 10 17 21 00  56.82   -5.11 1005.2      FORTWILLIAM
1886 10 18 08 00  49.92   -6.30  995.6           SCILLY
1886 10 18 08 00  56.82   -5.11 1008.1      FORTWILLIAM
1886 10 18 09 00  56.82   -5.11 1009.4      FORTWILLIAM
1886 10 18 14 00  49.92   -6.30  997.0           SCILLY
1886 10 18 14 00  56.82   -5.11 1009.9      FORTWILLIAM
1886 10 18 18 00  49.92   -6.30  998.6           SCILLY
1886 10 18 18 00  56.82   -5.11 1010.9      FORTWILLIAM
1886 10 18 21 00  56.82   -5.11 1011.8      FORTWILLIAM
1886 10 19 08 00  49.92   -6.30 1001.0           SCILLY
1886 10 19 08 00  56.82   -5.11 1012.4      FORTWILLIAM
1886 10 19 09 00  56.82   -5.11 1012.5      FORTWILLIAM
1886 10 19 14 00  49.92   -6.30 1001.4           SCILLY
1886 10 19 14 00  56.82   -5.11 1011.7      FORTWILLIAM
1886 10 19 18 00  49.92   -6.30 1001.4           SCILLY
1886 10 19 18 00  56.82   -5.11 1010.6      FORTWILLIAM
1886 10 19 21 00  56.82   -5.11 1010.8      FORTWILLIAM
1886 10 20 08 00  49.92   -6.30 1003.4           SCILLY
1886 10 20 08 00  56.82   -5.11 1007.7      FORTWILLIAM
1886 10 20 09 00  56.82   -5.11 1007.5      FORTWILLIAM
1886 10 20 14 00  49.92   -6.30 1007.1           SCILLY
1886 10 20 14 00  56.82   -5.11 1006.2      FORTWILLIAM
1886 10 20 18 00  49.92   -6.30 1008.5           SCILLY
1886 10 20 18 00  56.82   -5.11 1006.1      FORTWILLIAM
1886 10 20 21 00  56.82   -5.11 1007.0      FORTWILLIAM
1886 10 21 08 00  49.92   -6.30 1014.2           SCILLY
1886 10 21 08 00  56.82   -5.11 1010.2      FORTWILLIAM
1886 10 21 09 00  56.82   -5.11 1010.8      FORTWILLIAM
1886 10 21 14 00  49.92   -6.30 1015.2           SCILLY
1886 10 21 14 00  56.82   -5.11 1011.0      FORTWILLIAM
1886 10 21 18 00  49.92   -6.30 1015.9           SCILLY
1886 10 21 18 00  56.82   -5.11 1011.3      FORTWILLIAM
1886 10 21 21 00  56.82   -5.11 1011.6      FORTWILLIAM
1886 10 22 08 00  49.92   -6.30 1013.5           SCILLY
1886 10 22 08 00  56.82   -5.11 1012.1      FORTWILLIAM
1886 10 22 09 00  56.82   -5.11 1012.1      FORTWILLIAM
1886 10 22 14 00  49.92   -6.30 1010.5           SCILLY
1886 10 22 14 00  56.82   -5.11 1012.3      FORTWILLIAM
1886 10 22 18 00  49.92   -6.30 1008.5           SCILLY
1886 10 22 18 00  56.82   -5.11 1013.7      FORTWILLIAM
1886 10 22 21 00  56.82   -5.11 1016.1      FORTWILLIAM
1886 10 23 08 00  49.92   -6.30 1004.7           SCILLY
1886 10 23 08 00  56.82   -5.11 1023.6      FORTWILLIAM
1886 10 23 09 00  56.82   -5.11 1023.8      FORTWILLIAM
1886 10 23 14 00  49.92   -6.30 1006.8           SCILLY
1886 10 23 14 00  56.82   -5.11 1024.8      FORTWILLIAM
1886 10 23 18 00  49.92   -6.30 1008.8           SCILLY
1886 10 23 18 00  56.82   -5.11 1026.4      FORTWILLIAM
1886 10 23 21 00  56.82   -5.11 1028.1      FORTWILLIAM
1886 10 24 08 00  49.92   -6.30 1015.2           SCILLY
1886 10 24 08 00  56.82   -5.11 1031.5      FORTWILLIAM
1886 10 24 09 00  56.82   -5.11 1032.0      FORTWILLIAM
1886 10 24 14 00  49.92   -6.30 1015.6           SCILLY
1886 10 24 14 00  56.82   -5.11 1032.0      FORTWILLIAM
1886 10 24 18 00  49.92   -6.30 1015.6           SCILLY
1886 10 24 18 00  56.82   -5.11 1032.1      FORTWILLIAM
1886 10 24 21 00  56.82   -5.11 1033.0      FORTWILLIAM
1886 10 25 08 00  49.92   -6.30 1017.3           SCILLY
1886 10 25 08 00  56.82   -5.11 1033.7      FORTWILLIAM
1886 10 25 09 00  56.82   -5.11 1033.4      FORTWILLIAM
1886 10 25 14 00  49.92   -6.30 1016.9           SCILLY
1886 10 25 14 00  56.82   -5.11 1031.1      FORTWILLIAM
1886 10 25 18 00  49.92   -6.30 1016.9           SCILLY
1886 10 25 18 00  56.82   -5.11 1030.7      FORTWILLIAM
1886 10 25 21 00  56.82   -5.11 1031.2      FORTWILLIAM
1886 10 26 08 00  49.92   -6.30 1018.3           SCILLY
1886 10 26 08 00  56.82   -5.11 1030.7      FORTWILLIAM
1886 10 26 09 00  56.82   -5.11 1030.7      FORTWILLIAM
1886 10 26 14 00  49.92   -6.30 1016.6           SCILLY
1886 10 26 14 00  56.82   -5.11 1028.1      FORTWILLIAM
1886 10 26 18 00  49.92   -6.30 1014.9           SCILLY
1886 10 26 18 00  56.82   -5.11 1028.4      FORTWILLIAM
1886 10 26 21 00  56.82   -5.11 1026.2      FORTWILLIAM
1886 10 27 08 00  49.92   -6.30 1007.8           SCILLY
1886 10 27 08 00  56.82   -5.11 1020.3      FORTWILLIAM
1886 10 27 09 00  56.82   -5.11 1019.5      FORTWILLIAM
1886 10 27 14 00  49.92   -6.30 1006.1           SCILLY
1886 10 27 14 00  56.82   -5.11 1016.9      FORTWILLIAM
1886 10 27 18 00  49.92   -6.30 1006.4           SCILLY
1886 10 27 18 00  56.82   -5.11 1015.4      FORTWILLIAM
1886 10 27 21 00  56.82   -5.11 1016.1      FORTWILLIAM
1886 10 28 08 00  49.92   -6.30 1008.1           SCILLY
1886 10 28 08 00  56.82   -5.11 1017.4      FORTWILLIAM
1886 10 28 09 00  56.82   -5.11 1017.5      FORTWILLIAM
1886 10 28 14 00  49.92   -6.30 1010.2           SCILLY
1886 10 28 14 00  56.82   -5.11 1018.3      FORTWILLIAM
1886 10 28 18 00  49.92   -6.30 1010.2           SCILLY
1886 10 28 18 00  56.82   -5.11 1019.1      FORTWILLIAM
1886 10 28 21 00  56.82   -5.11 1019.5      FORTWILLIAM
1886 10 29 08 00  49.92   -6.30 1019.6           SCILLY
1886 10 29 08 00  56.82   -5.11 1016.0      FORTWILLIAM
1886 10 29 09 00  56.82   -5.11 1016.1      FORTWILLIAM
1886 10 29 14 00  49.92   -6.30 1023.4           SCILLY
1886 10 29 14 00  56.82   -5.11 1015.0      FORTWILLIAM
1886 10 29 18 00  49.92   -6.30 1024.7           SCILLY
1886 10 29 18 00  56.82   -5.11 1017.6      FORTWILLIAM
1886 10 29 21 00  56.82   -5.11 1019.3      FORTWILLIAM
1886 10 30 08 00  49.92   -6.30 1023.7           SCILLY
1886 10 30 08 00  56.82   -5.11 1023.4      FORTWILLIAM
1886 10 30 09 00  56.82   -5.11 1023.4      FORTWILLIAM
1886 10 30 14 00  49.92   -6.30 1021.0           SCILLY
1886 10 30 14 00  56.82   -5.11 1021.2      FORTWILLIAM
1886 10 30 18 00  49.92   -6.30 1019.6           SCILLY
1886 10 30 18 00  56.82   -5.11 1019.7      FORTWILLIAM
1886 10 30 21 00  56.82   -5.11 1017.0      FORTWILLIAM
1886 10 31 08 00  49.92   -6.30 1016.3           SCILLY
1886 10 31 08 00  56.82   -5.11 1009.1      FORTWILLIAM
1886 10 31 09 00  56.82   -5.11 1010.0      FORTWILLIAM
1886 10 31 14 00  49.92   -6.30 1015.9           SCILLY
1886 10 31 14 00  56.82   -5.11 1010.2      FORTWILLIAM
1886 10 31 18 00  49.92   -6.30 1015.9           SCILLY
1886 10 31 18 00  56.82   -5.11 1009.0      FORTWILLIAM
1886 10 31 21 00  56.82   -5.11 1007.6      FORTWILLIAM
