1887 05 01 08 00  49.92   -6.30 1017.9           SCILLY
1887 05 01 08 00  56.82   -5.11 1019.8      FORTWILLIAM
1887 05 01 09 00  56.82   -5.11 1019.3      FORTWILLIAM
1887 05 01 14 00  49.92   -6.30 1015.2           SCILLY
1887 05 01 14 00  56.82   -5.11 1016.9      FORTWILLIAM
1887 05 01 18 00  49.92   -6.30 1013.2           SCILLY
1887 05 01 18 00  56.82   -5.11 1014.3      FORTWILLIAM
1887 05 01 21 00  56.82   -5.11 1012.9      FORTWILLIAM
1887 05 02 08 00  49.92   -6.30 1003.4           SCILLY
1887 05 02 08 00  56.82   -5.11 1009.5      FORTWILLIAM
1887 05 02 09 00  56.82   -5.11 1009.4      FORTWILLIAM
1887 05 02 14 00  49.92   -6.30 1000.7           SCILLY
1887 05 02 14 00  56.82   -5.11 1008.6      FORTWILLIAM
1887 05 02 18 00  49.92   -6.30  999.7           SCILLY
1887 05 02 18 00  56.82   -5.11 1007.8      FORTWILLIAM
1887 05 02 21 00  56.82   -5.11 1007.6      FORTWILLIAM
1887 05 03 08 00  49.92   -6.30 1001.0           SCILLY
1887 05 03 08 00  56.82   -5.11 1005.7      FORTWILLIAM
1887 05 03 09 00  56.82   -5.11 1005.0      FORTWILLIAM
1887 05 03 14 00  49.92   -6.30 1001.7           SCILLY
1887 05 03 14 00  56.82   -5.11 1003.5      FORTWILLIAM
1887 05 03 18 00  49.92   -6.30 1001.4           SCILLY
1887 05 03 18 00  56.82   -5.11 1002.6      FORTWILLIAM
1887 05 03 21 00  56.82   -5.11 1002.9      FORTWILLIAM
1887 05 04 08 00  49.92   -6.30 1001.7           SCILLY
1887 05 04 08 00  56.82   -5.11 1003.2      FORTWILLIAM
1887 05 04 09 00  56.82   -5.11 1003.0      FORTWILLIAM
1887 05 04 14 00  49.92   -6.30 1003.4           SCILLY
1887 05 04 14 00  56.82   -5.11 1002.2      FORTWILLIAM
1887 05 04 18 00  49.92   -6.30 1004.4           SCILLY
1887 05 04 18 00  56.82   -5.11 1002.0      FORTWILLIAM
1887 05 04 21 00  56.82   -5.11 1003.8      FORTWILLIAM
1887 05 05 08 00  49.92   -6.30 1005.4           SCILLY
1887 05 05 08 00  56.82   -5.11 1006.5      FORTWILLIAM
1887 05 05 09 00  56.82   -5.11 1006.8      FORTWILLIAM
1887 05 05 14 00  49.92   -6.30 1005.8           SCILLY
1887 05 05 14 00  56.82   -5.11 1007.1      FORTWILLIAM
1887 05 05 18 00  49.92   -6.30 1005.4           SCILLY
1887 05 05 18 00  56.82   -5.11 1006.9      FORTWILLIAM
1887 05 05 21 00  56.82   -5.11 1008.5      FORTWILLIAM
1887 05 06 08 00  49.92   -6.30 1010.5           SCILLY
1887 05 06 08 00  56.82   -5.11 1011.7      FORTWILLIAM
1887 05 06 09 00  56.82   -5.11 1012.0      FORTWILLIAM
1887 05 06 14 00  49.92   -6.30 1013.2           SCILLY
1887 05 06 14 00  56.82   -5.11 1012.2      FORTWILLIAM
1887 05 06 18 00  49.92   -6.30 1014.2           SCILLY
1887 05 06 18 00  56.82   -5.11 1012.3      FORTWILLIAM
1887 05 06 21 00  56.82   -5.11 1014.0      FORTWILLIAM
1887 05 07 08 00  49.92   -6.30 1021.3           SCILLY
1887 05 07 08 00  56.82   -5.11 1017.8      FORTWILLIAM
1887 05 07 09 00  56.82   -5.11 1018.7      FORTWILLIAM
1887 05 07 14 00  49.92   -6.30 1025.7           SCILLY
1887 05 07 14 00  56.82   -5.11 1020.3      FORTWILLIAM
1887 05 07 18 00  49.92   -6.30 1027.1           SCILLY
1887 05 07 18 00  56.82   -5.11 1021.3      FORTWILLIAM
1887 05 07 21 00  56.82   -5.11 1022.5      FORTWILLIAM
1887 05 08 08 00  49.92   -6.30 1031.2           SCILLY
1887 05 08 08 00  56.82   -5.11 1022.7      FORTWILLIAM
1887 05 08 09 00  56.82   -5.11 1023.0      FORTWILLIAM
1887 05 08 14 00  49.92   -6.30 1032.5           SCILLY
1887 05 08 14 00  56.82   -5.11 1022.8      FORTWILLIAM
1887 05 08 18 00  49.92   -6.30 1031.8           SCILLY
1887 05 08 18 00  56.82   -5.11 1020.3      FORTWILLIAM
1887 05 08 21 00  56.82   -5.11 1020.8      FORTWILLIAM
1887 05 09 08 00  49.92   -6.30 1031.8           SCILLY
1887 05 09 08 00  56.82   -5.11 1022.8      FORTWILLIAM
1887 05 09 09 00  56.82   -5.11 1022.9      FORTWILLIAM
1887 05 09 14 00  49.92   -6.30 1031.8           SCILLY
1887 05 09 14 00  56.82   -5.11 1023.1      FORTWILLIAM
1887 05 09 18 00  49.92   -6.30 1031.2           SCILLY
1887 05 09 18 00  56.82   -5.11 1021.9      FORTWILLIAM
1887 05 09 21 00  56.82   -5.11 1023.6      FORTWILLIAM
1887 05 10 08 00  49.92   -6.30 1031.8           SCILLY
1887 05 10 08 00  56.82   -5.11 1024.5      FORTWILLIAM
1887 05 10 09 00  56.82   -5.11 1024.5      FORTWILLIAM
1887 05 10 14 00  49.92   -6.30 1031.2           SCILLY
1887 05 10 14 00  56.82   -5.11 1025.5      FORTWILLIAM
1887 05 10 18 00  49.92   -6.30 1030.5           SCILLY
1887 05 10 18 00  56.82   -5.11 1024.8      FORTWILLIAM
1887 05 10 21 00  56.82   -5.11 1024.2      FORTWILLIAM
1887 05 11 08 00  49.92   -6.30 1028.4           SCILLY
1887 05 11 08 00  56.82   -5.11 1019.6      FORTWILLIAM
1887 05 11 09 00  56.82   -5.11 1019.1      FORTWILLIAM
1887 05 11 14 00  49.92   -6.30 1028.4           SCILLY
1887 05 11 14 00  56.82   -5.11 1017.7      FORTWILLIAM
1887 05 11 18 00  49.92   -6.30 1026.8           SCILLY
1887 05 11 18 00  56.82   -5.11 1017.8      FORTWILLIAM
1887 05 11 21 00  56.82   -5.11 1019.5      FORTWILLIAM
1887 05 12 08 00  49.92   -6.30 1025.1           SCILLY
1887 05 12 08 00  56.82   -5.11 1022.8      FORTWILLIAM
1887 05 12 09 00  56.82   -5.11 1022.7      FORTWILLIAM
1887 05 12 14 00  49.92   -6.30 1025.4           SCILLY
1887 05 12 14 00  56.82   -5.11 1022.4      FORTWILLIAM
1887 05 12 18 00  49.92   -6.30 1025.1           SCILLY
1887 05 12 18 00  56.82   -5.11 1023.8      FORTWILLIAM
1887 05 12 21 00  56.82   -5.11 1026.8      FORTWILLIAM
1887 05 13 08 00  49.92   -6.30 1025.7           SCILLY
1887 05 13 08 00  56.82   -5.11 1030.2      FORTWILLIAM
1887 05 13 09 00  56.82   -5.11 1030.3      FORTWILLIAM
1887 05 13 14 00  49.92   -6.30 1027.4           SCILLY
1887 05 13 14 00  56.82   -5.11 1030.1      FORTWILLIAM
1887 05 13 18 00  49.92   -6.30 1027.8           SCILLY
1887 05 13 18 00  56.82   -5.11 1029.9      FORTWILLIAM
1887 05 13 21 00  56.82   -5.11 1030.4      FORTWILLIAM
1887 05 14 08 00  49.92   -6.30 1030.1           SCILLY
1887 05 14 08 00  56.82   -5.11 1031.2      FORTWILLIAM
1887 05 14 09 00  56.82   -5.11 1031.3      FORTWILLIAM
1887 05 14 14 00  49.92   -6.30 1030.5           SCILLY
1887 05 14 14 00  56.82   -5.11 1030.9      FORTWILLIAM
1887 05 14 18 00  49.92   -6.30 1029.5           SCILLY
1887 05 14 18 00  56.82   -5.11 1030.7      FORTWILLIAM
1887 05 14 21 00  56.82   -5.11 1030.6      FORTWILLIAM
1887 05 15 08 00  49.92   -6.30 1028.4           SCILLY
1887 05 15 08 00  56.82   -5.11 1030.8      FORTWILLIAM
1887 05 15 09 00  56.82   -5.11 1030.7      FORTWILLIAM
1887 05 15 14 00  49.92   -6.30 1027.4           SCILLY
1887 05 15 14 00  56.82   -5.11 1028.6      FORTWILLIAM
1887 05 15 18 00  49.92   -6.30 1026.1           SCILLY
1887 05 15 18 00  56.82   -5.11 1028.4      FORTWILLIAM
1887 05 15 21 00  56.82   -5.11 1028.7      FORTWILLIAM
1887 05 16 08 00  49.92   -6.30 1023.4           SCILLY
1887 05 16 08 00  56.82   -5.11 1026.9      FORTWILLIAM
1887 05 16 09 00  56.82   -5.11 1026.7      FORTWILLIAM
1887 05 16 14 00  49.92   -6.30 1021.7           SCILLY
1887 05 16 14 00  56.82   -5.11 1023.9      FORTWILLIAM
1887 05 16 18 00  49.92   -6.30 1020.7           SCILLY
1887 05 16 18 00  56.82   -5.11 1021.8      FORTWILLIAM
1887 05 16 21 00  56.82   -5.11 1022.1      FORTWILLIAM
1887 05 17 08 00  49.92   -6.30 1017.6           SCILLY
1887 05 17 08 00  56.82   -5.11 1012.6      FORTWILLIAM
1887 05 17 09 00  56.82   -5.11 1013.5      FORTWILLIAM
1887 05 17 14 00  49.92   -6.30 1017.6           SCILLY
1887 05 17 14 00  56.82   -5.11 1011.8      FORTWILLIAM
1887 05 17 18 00  49.92   -6.30 1017.6           SCILLY
1887 05 17 18 00  56.82   -5.11 1012.2      FORTWILLIAM
1887 05 17 21 00  56.82   -5.11 1012.3      FORTWILLIAM
1887 05 18 08 00  49.92   -6.30 1018.6           SCILLY
1887 05 18 08 00  56.82   -5.11 1012.4      FORTWILLIAM
1887 05 18 09 00  56.82   -5.11 1012.1      FORTWILLIAM
1887 05 18 14 00  49.92   -6.30 1020.0           SCILLY
1887 05 18 14 00  56.82   -5.11 1010.6      FORTWILLIAM
1887 05 18 18 00  49.92   -6.30 1019.6           SCILLY
1887 05 18 18 00  56.82   -5.11 1008.7      FORTWILLIAM
1887 05 18 21 00  56.82   -5.11 1006.0      FORTWILLIAM
1887 05 19 08 00  49.92   -6.30 1014.9           SCILLY
1887 05 19 08 00  56.82   -5.11 1002.3      FORTWILLIAM
1887 05 19 09 00  56.82   -5.11 1002.9      FORTWILLIAM
1887 05 19 14 00  49.92   -6.30 1012.5           SCILLY
1887 05 19 14 00  56.82   -5.11 1000.8      FORTWILLIAM
1887 05 19 18 00  49.92   -6.30 1007.5           SCILLY
1887 05 19 18 00  56.82   -5.11  996.9      FORTWILLIAM
1887 05 19 21 00  56.82   -5.11  994.3      FORTWILLIAM
1887 05 20 08 00  49.92   -6.30 1008.1           SCILLY
1887 05 20 08 00  56.82   -5.11  993.8      FORTWILLIAM
1887 05 20 09 00  56.82   -5.11  993.8      FORTWILLIAM
1887 05 20 14 00  49.92   -6.30 1011.9           SCILLY
1887 05 20 14 00  56.82   -5.11  996.0      FORTWILLIAM
1887 05 20 18 00  49.92   -6.30 1012.9           SCILLY
1887 05 20 18 00  56.82   -5.11  997.3      FORTWILLIAM
1887 05 20 21 00  56.82   -5.11  997.4      FORTWILLIAM
1887 05 21 08 00  49.92   -6.30 1012.5           SCILLY
1887 05 21 08 00  56.82   -5.11  996.0      FORTWILLIAM
1887 05 21 09 00  56.82   -5.11  996.6      FORTWILLIAM
1887 05 21 14 00  49.92   -6.30 1010.2           SCILLY
1887 05 21 14 00  56.82   -5.11  998.5      FORTWILLIAM
1887 05 21 18 00  49.92   -6.30 1011.2           SCILLY
1887 05 21 18 00  56.82   -5.11  999.7      FORTWILLIAM
1887 05 21 21 00  56.82   -5.11 1003.2      FORTWILLIAM
1887 05 22 08 00  49.92   -6.30 1015.9           SCILLY
1887 05 22 08 00  56.82   -5.11 1009.1      FORTWILLIAM
1887 05 22 09 00  56.82   -5.11 1009.1      FORTWILLIAM
1887 05 22 14 00  49.92   -6.30 1017.9           SCILLY
1887 05 22 14 00  56.82   -5.11 1011.3      FORTWILLIAM
1887 05 22 18 00  49.92   -6.30 1018.3           SCILLY
1887 05 22 18 00  56.82   -5.11 1012.3      FORTWILLIAM
1887 05 22 21 00  56.82   -5.11 1013.5      FORTWILLIAM
1887 05 23 08 00  49.92   -6.30 1020.3           SCILLY
1887 05 23 08 00  56.82   -5.11 1016.6      FORTWILLIAM
1887 05 23 09 00  56.82   -5.11 1016.5      FORTWILLIAM
1887 05 23 14 00  49.92   -6.30 1023.7           SCILLY
1887 05 23 14 00  56.82   -5.11 1017.9      FORTWILLIAM
1887 05 23 18 00  49.92   -6.30 1024.4           SCILLY
1887 05 23 18 00  56.82   -5.11 1019.0      FORTWILLIAM
1887 05 23 21 00  56.82   -5.11 1020.3      FORTWILLIAM
1887 05 24 08 00  49.92   -6.30 1026.8           SCILLY
1887 05 24 08 00  56.82   -5.11 1024.5      FORTWILLIAM
1887 05 24 09 00  56.82   -5.11 1024.5      FORTWILLIAM
1887 05 24 14 00  49.92   -6.30 1027.8           SCILLY
1887 05 24 14 00  56.82   -5.11 1025.4      FORTWILLIAM
1887 05 24 18 00  49.92   -6.30 1027.1           SCILLY
1887 05 24 18 00  56.82   -5.11 1026.1      FORTWILLIAM
1887 05 24 21 00  56.82   -5.11 1027.6      FORTWILLIAM
1887 05 25 08 00  49.92   -6.30 1024.0           SCILLY
1887 05 25 08 00  56.82   -5.11 1028.2      FORTWILLIAM
1887 05 25 09 00  56.82   -5.11 1028.6      FORTWILLIAM
1887 05 25 14 00  49.92   -6.30 1023.7           SCILLY
1887 05 25 14 00  56.82   -5.11 1028.4      FORTWILLIAM
1887 05 25 18 00  49.92   -6.30 1022.7           SCILLY
1887 05 25 18 00  56.82   -5.11 1028.3      FORTWILLIAM
1887 05 25 21 00  56.82   -5.11 1028.6      FORTWILLIAM
1887 05 26 08 00  49.92   -6.30 1021.0           SCILLY
1887 05 26 08 00  56.82   -5.11 1029.5      FORTWILLIAM
1887 05 26 09 00  56.82   -5.11 1029.3      FORTWILLIAM
1887 05 26 14 00  49.92   -6.30 1021.3           SCILLY
1887 05 26 14 00  56.82   -5.11 1028.7      FORTWILLIAM
1887 05 26 18 00  49.92   -6.30 1021.0           SCILLY
1887 05 26 18 00  56.82   -5.11 1027.7      FORTWILLIAM
1887 05 26 21 00  56.82   -5.11 1028.2      FORTWILLIAM
1887 05 27 08 00  49.92   -6.30 1020.0           SCILLY
1887 05 27 08 00  56.82   -5.11 1026.3      FORTWILLIAM
1887 05 27 09 00  56.82   -5.11 1026.0      FORTWILLIAM
1887 05 27 14 00  49.92   -6.30 1017.6           SCILLY
1887 05 27 14 00  56.82   -5.11 1023.8      FORTWILLIAM
1887 05 27 18 00  49.92   -6.30 1014.6           SCILLY
1887 05 27 18 00  56.82   -5.11 1023.0      FORTWILLIAM
1887 05 27 21 00  56.82   -5.11 1023.3      FORTWILLIAM
1887 05 28 08 00  49.92   -6.30 1011.2           SCILLY
1887 05 28 08 00  56.82   -5.11 1022.6      FORTWILLIAM
1887 05 28 09 00  56.82   -5.11 1022.1      FORTWILLIAM
1887 05 28 14 00  49.92   -6.30 1011.5           SCILLY
1887 05 28 14 00  56.82   -5.11 1020.7      FORTWILLIAM
1887 05 28 18 00  49.92   -6.30 1011.5           SCILLY
1887 05 28 18 00  56.82   -5.11 1021.0      FORTWILLIAM
1887 05 28 21 00  56.82   -5.11 1020.9      FORTWILLIAM
1887 05 29 08 00  49.92   -6.30 1010.5           SCILLY
1887 05 29 08 00  56.82   -5.11 1020.1      FORTWILLIAM
1887 05 29 09 00  56.82   -5.11 1020.1      FORTWILLIAM
1887 05 29 14 00  49.92   -6.30 1010.8           SCILLY
1887 05 29 14 00  56.82   -5.11 1018.4      FORTWILLIAM
1887 05 29 18 00  49.92   -6.30 1010.8           SCILLY
1887 05 29 18 00  56.82   -5.11 1018.5      FORTWILLIAM
1887 05 29 21 00  56.82   -5.11 1019.7      FORTWILLIAM
1887 05 30 08 00  49.92   -6.30 1013.5           SCILLY
1887 05 30 08 00  56.82   -5.11 1020.5      FORTWILLIAM
1887 05 30 09 00  56.82   -5.11 1020.4      FORTWILLIAM
1887 05 30 14 00  49.92   -6.30 1015.6           SCILLY
1887 05 30 14 00  56.82   -5.11 1019.2      FORTWILLIAM
1887 05 30 18 00  49.92   -6.30 1015.9           SCILLY
1887 05 30 18 00  56.82   -5.11 1019.0      FORTWILLIAM
1887 05 30 21 00  56.82   -5.11 1020.3      FORTWILLIAM
1887 05 31 08 00  49.92   -6.30 1016.3           SCILLY
1887 05 31 08 00  56.82   -5.11 1022.0      FORTWILLIAM
1887 05 31 09 00  56.82   -5.11 1021.7      FORTWILLIAM
1887 05 31 14 00  49.92   -6.30 1015.2           SCILLY
1887 05 31 14 00  56.82   -5.11 1020.8      FORTWILLIAM
1887 05 31 18 00  49.92   -6.30 1013.9           SCILLY
1887 05 31 18 00  56.82   -5.11 1019.4      FORTWILLIAM
1887 05 31 21 00  56.82   -5.11 1019.9      FORTWILLIAM
