1919 03 30 10 00  57.20   -2.20  998.8         ABERDEEN
1919 03 30 13 00  57.20   -2.20  999.3         ABERDEEN
1919 03 30 15 00  57.20   -2.20  999.2         ABERDEEN
1919 03 30 18 00  57.20   -2.20  999.2         ABERDEEN
1919 03 30 22 00  57.20   -2.20  996.7         ABERDEEN
1919 03 31 01 00  57.20   -2.20 1000.2         ABERDEEN
1919 03 31 04 00  57.20   -2.20 1002.6         ABERDEEN
1919 03 31 07 00  57.20   -2.20 1006.1         ABERDEEN
1919 03 31 10 00  57.20   -2.20 1009.7         ABERDEEN
1919 03 31 13 00  57.20   -2.20 1012.7         ABERDEEN
1919 03 31 15 00  57.20   -2.20 1014.2         ABERDEEN
1919 03 31 18 00  57.20   -2.20 1016.2         ABERDEEN
1919 03 31 22 00  57.20   -2.20 1017.3         ABERDEEN
1919 03 30 10 00  50.81   -1.32 1006.9          CALSHOT
1919 03 30 13 00  50.81   -1.32 1004.9          CALSHOT
1919 03 31 04 00  50.81   -1.32 1004.6          CALSHOT
1919 03 31 07 00  50.81   -1.32 1004.6          CALSHOT
1919 03 31 10 00  50.81   -1.32 1004.7          CALSHOT
1919 03 31 13 00  50.81   -1.32 1006.7          CALSHOT
1919 03 31 15 00  50.81   -1.32 1006.7          CALSHOT
1919 03 31 18 00  50.81   -1.32 1009.7          CALSHOT
1919 03 30 10 00  51.46   -0.12 1006.6           LONDON
1919 03 30 13 00  51.46   -0.12 1003.6           LONDON
1919 03 30 15 00  51.46   -0.12 1003.2           LONDON
1919 03 30 18 00  51.46   -0.12 1003.2           LONDON
1919 03 31 04 00  51.46   -0.12 1002.1           LONDON
1919 03 31 07 00  51.46   -0.12 1004.1           LONDON
1919 03 31 10 00  51.46   -0.12 1003.9           LONDON
1919 03 31 13 00  51.46   -0.12 1006.9           LONDON
1919 03 31 15 00  51.46   -0.12 1005.6           LONDON
1919 03 31 18 00  51.46   -0.12 1010.6           LONDON
1919 03 30 10 00  55.98   -2.74 1001.2      EASTFORTUNE
1919 03 30 13 00  55.98   -2.74 1001.2      EASTFORTUNE
1919 03 30 15 00  55.98   -2.74 1001.3      EASTFORTUNE
1919 03 30 18 00  55.98   -2.74 1001.3      EASTFORTUNE
1919 03 30 22 00  55.98   -2.74 1001.9      EASTFORTUNE
1919 03 31 01 00  55.98   -2.74 1001.9      EASTFORTUNE
1919 03 31 04 00  55.98   -2.74 1001.6      EASTFORTUNE
1919 03 31 07 00  55.98   -2.74 1004.6      EASTFORTUNE
1919 03 31 10 00  55.98   -2.74 1007.3      EASTFORTUNE
1919 03 31 13 00  55.98   -2.74 1010.3      EASTFORTUNE
1919 03 31 15 00  55.98   -2.74 1012.3      EASTFORTUNE
1919 03 31 18 00  55.98   -2.74 1015.3      EASTFORTUNE
1919 03 31 22 00  55.98   -2.74 1018.2      EASTFORTUNE
1919 03 30 10 00  55.27   -3.18 1001.4      ESKDALEMUIR
1919 03 30 13 00  55.27   -3.18 1001.4      ESKDALEMUIR
1919 03 30 15 00  55.27   -3.18 1001.7      ESKDALEMUIR
1919 03 30 18 00  55.27   -3.18 1001.7      ESKDALEMUIR
1919 03 30 22 00  55.27   -3.18 1002.2      ESKDALEMUIR
1919 03 31 01 00  55.27   -3.18 1002.2      ESKDALEMUIR
1919 03 31 04 00  55.27   -3.18 1003.3      ESKDALEMUIR
1919 03 31 07 00  55.27   -3.18 1004.8      ESKDALEMUIR
1919 03 31 10 00  55.27   -3.18 1005.9      ESKDALEMUIR
1919 03 31 13 00  55.27   -3.18 1009.9      ESKDALEMUIR
1919 03 31 15 00  55.27   -3.18 1012.1      ESKDALEMUIR
1919 03 31 18 00  55.27   -3.18 1015.1      ESKDALEMUIR
1919 03 31 22 00  55.27   -3.18 1019.3      ESKDALEMUIR
1919 03 30 10 00  50.15   -5.07 1006.4         FALMOUTH
1919 03 30 13 00  50.15   -5.07 1006.4         FALMOUTH
1919 03 30 15 00  50.15   -5.07 1005.9         FALMOUTH
1919 03 30 18 00  50.15   -5.07 1005.9         FALMOUTH
1919 03 30 22 00  50.15   -5.07 1006.6         FALMOUTH
1919 03 31 01 00  50.15   -5.07 1006.6         FALMOUTH
1919 03 31 04 00  50.15   -5.07 1006.0         FALMOUTH
1919 03 31 07 00  50.15   -5.07 1005.5         FALMOUTH
1919 03 31 10 00  50.15   -5.07 1005.9         FALMOUTH
1919 03 31 13 00  50.15   -5.07 1005.9         FALMOUTH
1919 03 31 15 00  50.15   -5.07 1006.9         FALMOUTH
1919 03 31 18 00  50.15   -5.07 1008.4         FALMOUTH
1919 03 31 22 00  50.15   -5.07 1013.4         FALMOUTH
1919 03 30 10 00  51.96    1.35 1004.7       FELIXSTOWE
1919 03 30 13 00  51.96    1.35 1004.2       FELIXSTOWE
1919 03 30 15 00  51.96    1.35 1003.4       FELIXSTOWE
1919 03 30 18 00  51.96    1.35 1003.4       FELIXSTOWE
1919 03 30 22 00  51.96    1.35 1003.3       FELIXSTOWE
1919 03 31 01 00  51.96    1.35 1003.3       FELIXSTOWE
1919 03 31 04 00  51.96    1.35 1003.3       FELIXSTOWE
1919 03 31 07 00  51.96    1.35 1004.3       FELIXSTOWE
1919 03 31 10 00  51.96    1.35 1006.3       FELIXSTOWE
1919 03 31 13 00  51.96    1.35 1007.8       FELIXSTOWE
1919 03 31 15 00  51.96    1.35 1008.8       FELIXSTOWE
1919 03 31 18 00  51.96    1.35 1011.3       FELIXSTOWE
1919 03 31 22 00  51.96    1.35 1014.9       FELIXSTOWE
1919 03 30 10 00  51.61   -1.11 1005.3           BENSON
1919 03 30 13 00  51.61   -1.11 1003.3           BENSON
1919 03 30 15 00  51.61   -1.11 1002.3           BENSON
1919 03 30 18 00  51.61   -1.11 1002.3           BENSON
1919 03 31 04 00  51.61   -1.11 1001.3           BENSON
1919 03 31 07 00  51.61   -1.11 1003.3           BENSON
1919 03 31 10 00  51.61   -1.11 1003.0           BENSON
1919 03 31 13 00  51.61   -1.11 1006.0           BENSON
1919 03 31 15 00  51.61   -1.11 1005.1           BENSON
1919 03 31 18 00  51.61   -1.11 1011.1           BENSON
1919 03 30 10 00  51.90  -10.30 1009.8         VALENTIA
1919 03 30 13 00  51.90  -10.30 1009.8         VALENTIA
1919 03 30 15 00  51.90  -10.30 1009.8         VALENTIA
1919 03 30 18 00  51.90  -10.30 1010.3         VALENTIA
1919 03 30 22 00  51.90  -10.30 1010.3         VALENTIA
1919 03 31 01 00  51.90  -10.30 1009.8         VALENTIA
1919 03 31 04 00  51.90  -10.30 1009.4         VALENTIA
1919 03 31 07 00  51.90  -10.30 1008.4         VALENTIA
1919 03 31 10 00  51.90  -10.30 1008.7         VALENTIA
1919 03 31 13 00  51.90  -10.30 1009.2         VALENTIA
1919 03 31 15 00  51.90  -10.30 1010.6         VALENTIA
1919 03 31 18 00  51.90  -10.30 1013.6         VALENTIA
1919 03 31 22 00  51.90  -10.30 1016.5         VALENTIA
