1889 09 01 08 00  49.92   -6.30 1018.6           SCILLY
1889 09 01 08 00  56.82   -5.11 1024.3      FORTWILLIAM
1889 09 01 09 00  56.82   -5.11 1024.5      FORTWILLIAM
1889 09 01 14 00  49.92   -6.30 1016.6           SCILLY
1889 09 01 14 00  56.82   -5.11 1022.7      FORTWILLIAM
1889 09 01 18 00  49.92   -6.30 1015.6           SCILLY
1889 09 01 18 00  56.82   -5.11 1021.7      FORTWILLIAM
1889 09 01 21 00  56.82   -5.11 1021.7      FORTWILLIAM
1889 09 02 08 00  49.92   -6.30 1011.9           SCILLY
1889 09 02 08 00  56.82   -5.11 1020.4      FORTWILLIAM
1889 09 02 09 00  56.82   -5.11 1020.1      FORTWILLIAM
1889 09 02 14 00  49.92   -6.30 1013.2           SCILLY
1889 09 02 14 00  56.82   -5.11 1018.3      FORTWILLIAM
1889 09 02 18 00  49.92   -6.30 1013.9           SCILLY
1889 09 02 18 00  56.82   -5.11 1017.4      FORTWILLIAM
1889 09 02 21 00  56.82   -5.11 1017.7      FORTWILLIAM
1889 09 03 08 00  49.92   -6.30 1015.2           SCILLY
1889 09 03 08 00  56.82   -5.11 1017.7      FORTWILLIAM
1889 09 03 09 00  56.82   -5.11 1017.5      FORTWILLIAM
1889 09 03 14 00  49.92   -6.30 1016.6           SCILLY
1889 09 03 14 00  56.82   -5.11 1018.2      FORTWILLIAM
1889 09 03 18 00  49.92   -6.30 1019.3           SCILLY
1889 09 03 18 00  56.82   -5.11 1018.7      FORTWILLIAM
1889 09 03 21 00  56.82   -5.11 1018.9      FORTWILLIAM
1889 09 04 08 00  49.92   -6.30 1022.7           SCILLY
1889 09 04 08 00  56.82   -5.11 1021.8      FORTWILLIAM
1889 09 04 09 00  56.82   -5.11 1021.8      FORTWILLIAM
1889 09 04 14 00  49.92   -6.30 1023.7           SCILLY
1889 09 04 14 00  56.82   -5.11 1023.3      FORTWILLIAM
1889 09 04 18 00  49.92   -6.30 1023.7           SCILLY
1889 09 04 18 00  56.82   -5.11 1023.1      FORTWILLIAM
1889 09 04 21 00  56.82   -5.11 1023.6      FORTWILLIAM
1889 09 05 08 00  49.92   -6.30 1024.0           SCILLY
1889 09 05 08 00  56.82   -5.11 1024.4      FORTWILLIAM
1889 09 05 09 00  56.82   -5.11 1024.8      FORTWILLIAM
1889 09 05 14 00  49.92   -6.30 1024.4           SCILLY
1889 09 05 14 00  56.82   -5.11 1024.4      FORTWILLIAM
1889 09 05 18 00  49.92   -6.30 1024.0           SCILLY
1889 09 05 18 00  56.82   -5.11 1024.6      FORTWILLIAM
1889 09 05 21 00  56.82   -5.11 1025.2      FORTWILLIAM
1889 09 06 08 00  49.92   -6.30 1023.7           SCILLY
1889 09 06 08 00  56.82   -5.11 1026.4      FORTWILLIAM
1889 09 06 09 00  56.82   -5.11 1026.4      FORTWILLIAM
1889 09 06 14 00  49.92   -6.30 1022.7           SCILLY
1889 09 06 14 00  56.82   -5.11 1025.8      FORTWILLIAM
1889 09 06 18 00  49.92   -6.30 1022.0           SCILLY
1889 09 06 18 00  56.82   -5.11 1025.1      FORTWILLIAM
1889 09 06 21 00  56.82   -5.11 1025.8      FORTWILLIAM
1889 09 07 08 00  49.92   -6.30 1020.0           SCILLY
1889 09 07 08 00  56.82   -5.11 1025.2      FORTWILLIAM
1889 09 07 09 00  56.82   -5.11 1024.7      FORTWILLIAM
1889 09 07 14 00  49.92   -6.30 1018.3           SCILLY
1889 09 07 14 00  56.82   -5.11 1022.1      FORTWILLIAM
1889 09 07 18 00  49.92   -6.30 1017.6           SCILLY
1889 09 07 18 00  56.82   -5.11 1020.6      FORTWILLIAM
1889 09 07 21 00  56.82   -5.11 1020.8      FORTWILLIAM
1889 09 08 08 00  49.92   -6.30 1016.6           SCILLY
1889 09 08 08 00  56.82   -5.11 1019.9      FORTWILLIAM
1889 09 08 09 00  56.82   -5.11 1019.3      FORTWILLIAM
1889 09 08 14 00  49.92   -6.30 1017.3           SCILLY
1889 09 08 14 00  56.82   -5.11 1016.0      FORTWILLIAM
1889 09 08 18 00  49.92   -6.30 1017.3           SCILLY
1889 09 08 18 00  56.82   -5.11 1013.6      FORTWILLIAM
1889 09 08 21 00  56.82   -5.11 1014.3      FORTWILLIAM
1889 09 09 08 00  49.92   -6.30 1020.7           SCILLY
1889 09 09 08 00  56.82   -5.11 1011.2      FORTWILLIAM
1889 09 09 09 00  56.82   -5.11 1011.5      FORTWILLIAM
1889 09 09 14 00  49.92   -6.30 1020.3           SCILLY
1889 09 09 14 00  56.82   -5.11 1014.7      FORTWILLIAM
1889 09 09 18 00  49.92   -6.30 1020.7           SCILLY
1889 09 09 18 00  56.82   -5.11 1015.5      FORTWILLIAM
1889 09 09 21 00  56.82   -5.11 1015.7      FORTWILLIAM
1889 09 10 08 00  49.92   -6.30 1020.3           SCILLY
1889 09 10 08 00  56.82   -5.11 1016.4      FORTWILLIAM
1889 09 10 09 00  56.82   -5.11 1017.0      FORTWILLIAM
1889 09 10 14 00  49.92   -6.30 1019.3           SCILLY
1889 09 10 14 00  56.82   -5.11 1016.8      FORTWILLIAM
1889 09 10 18 00  49.92   -6.30 1019.3           SCILLY
1889 09 10 18 00  56.82   -5.11 1015.8      FORTWILLIAM
1889 09 10 21 00  56.82   -5.11 1015.9      FORTWILLIAM
1889 09 11 08 00  49.92   -6.30 1019.6           SCILLY
1889 09 11 08 00  56.82   -5.11 1015.3      FORTWILLIAM
1889 09 11 09 00  56.82   -5.11 1015.4      FORTWILLIAM
1889 09 11 14 00  49.92   -6.30 1020.7           SCILLY
1889 09 11 14 00  56.82   -5.11 1016.2      FORTWILLIAM
1889 09 11 18 00  49.92   -6.30 1021.0           SCILLY
1889 09 11 18 00  56.82   -5.11 1016.2      FORTWILLIAM
1889 09 11 21 00  56.82   -5.11 1016.9      FORTWILLIAM
1889 09 12 08 00  49.92   -6.30 1021.0           SCILLY
1889 09 12 08 00  56.82   -5.11 1021.9      FORTWILLIAM
1889 09 12 09 00  56.82   -5.11 1022.5      FORTWILLIAM
1889 09 12 14 00  49.92   -6.30 1022.0           SCILLY
1889 09 12 14 00  56.82   -5.11 1022.2      FORTWILLIAM
1889 09 12 18 00  49.92   -6.30 1022.0           SCILLY
1889 09 12 18 00  56.82   -5.11 1021.5      FORTWILLIAM
1889 09 12 21 00  56.82   -5.11 1021.4      FORTWILLIAM
1889 09 13 08 00  49.92   -6.30 1025.4           SCILLY
1889 09 13 08 00  56.82   -5.11 1021.8      FORTWILLIAM
1889 09 13 09 00  56.82   -5.11 1021.8      FORTWILLIAM
1889 09 13 14 00  49.92   -6.30 1026.1           SCILLY
1889 09 13 14 00  56.82   -5.11 1022.6      FORTWILLIAM
1889 09 13 18 00  49.92   -6.30 1026.1           SCILLY
1889 09 13 18 00  56.82   -5.11 1024.5      FORTWILLIAM
1889 09 13 21 00  56.82   -5.11 1025.6      FORTWILLIAM
1889 09 14 08 00  49.92   -6.30 1027.1           SCILLY
1889 09 14 08 00  56.82   -5.11 1029.5      FORTWILLIAM
1889 09 14 09 00  56.82   -5.11 1029.5      FORTWILLIAM
1889 09 14 14 00  49.92   -6.30 1027.4           SCILLY
1889 09 14 14 00  56.82   -5.11 1030.0      FORTWILLIAM
1889 09 14 18 00  49.92   -6.30 1025.1           SCILLY
1889 09 14 18 00  56.82   -5.11 1029.9      FORTWILLIAM
1889 09 14 21 00  56.82   -5.11 1030.8      FORTWILLIAM
1889 09 15 08 00  49.92   -6.30 1027.8           SCILLY
1889 09 15 08 00  56.82   -5.11 1032.0      FORTWILLIAM
1889 09 15 09 00  56.82   -5.11 1032.1      FORTWILLIAM
1889 09 15 14 00  49.92   -6.30 1028.1           SCILLY
1889 09 15 14 00  56.82   -5.11 1030.7      FORTWILLIAM
1889 09 15 18 00  49.92   -6.30 1028.1           SCILLY
1889 09 15 18 00  56.82   -5.11 1030.2      FORTWILLIAM
1889 09 15 21 00  56.82   -5.11 1030.3      FORTWILLIAM
1889 09 16 08 00  49.92   -6.30 1027.4           SCILLY
1889 09 16 08 00  56.82   -5.11 1027.1      FORTWILLIAM
1889 09 16 09 00  56.82   -5.11 1027.4      FORTWILLIAM
1889 09 16 14 00  49.92   -6.30 1027.1           SCILLY
1889 09 16 14 00  56.82   -5.11 1024.7      FORTWILLIAM
1889 09 16 18 00  49.92   -6.30 1025.7           SCILLY
1889 09 16 18 00  56.82   -5.11 1022.0      FORTWILLIAM
1889 09 16 21 00  56.82   -5.11 1020.4      FORTWILLIAM
1889 09 17 08 00  49.92   -6.30 1019.0           SCILLY
1889 09 17 08 00  56.82   -5.11 1015.4      FORTWILLIAM
1889 09 17 09 00  56.82   -5.11 1015.4      FORTWILLIAM
1889 09 17 14 00  49.92   -6.30 1016.9           SCILLY
1889 09 17 14 00  56.82   -5.11 1016.5      FORTWILLIAM
1889 09 17 18 00  49.92   -6.30 1016.3           SCILLY
1889 09 17 18 00  56.82   -5.11 1016.5      FORTWILLIAM
1889 09 17 21 00  56.82   -5.11 1017.0      FORTWILLIAM
1889 09 18 08 00  49.92   -6.30 1018.6           SCILLY
1889 09 18 08 00  56.82   -5.11 1014.6      FORTWILLIAM
1889 09 18 09 00  56.82   -5.11 1014.5      FORTWILLIAM
1889 09 18 14 00  49.92   -6.30 1019.0           SCILLY
1889 09 18 14 00  56.82   -5.11 1012.3      FORTWILLIAM
1889 09 18 18 00  49.92   -6.30 1017.9           SCILLY
1889 09 18 18 00  56.82   -5.11 1009.3      FORTWILLIAM
1889 09 18 21 00  56.82   -5.11 1006.9      FORTWILLIAM
1889 09 19 08 00  49.92   -6.30 1014.6           SCILLY
1889 09 19 08 00  56.82   -5.11  998.5      FORTWILLIAM
1889 09 19 09 00  56.82   -5.11  999.1      FORTWILLIAM
1889 09 19 14 00  49.92   -6.30 1011.9           SCILLY
1889 09 19 14 00  56.82   -5.11  998.8      FORTWILLIAM
1889 09 19 18 00  49.92   -6.30 1010.8           SCILLY
1889 09 19 18 00  56.82   -5.11  997.6      FORTWILLIAM
1889 09 19 21 00  56.82   -5.11  997.1      FORTWILLIAM
1889 09 20 08 00  49.92   -6.30 1010.8           SCILLY
1889 09 20 08 00  56.82   -5.11  998.4      FORTWILLIAM
1889 09 20 09 00  56.82   -5.11  998.3      FORTWILLIAM
1889 09 20 14 00  49.92   -6.30 1010.8           SCILLY
1889 09 20 14 00  56.82   -5.11  998.2      FORTWILLIAM
1889 09 20 18 00  49.92   -6.30 1010.2           SCILLY
1889 09 20 18 00  56.82   -5.11 1000.2      FORTWILLIAM
1889 09 20 21 00  56.82   -5.11 1001.2      FORTWILLIAM
1889 09 21 08 00  49.92   -6.30 1010.8           SCILLY
1889 09 21 08 00  56.82   -5.11 1001.5      FORTWILLIAM
1889 09 21 09 00  56.82   -5.11 1000.5      FORTWILLIAM
1889 09 21 14 00  49.92   -6.30 1010.5           SCILLY
1889 09 21 14 00  56.82   -5.11  999.1      FORTWILLIAM
1889 09 21 18 00  49.92   -6.30 1008.8           SCILLY
1889 09 21 18 00  56.82   -5.11 1000.7      FORTWILLIAM
1889 09 21 21 00  56.82   -5.11 1000.7      FORTWILLIAM
1889 09 22 08 00  49.92   -6.30 1006.4           SCILLY
1889 09 22 08 00  56.82   -5.11 1004.3      FORTWILLIAM
1889 09 22 09 00  56.82   -5.11 1004.6      FORTWILLIAM
1889 09 22 14 00  49.92   -6.30 1010.2           SCILLY
1889 09 22 14 00  56.82   -5.11 1005.9      FORTWILLIAM
1889 09 22 18 00  49.92   -6.30 1012.5           SCILLY
1889 09 22 18 00  56.82   -5.11 1007.5      FORTWILLIAM
1889 09 22 21 00  56.82   -5.11 1008.7      FORTWILLIAM
1889 09 23 08 00  49.92   -6.30 1011.9           SCILLY
1889 09 23 08 00  56.82   -5.11 1008.8      FORTWILLIAM
1889 09 23 09 00  56.82   -5.11 1008.9      FORTWILLIAM
1889 09 23 14 00  49.92   -6.30 1006.1           SCILLY
1889 09 23 14 00  56.82   -5.11 1006.5      FORTWILLIAM
1889 09 23 18 00  49.92   -6.30 1002.4           SCILLY
1889 09 23 18 00  56.82   -5.11 1006.1      FORTWILLIAM
1889 09 23 21 00  56.82   -5.11 1006.5      FORTWILLIAM
1889 09 24 08 00  49.92   -6.30  996.6           SCILLY
1889 09 24 08 00  56.82   -5.11 1008.2      FORTWILLIAM
1889 09 24 09 00  56.82   -5.11 1007.9      FORTWILLIAM
1889 09 24 14 00  49.92   -6.30 1002.0           SCILLY
1889 09 24 14 00  56.82   -5.11 1005.6      FORTWILLIAM
1889 09 24 18 00  49.92   -6.30 1005.8           SCILLY
1889 09 24 18 00  56.82   -5.11 1003.7      FORTWILLIAM
1889 09 24 21 00  56.82   -5.11 1006.2      FORTWILLIAM
1889 09 25 08 00  49.92   -6.30 1016.6           SCILLY
1889 09 25 08 00  56.82   -5.11 1015.1      FORTWILLIAM
1889 09 25 09 00  56.82   -5.11 1015.1      FORTWILLIAM
1889 09 25 14 00  49.92   -6.30 1020.3           SCILLY
1889 09 25 14 00  56.82   -5.11 1015.5      FORTWILLIAM
1889 09 25 18 00  49.92   -6.30 1022.0           SCILLY
1889 09 25 18 00  56.82   -5.11 1016.5      FORTWILLIAM
1889 09 25 21 00  56.82   -5.11 1017.0      FORTWILLIAM
1889 09 26 08 00  49.92   -6.30 1024.7           SCILLY
1889 09 26 08 00  56.82   -5.11 1012.1      FORTWILLIAM
1889 09 26 09 00  56.82   -5.11 1011.5      FORTWILLIAM
1889 09 26 14 00  49.92   -6.30 1025.7           SCILLY
1889 09 26 14 00  56.82   -5.11 1009.2      FORTWILLIAM
1889 09 26 18 00  49.92   -6.30 1025.4           SCILLY
1889 09 26 18 00  56.82   -5.11 1010.4      FORTWILLIAM
1889 09 26 21 00  56.82   -5.11 1011.4      FORTWILLIAM
1889 09 27 08 00  49.92   -6.30 1025.1           SCILLY
1889 09 27 08 00  56.82   -5.11 1009.6      FORTWILLIAM
1889 09 27 09 00  56.82   -5.11 1009.3      FORTWILLIAM
1889 09 27 14 00  49.92   -6.30 1024.0           SCILLY
1889 09 27 14 00  56.82   -5.11 1008.5      FORTWILLIAM
1889 09 27 18 00  49.92   -6.30 1023.0           SCILLY
1889 09 27 18 00  56.82   -5.11 1009.6      FORTWILLIAM
1889 09 27 21 00  56.82   -5.11 1008.7      FORTWILLIAM
1889 09 28 08 00  49.92   -6.30 1019.0           SCILLY
1889 09 28 08 00  56.82   -5.11 1007.9      FORTWILLIAM
1889 09 28 09 00  56.82   -5.11 1007.8      FORTWILLIAM
1889 09 28 14 00  49.92   -6.30 1019.0           SCILLY
1889 09 28 14 00  56.82   -5.11 1009.5      FORTWILLIAM
1889 09 28 18 00  49.92   -6.30 1017.6           SCILLY
1889 09 28 18 00  56.82   -5.11 1011.8      FORTWILLIAM
1889 09 28 21 00  56.82   -5.11 1012.7      FORTWILLIAM
1889 09 29 08 00  49.92   -6.30 1016.6           SCILLY
1889 09 29 08 00  56.82   -5.11 1014.6      FORTWILLIAM
1889 09 29 09 00  56.82   -5.11 1014.6      FORTWILLIAM
1889 09 29 14 00  49.92   -6.30 1016.6           SCILLY
1889 09 29 14 00  56.82   -5.11 1013.8      FORTWILLIAM
1889 09 29 18 00  49.92   -6.30 1016.6           SCILLY
1889 09 29 18 00  56.82   -5.11 1012.8      FORTWILLIAM
1889 09 29 21 00  56.82   -5.11 1009.9      FORTWILLIAM
1889 09 30 08 00  49.92   -6.30 1012.2           SCILLY
1889 09 30 08 00  56.82   -5.11 1010.3      FORTWILLIAM
1889 09 30 09 00  56.82   -5.11 1010.4      FORTWILLIAM
1889 09 30 14 00  49.92   -6.30 1010.5           SCILLY
1889 09 30 14 00  56.82   -5.11 1013.9      FORTWILLIAM
1889 09 30 18 00  49.92   -6.30 1011.5           SCILLY
1889 09 30 18 00  56.82   -5.11 1016.7      FORTWILLIAM
1889 09 30 21 00  56.82   -5.11 1019.4      FORTWILLIAM
