1890 02 01 08 00  49.92   -6.30 1027.1           SCILLY
1890 02 01 08 00  56.82   -5.11 1014.5      FORTWILLIAM
1890 02 01 09 00  56.82   -5.11 1013.9      FORTWILLIAM
1890 02 01 14 00  49.92   -6.30 1024.0           SCILLY
1890 02 01 14 00  56.82   -5.11 1010.6      FORTWILLIAM
1890 02 01 18 00  49.92   -6.30 1022.7           SCILLY
1890 02 01 18 00  56.82   -5.11 1009.3      FORTWILLIAM
1890 02 01 21 00  56.82   -5.11 1009.9      FORTWILLIAM
1890 02 02 08 00  49.92   -6.30 1022.0           SCILLY
1890 02 02 08 00  56.82   -5.11 1013.3      FORTWILLIAM
1890 02 02 09 00  56.82   -5.11 1014.5      FORTWILLIAM
1890 02 02 14 00  49.92   -6.30 1026.4           SCILLY
1890 02 02 14 00  56.82   -5.11 1018.4      FORTWILLIAM
1890 02 02 18 00  49.92   -6.30 1029.1           SCILLY
1890 02 02 18 00  56.82   -5.11 1019.8      FORTWILLIAM
1890 02 02 21 00  56.82   -5.11 1021.0      FORTWILLIAM
1890 02 03 08 00  49.92   -6.30 1031.8           SCILLY
1890 02 03 08 00  56.82   -5.11 1023.2      FORTWILLIAM
1890 02 03 09 00  56.82   -5.11 1023.8      FORTWILLIAM
1890 02 03 14 00  49.92   -6.30 1029.8           SCILLY
1890 02 03 14 00  56.82   -5.11 1023.0      FORTWILLIAM
1890 02 03 18 00  49.92   -6.30 1028.4           SCILLY
1890 02 03 18 00  56.82   -5.11 1020.9      FORTWILLIAM
1890 02 03 21 00  56.82   -5.11 1019.8      FORTWILLIAM
1890 02 04 08 00  49.92   -6.30 1023.4           SCILLY
1890 02 04 08 00  56.82   -5.11 1016.5      FORTWILLIAM
1890 02 04 09 00  56.82   -5.11 1017.4      FORTWILLIAM
1890 02 04 14 00  49.92   -6.30 1021.0           SCILLY
1890 02 04 14 00  56.82   -5.11 1018.8      FORTWILLIAM
1890 02 04 18 00  49.92   -6.30 1020.0           SCILLY
1890 02 04 18 00  56.82   -5.11 1020.0      FORTWILLIAM
1890 02 04 21 00  56.82   -5.11 1020.8      FORTWILLIAM
1890 02 05 08 00  49.92   -6.30 1020.7           SCILLY
1890 02 05 08 00  56.82   -5.11 1023.0      FORTWILLIAM
1890 02 05 09 00  56.82   -5.11 1023.3      FORTWILLIAM
1890 02 05 14 00  49.92   -6.30 1022.0           SCILLY
1890 02 05 14 00  56.82   -5.11 1023.9      FORTWILLIAM
1890 02 05 18 00  49.92   -6.30 1022.4           SCILLY
1890 02 05 18 00  56.82   -5.11 1024.7      FORTWILLIAM
1890 02 05 21 00  56.82   -5.11 1025.0      FORTWILLIAM
1890 02 06 08 00  49.92   -6.30 1023.0           SCILLY
1890 02 06 08 00  56.82   -5.11 1026.9      FORTWILLIAM
1890 02 06 09 00  56.82   -5.11 1026.9      FORTWILLIAM
1890 02 06 14 00  49.92   -6.30 1023.4           SCILLY
1890 02 06 14 00  56.82   -5.11 1027.6      FORTWILLIAM
1890 02 06 18 00  49.92   -6.30 1023.0           SCILLY
1890 02 06 18 00  56.82   -5.11 1028.9      FORTWILLIAM
1890 02 06 21 00  56.82   -5.11 1030.0      FORTWILLIAM
1890 02 07 08 00  49.92   -6.30 1025.4           SCILLY
1890 02 07 08 00  56.82   -5.11 1033.6      FORTWILLIAM
1890 02 07 09 00  56.82   -5.11 1033.9      FORTWILLIAM
1890 02 07 14 00  49.92   -6.30 1026.4           SCILLY
1890 02 07 14 00  56.82   -5.11 1033.5      FORTWILLIAM
1890 02 07 18 00  49.92   -6.30 1026.4           SCILLY
1890 02 07 18 00  56.82   -5.11 1032.7      FORTWILLIAM
1890 02 07 21 00  56.82   -5.11 1032.9      FORTWILLIAM
1890 02 08 08 00  49.92   -6.30 1023.7           SCILLY
1890 02 08 08 00  56.82   -5.11 1031.1      FORTWILLIAM
1890 02 08 09 00  56.82   -5.11 1031.7      FORTWILLIAM
1890 02 08 14 00  49.92   -6.30 1022.0           SCILLY
1890 02 08 14 00  56.82   -5.11 1030.0      FORTWILLIAM
1890 02 08 18 00  49.92   -6.30 1020.7           SCILLY
1890 02 08 18 00  56.82   -5.11 1029.0      FORTWILLIAM
1890 02 08 21 00  56.82   -5.11 1027.9      FORTWILLIAM
1890 02 09 08 00  49.92   -6.30 1018.6           SCILLY
1890 02 09 08 00  56.82   -5.11 1025.9      FORTWILLIAM
1890 02 09 09 00  56.82   -5.11 1025.7      FORTWILLIAM
1890 02 09 14 00  49.92   -6.30 1018.3           SCILLY
1890 02 09 14 00  56.82   -5.11 1024.6      FORTWILLIAM
1890 02 09 18 00  49.92   -6.30 1018.3           SCILLY
1890 02 09 18 00  56.82   -5.11 1025.2      FORTWILLIAM
1890 02 09 21 00  56.82   -5.11 1026.1      FORTWILLIAM
1890 02 10 08 00  49.92   -6.30 1018.3           SCILLY
1890 02 10 08 00  56.82   -5.11 1026.0      FORTWILLIAM
1890 02 10 09 00  56.82   -5.11 1026.1      FORTWILLIAM
1890 02 10 14 00  49.92   -6.30 1017.9           SCILLY
1890 02 10 14 00  56.82   -5.11 1023.9      FORTWILLIAM
1890 02 10 18 00  49.92   -6.30 1019.0           SCILLY
1890 02 10 18 00  56.82   -5.11 1024.3      FORTWILLIAM
1890 02 10 21 00  56.82   -5.11 1024.8      FORTWILLIAM
1890 02 11 08 00  49.92   -6.30 1020.3           SCILLY
1890 02 11 08 00  56.82   -5.11 1024.0      FORTWILLIAM
1890 02 11 09 00  56.82   -5.11 1023.8      FORTWILLIAM
1890 02 11 14 00  49.92   -6.30 1018.6           SCILLY
1890 02 11 14 00  56.82   -5.11 1021.1      FORTWILLIAM
1890 02 11 18 00  49.92   -6.30 1014.2           SCILLY
1890 02 11 18 00  56.82   -5.11 1020.2      FORTWILLIAM
1890 02 11 21 00  56.82   -5.11 1018.5      FORTWILLIAM
1890 02 12 08 00  49.92   -6.30 1004.7           SCILLY
1890 02 12 08 00  56.82   -5.11 1013.4      FORTWILLIAM
1890 02 12 09 00  56.82   -5.11 1013.6      FORTWILLIAM
1890 02 12 14 00  49.92   -6.30  998.0           SCILLY
1890 02 12 14 00  56.82   -5.11 1010.0      FORTWILLIAM
1890 02 12 18 00  49.92   -6.30  995.6           SCILLY
1890 02 12 18 00  56.82   -5.11 1009.3      FORTWILLIAM
1890 02 12 21 00  56.82   -5.11 1008.2      FORTWILLIAM
1890 02 13 08 00  49.92   -6.30  997.0           SCILLY
1890 02 13 08 00  56.82   -5.11 1008.4      FORTWILLIAM
1890 02 13 09 00  56.82   -5.11 1008.4      FORTWILLIAM
1890 02 13 14 00  49.92   -6.30 1003.0           SCILLY
1890 02 13 14 00  56.82   -5.11 1007.7      FORTWILLIAM
1890 02 13 18 00  49.92   -6.30 1007.1           SCILLY
1890 02 13 18 00  56.82   -5.11 1008.7      FORTWILLIAM
1890 02 13 21 00  56.82   -5.11 1008.8      FORTWILLIAM
1890 02 14 08 00  49.92   -6.30 1011.9           SCILLY
1890 02 14 08 00  56.82   -5.11 1011.2      FORTWILLIAM
1890 02 14 09 00  56.82   -5.11 1011.2      FORTWILLIAM
1890 02 14 14 00  49.92   -6.30 1010.2           SCILLY
1890 02 14 14 00  56.82   -5.11 1011.4      FORTWILLIAM
1890 02 14 18 00  49.92   -6.30 1008.8           SCILLY
1890 02 14 18 00  56.82   -5.11 1012.2      FORTWILLIAM
1890 02 14 21 00  56.82   -5.11 1012.5      FORTWILLIAM
1890 02 15 08 00  49.92   -6.30 1007.8           SCILLY
1890 02 15 08 00  56.82   -5.11 1012.7      FORTWILLIAM
1890 02 15 09 00  56.82   -5.11 1012.8      FORTWILLIAM
1890 02 15 14 00  49.92   -6.30 1007.8           SCILLY
1890 02 15 14 00  56.82   -5.11 1009.7      FORTWILLIAM
1890 02 15 18 00  49.92   -6.30 1007.5           SCILLY
1890 02 15 18 00  56.82   -5.11 1007.6      FORTWILLIAM
1890 02 15 21 00  56.82   -5.11 1005.6      FORTWILLIAM
1890 02 16 08 00  49.92   -6.30  996.6           SCILLY
1890 02 16 08 00  56.82   -5.11 1000.9      FORTWILLIAM
1890 02 16 09 00  56.82   -5.11 1000.9      FORTWILLIAM
1890 02 16 14 00  49.92   -6.30  997.0           SCILLY
1890 02 16 14 00  56.82   -5.11 1001.4      FORTWILLIAM
1890 02 16 18 00  49.92   -6.30  997.3           SCILLY
1890 02 16 18 00  56.82   -5.11 1002.8      FORTWILLIAM
1890 02 16 21 00  56.82   -5.11 1004.9      FORTWILLIAM
1890 02 17 08 00  49.92   -6.30  998.6           SCILLY
1890 02 17 08 00  56.82   -5.11 1010.5      FORTWILLIAM
1890 02 17 09 00  56.82   -5.11 1011.2      FORTWILLIAM
1890 02 17 14 00  49.92   -6.30 1001.4           SCILLY
1890 02 17 14 00  56.82   -5.11 1012.7      FORTWILLIAM
1890 02 17 18 00  49.92   -6.30 1002.4           SCILLY
1890 02 17 18 00  56.82   -5.11 1013.9      FORTWILLIAM
1890 02 17 21 00  56.82   -5.11 1016.6      FORTWILLIAM
1890 02 18 08 00  49.92   -6.30 1008.5           SCILLY
1890 02 18 08 00  56.82   -5.11 1022.3      FORTWILLIAM
1890 02 18 09 00  56.82   -5.11 1023.5      FORTWILLIAM
1890 02 18 14 00  49.92   -6.30 1009.8           SCILLY
1890 02 18 14 00  56.82   -5.11 1024.6      FORTWILLIAM
1890 02 18 18 00  49.92   -6.30 1010.5           SCILLY
1890 02 18 18 00  56.82   -5.11 1025.0      FORTWILLIAM
1890 02 18 21 00  56.82   -5.11 1025.7      FORTWILLIAM
1890 02 19 08 00  49.92   -6.30 1011.5           SCILLY
1890 02 19 08 00  56.82   -5.11 1026.3      FORTWILLIAM
1890 02 19 09 00  56.82   -5.11 1026.0      FORTWILLIAM
1890 02 19 14 00  49.92   -6.30 1015.2           SCILLY
1890 02 19 14 00  56.82   -5.11 1024.2      FORTWILLIAM
1890 02 19 18 00  49.92   -6.30 1017.3           SCILLY
1890 02 19 18 00  56.82   -5.11 1023.8      FORTWILLIAM
1890 02 19 21 00  56.82   -5.11 1022.1      FORTWILLIAM
1890 02 20 08 00  49.92   -6.30 1015.6           SCILLY
1890 02 20 08 00  56.82   -5.11 1019.4      FORTWILLIAM
1890 02 20 09 00  56.82   -5.11 1018.5      FORTWILLIAM
1890 02 20 14 00  49.92   -6.30 1015.9           SCILLY
1890 02 20 14 00  56.82   -5.11 1017.5      FORTWILLIAM
1890 02 20 18 00  49.92   -6.30 1017.3           SCILLY
1890 02 20 18 00  56.82   -5.11 1016.3      FORTWILLIAM
1890 02 20 21 00  56.82   -5.11 1016.4      FORTWILLIAM
1890 02 21 08 00  49.92   -6.30 1019.0           SCILLY
1890 02 21 08 00  56.82   -5.11 1018.2      FORTWILLIAM
1890 02 21 09 00  56.82   -5.11 1018.7      FORTWILLIAM
1890 02 21 14 00  49.92   -6.30 1022.0           SCILLY
1890 02 21 14 00  56.82   -5.11 1020.6      FORTWILLIAM
1890 02 21 18 00  49.92   -6.30 1021.7           SCILLY
1890 02 21 18 00  56.82   -5.11 1022.2      FORTWILLIAM
1890 02 21 21 00  56.82   -5.11 1024.0      FORTWILLIAM
1890 02 22 08 00  49.92   -6.30 1029.1           SCILLY
1890 02 22 08 00  56.82   -5.11 1030.8      FORTWILLIAM
1890 02 22 09 00  56.82   -5.11 1030.8      FORTWILLIAM
1890 02 22 14 00  49.92   -6.30 1031.8           SCILLY
1890 02 22 14 00  56.82   -5.11 1032.6      FORTWILLIAM
1890 02 22 18 00  49.92   -6.30 1033.9           SCILLY
1890 02 22 18 00  56.82   -5.11 1034.2      FORTWILLIAM
1890 02 22 21 00  56.82   -5.11 1035.6      FORTWILLIAM
1890 02 23 08 00  49.92   -6.30 1036.9           SCILLY
1890 02 23 08 00  56.82   -5.11 1038.9      FORTWILLIAM
1890 02 23 09 00  56.82   -5.11 1039.4      FORTWILLIAM
1890 02 23 14 00  49.92   -6.30 1036.2           SCILLY
1890 02 23 14 00  56.82   -5.11 1040.3      FORTWILLIAM
1890 02 23 18 00  49.92   -6.30 1035.6           SCILLY
1890 02 23 18 00  56.82   -5.11 1040.7      FORTWILLIAM
1890 02 23 21 00  56.82   -5.11 1041.0      FORTWILLIAM
1890 02 24 08 00  49.92   -6.30 1033.2           SCILLY
1890 02 24 08 00  56.82   -5.11 1039.9      FORTWILLIAM
1890 02 24 09 00  56.82   -5.11 1039.5      FORTWILLIAM
1890 02 24 14 00  49.92   -6.30 1031.2           SCILLY
1890 02 24 14 00  56.82   -5.11 1038.9      FORTWILLIAM
1890 02 24 18 00  49.92   -6.30 1030.8           SCILLY
1890 02 24 18 00  56.82   -5.11 1039.9      FORTWILLIAM
1890 02 24 21 00  56.82   -5.11 1040.1      FORTWILLIAM
1890 02 25 08 00  49.92   -6.30 1030.1           SCILLY
1890 02 25 08 00  56.82   -5.11 1038.8      FORTWILLIAM
1890 02 25 09 00  56.82   -5.11 1038.8      FORTWILLIAM
1890 02 25 14 00  49.92   -6.30 1029.5           SCILLY
1890 02 25 14 00  56.82   -5.11 1036.2      FORTWILLIAM
1890 02 25 18 00  49.92   -6.30 1028.8           SCILLY
1890 02 25 18 00  56.82   -5.11 1034.7      FORTWILLIAM
1890 02 25 21 00  56.82   -5.11 1034.0      FORTWILLIAM
1890 02 26 08 00  49.92   -6.30 1024.7           SCILLY
1890 02 26 08 00  56.82   -5.11 1033.4      FORTWILLIAM
1890 02 26 09 00  56.82   -5.11 1034.0      FORTWILLIAM
1890 02 26 14 00  49.92   -6.30 1025.7           SCILLY
1890 02 26 14 00  56.82   -5.11 1038.5      FORTWILLIAM
1890 02 26 18 00  49.92   -6.30 1027.1           SCILLY
1890 02 26 18 00  56.82   -5.11 1039.3      FORTWILLIAM
1890 02 26 21 00  56.82   -5.11 1040.4      FORTWILLIAM
1890 02 27 08 00  49.92   -6.30 1032.5           SCILLY
1890 02 27 08 00  56.82   -5.11 1037.4      FORTWILLIAM
1890 02 27 09 00  56.82   -5.11 1036.8      FORTWILLIAM
1890 02 27 14 00  49.92   -6.30 1031.2           SCILLY
1890 02 27 14 00  56.82   -5.11 1036.3      FORTWILLIAM
1890 02 27 18 00  49.92   -6.30 1030.1           SCILLY
1890 02 27 18 00  56.82   -5.11 1037.6      FORTWILLIAM
1890 02 27 21 00  56.82   -5.11 1036.7      FORTWILLIAM
1890 02 28 08 00  49.92   -6.30 1032.5           SCILLY
1890 02 28 08 00  56.82   -5.11 1034.6      FORTWILLIAM
1890 02 28 09 00  56.82   -5.11 1033.8      FORTWILLIAM
1890 02 28 14 00  49.92   -6.30 1031.5           SCILLY
1890 02 28 14 00  56.82   -5.11 1029.6      FORTWILLIAM
1890 02 28 18 00  49.92   -6.30 1030.1           SCILLY
1890 02 28 18 00  56.82   -5.11 1027.3      FORTWILLIAM
1890 02 28 21 00  56.82   -5.11 1021.9      FORTWILLIAM
