1877 03 01 08 00  49.93   -6.30 1027.1           SCILLY
1877 03 01 14 00  49.93   -6.30 1026.4           SCILLY
1877 03 01 18 00  49.93   -6.30 1025.4           SCILLY
1877 03 02 08 00  49.93   -6.30 1023.7           SCILLY
1877 03 02 14 00  49.93   -6.30 1023.0           SCILLY
1877 03 02 18 00  49.93   -6.30 1022.0           SCILLY
1877 03 03 08 00  49.93   -6.30 1019.3           SCILLY
1877 03 03 14 00  49.93   -6.30 1018.3           SCILLY
1877 03 03 18 00  49.93   -6.30 1018.3           SCILLY
1877 03 04 08 00  49.93   -6.30 1017.6           SCILLY
1877 03 04 14 00  49.93   -6.30 1018.3           SCILLY
1877 03 04 18 00  49.93   -6.30 1019.3           SCILLY
1877 03 05 08 00  49.93   -6.30 1017.9           SCILLY
1877 03 05 14 00  49.93   -6.30 1017.6           SCILLY
1877 03 05 18 00  49.93   -6.30 1017.9           SCILLY
1877 03 06 08 00  49.93   -6.30 1018.3           SCILLY
1877 03 06 14 00  49.93   -6.30 1017.6           SCILLY
1877 03 06 18 00  49.93   -6.30 1015.9           SCILLY
1877 03 07 08 00  49.93   -6.30 1007.5           SCILLY
1877 03 07 14 00  49.93   -6.30 1009.5           SCILLY
1877 03 07 18 00  49.93   -6.30 1009.5           SCILLY
1877 03 08 08 00  49.93   -6.30 1019.0           SCILLY
1877 03 08 14 00  49.93   -6.30 1021.3           SCILLY
1877 03 08 18 00  49.93   -6.30 1022.0           SCILLY
1877 03 09 08 00  49.93   -6.30 1023.4           SCILLY
1877 03 09 14 00  49.93   -6.30 1022.4           SCILLY
1877 03 09 18 00  49.93   -6.30 1020.3           SCILLY
1877 03 10 08 00  49.93   -6.30 1016.3           SCILLY
1877 03 10 14 00  49.93   -6.30 1015.2           SCILLY
1877 03 10 18 00  49.93   -6.30 1014.2           SCILLY
1877 03 11 08 00  49.93   -6.30 1019.0           SCILLY
1877 03 11 14 00  49.93   -6.30 1022.7           SCILLY
1877 03 11 18 00  49.93   -6.30 1023.7           SCILLY
1877 03 12 08 00  49.93   -6.30 1020.0           SCILLY
1877 03 12 14 00  49.93   -6.30 1016.9           SCILLY
1877 03 12 18 00  49.93   -6.30 1016.3           SCILLY
1877 03 13 08 00  49.93   -6.30 1019.3           SCILLY
1877 03 13 14 00  49.93   -6.30 1020.3           SCILLY
1877 03 13 18 00  49.93   -6.30 1021.3           SCILLY
1877 03 14 08 00  49.93   -6.30 1021.7           SCILLY
1877 03 14 14 00  49.93   -6.30 1021.7           SCILLY
1877 03 14 18 00  49.93   -6.30 1021.3           SCILLY
1877 03 15 08 00  49.93   -6.30 1019.0           SCILLY
1877 03 15 14 00  49.93   -6.30 1016.6           SCILLY
1877 03 15 18 00  49.93   -6.30 1013.9           SCILLY
1877 03 16 08 00  49.93   -6.30 1007.5           SCILLY
1877 03 16 14 00  49.93   -6.30 1007.1           SCILLY
1877 03 16 18 00  49.93   -6.30 1006.1           SCILLY
1877 03 17 08 00  49.93   -6.30 1006.1           SCILLY
1877 03 17 14 00  49.93   -6.30 1006.4           SCILLY
1877 03 17 18 00  49.93   -6.30 1006.8           SCILLY
1877 03 18 08 00  49.93   -6.30 1004.7           SCILLY
1877 03 18 14 00  49.93   -6.30 1004.7           SCILLY
1877 03 18 18 00  49.93   -6.30 1002.4           SCILLY
1877 03 19 08 00  49.93   -6.30 1002.4           SCILLY
1877 03 19 14 00  49.93   -6.30 1001.7           SCILLY
1877 03 19 18 00  49.93   -6.30 1001.0           SCILLY
1877 03 20 08 00  49.93   -6.30  997.0           SCILLY
1877 03 20 14 00  49.93   -6.30  996.6           SCILLY
1877 03 20 18 00  49.93   -6.30  996.6           SCILLY
1877 03 21 08 00  49.93   -6.30  998.0           SCILLY
1877 03 21 14 00  49.93   -6.30  999.0           SCILLY
1877 03 21 18 00  49.93   -6.30 1000.3           SCILLY
1877 03 22 08 00  49.93   -6.30 1007.8           SCILLY
1877 03 22 14 00  49.93   -6.30 1010.8           SCILLY
1877 03 22 18 00  49.93   -6.30 1012.2           SCILLY
1877 03 23 08 00  49.93   -6.30 1004.7           SCILLY
1877 03 23 14 00  49.93   -6.30  996.6           SCILLY
1877 03 23 18 00  49.93   -6.30  997.0           SCILLY
1877 03 24 08 00  49.93   -6.30  993.2           SCILLY
1877 03 24 14 00  49.93   -6.30  979.7           SCILLY
1877 03 24 18 00  49.93   -6.30  976.6           SCILLY
1877 03 25 08 00  49.93   -6.30  973.2           SCILLY
1877 03 25 14 00  49.93   -6.30  978.0           SCILLY
1877 03 25 18 00  49.93   -6.30  977.0           SCILLY
1877 03 26 08 00  49.93   -6.30  988.5           SCILLY
1877 03 26 14 00  49.93   -6.30  989.5           SCILLY
1877 03 26 18 00  49.93   -6.30  990.5           SCILLY
1877 03 27 08 00  49.93   -6.30  988.8           SCILLY
1877 03 27 14 00  49.93   -6.30  994.9           SCILLY
1877 03 27 18 00  49.93   -6.30  996.6           SCILLY
1877 03 28 08 00  49.93   -6.30 1003.0           SCILLY
1877 03 28 14 00  49.93   -6.30 1005.4           SCILLY
1877 03 28 18 00  49.93   -6.30 1006.8           SCILLY
1877 03 29 08 00  49.93   -6.30 1007.5           SCILLY
1877 03 29 14 00  49.93   -6.30 1009.8           SCILLY
1877 03 29 18 00  49.93   -6.30 1011.5           SCILLY
1877 03 30 08 00  49.93   -6.30 1017.6           SCILLY
1877 03 30 14 00  49.93   -6.30 1020.3           SCILLY
1877 03 30 18 00  49.93   -6.30 1022.7           SCILLY
1877 03 31 08 00  49.93   -6.30 1023.7           SCILLY
1877 03 31 14 00  49.93   -6.30 1024.0           SCILLY
1877 03 31 18 00  49.93   -6.30 1023.0           SCILLY
