1879 10 01 08 00  49.92   -6.30 1006.8           SCILLY
1879 10 01 14 00  49.92   -6.30 1011.9           SCILLY
1879 10 01 18 00  49.92   -6.30 1012.9           SCILLY
1879 10 02 08 00  49.92   -6.30 1013.9           SCILLY
1879 10 02 14 00  49.92   -6.30 1016.6           SCILLY
1879 10 02 18 00  49.92   -6.30 1016.9           SCILLY
1879 10 03 08 00  49.92   -6.30 1023.0           SCILLY
1879 10 03 14 00  49.92   -6.30 1024.4           SCILLY
1879 10 03 18 00  49.92   -6.30 1024.7           SCILLY
1879 10 04 08 00  49.92   -6.30 1026.1           SCILLY
1879 10 04 14 00  49.92   -6.30 1025.4           SCILLY
1879 10 04 18 00  49.92   -6.30 1024.4           SCILLY
1879 10 05 08 00  49.92   -6.30 1019.3           SCILLY
1879 10 05 14 00  49.92   -6.30 1019.6           SCILLY
1879 10 05 18 00  49.92   -6.30 1019.6           SCILLY
1879 10 06 08 00  49.92   -6.30 1022.4           SCILLY
1879 10 06 14 00  49.92   -6.30 1022.7           SCILLY
1879 10 06 18 00  49.92   -6.30 1023.0           SCILLY
1879 10 07 08 00  49.92   -6.30 1025.1           SCILLY
1879 10 07 14 00  49.92   -6.30 1026.1           SCILLY
1879 10 07 18 00  49.92   -6.30 1026.4           SCILLY
1879 10 08 08 00  49.92   -6.30 1029.8           SCILLY
1879 10 08 14 00  49.92   -6.30 1030.1           SCILLY
1879 10 08 18 00  49.92   -6.30 1030.1           SCILLY
1879 10 09 08 00  49.92   -6.30 1030.8           SCILLY
1879 10 09 14 00  49.92   -6.30 1030.5           SCILLY
1879 10 09 18 00  49.92   -6.30 1030.1           SCILLY
1879 10 10 08 00  49.92   -6.30 1030.5           SCILLY
1879 10 10 14 00  49.92   -6.30 1030.5           SCILLY
1879 10 10 18 00  49.92   -6.30 1030.1           SCILLY
1879 10 11 08 00  49.92   -6.30 1031.5           SCILLY
1879 10 11 14 00  49.92   -6.30 1031.5           SCILLY
1879 10 11 18 00  49.92   -6.30 1031.2           SCILLY
1879 10 12 08 00  49.92   -6.30 1031.5           SCILLY
1879 10 12 14 00  49.92   -6.30 1031.2           SCILLY
1879 10 12 18 00  49.92   -6.30 1031.2           SCILLY
1879 10 13 08 00  49.92   -6.30 1029.1           SCILLY
1879 10 13 14 00  49.92   -6.30 1027.8           SCILLY
1879 10 13 18 00  49.92   -6.30 1027.1           SCILLY
1879 10 14 08 00  49.92   -6.30 1026.1           SCILLY
1879 10 14 14 00  49.92   -6.30 1025.4           SCILLY
1879 10 14 18 00  49.92   -6.30 1024.7           SCILLY
1879 10 15 08 00  49.92   -6.30 1024.0           SCILLY
1879 10 15 14 00  49.92   -6.30 1024.7           SCILLY
1879 10 15 18 00  49.92   -6.30 1024.7           SCILLY
1879 10 16 08 00  49.92   -6.30 1027.1           SCILLY
1879 10 16 14 00  49.92   -6.30 1026.4           SCILLY
1879 10 16 18 00  49.92   -6.30 1025.7           SCILLY
1879 10 17 08 00  49.92   -6.30 1019.6           SCILLY
1879 10 17 14 00  49.92   -6.30 1018.3           SCILLY
1879 10 17 18 00  49.92   -6.30 1018.3           SCILLY
1879 10 18 08 00  49.92   -6.30 1018.6           SCILLY
1879 10 18 14 00  49.92   -6.30 1017.9           SCILLY
1879 10 18 18 00  49.92   -6.30 1016.6           SCILLY
1879 10 19 08 00  49.92   -6.30 1012.2           SCILLY
1879 10 19 14 00  49.92   -6.30 1008.8           SCILLY
1879 10 19 18 00  49.92   -6.30 1007.1           SCILLY
1879 10 20 08 00  49.92   -6.30 1003.7           SCILLY
1879 10 20 14 00  49.92   -6.30 1005.4           SCILLY
1879 10 20 18 00  49.92   -6.30 1008.1           SCILLY
1879 10 21 08 00  49.92   -6.30 1016.6           SCILLY
1879 10 21 14 00  49.92   -6.30 1018.3           SCILLY
1879 10 21 18 00  49.92   -6.30 1019.3           SCILLY
1879 10 22 08 00  49.92   -6.30 1018.6           SCILLY
1879 10 22 14 00  49.92   -6.30 1018.6           SCILLY
1879 10 22 18 00  49.92   -6.30 1019.6           SCILLY
1879 10 23 08 00  49.92   -6.30 1020.0           SCILLY
1879 10 23 14 00  49.92   -6.30 1019.0           SCILLY
1879 10 23 18 00  49.92   -6.30 1018.3           SCILLY
1879 10 24 08 00  49.92   -6.30 1012.2           SCILLY
1879 10 24 14 00  49.92   -6.30 1008.8           SCILLY
1879 10 24 18 00  49.92   -6.30 1009.1           SCILLY
1879 10 25 08 00  49.92   -6.30 1010.5           SCILLY
1879 10 25 14 00  49.92   -6.30 1008.5           SCILLY
1879 10 25 18 00  49.92   -6.30 1008.1           SCILLY
1879 10 26 08 00  49.92   -6.30 1008.5           SCILLY
1879 10 26 14 00  49.92   -6.30 1008.1           SCILLY
1879 10 26 18 00  49.92   -6.30 1008.8           SCILLY
1879 10 27 08 00  49.92   -6.30 1010.5           SCILLY
1879 10 27 14 00  49.92   -6.30 1013.2           SCILLY
1879 10 27 18 00  49.92   -6.30 1013.9           SCILLY
1879 10 28 08 00  49.92   -6.30 1017.3           SCILLY
1879 10 28 14 00  49.92   -6.30 1019.3           SCILLY
1879 10 28 18 00  49.92   -6.30 1019.3           SCILLY
1879 10 29 08 00  49.92   -6.30 1019.0           SCILLY
1879 10 29 14 00  49.92   -6.30 1019.0           SCILLY
1879 10 29 18 00  49.92   -6.30 1018.6           SCILLY
1879 10 30 08 00  49.92   -6.30 1019.0           SCILLY
1879 10 30 14 00  49.92   -6.30 1019.0           SCILLY
1879 10 30 18 00  49.92   -6.30 1019.0           SCILLY
1879 10 31 08 00  49.92   -6.30 1017.3           SCILLY
1879 10 31 14 00  49.92   -6.30 1017.3           SCILLY
1879 10 31 18 00  49.92   -6.30 1017.6           SCILLY
