1882 04 01 08 00  49.93   -6.30 1000.0           SCILLY
1882 04 01 14 00  49.93   -6.30 1000.0           SCILLY
1882 04 01 18 00  49.93   -6.30 1000.0           SCILLY
1882 04 02 08 00  49.93   -6.30 1001.7           SCILLY
1882 04 02 14 00  49.93   -6.30 1002.0           SCILLY
1882 04 02 18 00  49.93   -6.30 1002.4           SCILLY
1882 04 03 08 00  49.93   -6.30 1001.7           SCILLY
1882 04 03 14 00  49.93   -6.30 1006.8           SCILLY
1882 04 03 18 00  49.93   -6.30 1009.5           SCILLY
1882 04 04 08 00  49.93   -6.30 1013.5           SCILLY
1882 04 04 14 00  49.93   -6.30 1015.6           SCILLY
1882 04 04 18 00  49.93   -6.30 1015.6           SCILLY
1882 04 05 08 00  49.93   -6.30 1018.6           SCILLY
1882 04 05 14 00  49.93   -6.30 1020.0           SCILLY
1882 04 05 18 00  49.93   -6.30 1020.3           SCILLY
1882 04 06 08 00  49.93   -6.30 1023.7           SCILLY
1882 04 06 14 00  49.93   -6.30 1024.0           SCILLY
1882 04 06 18 00  49.93   -6.30 1024.4           SCILLY
1882 04 07 08 00  49.93   -6.30 1023.7           SCILLY
1882 04 07 14 00  49.93   -6.30 1022.7           SCILLY
1882 04 07 18 00  49.93   -6.30 1022.7           SCILLY
1882 04 08 08 00  49.93   -6.30 1023.7           SCILLY
1882 04 08 14 00  49.93   -6.30 1023.7           SCILLY
1882 04 08 18 00  49.93   -6.30 1023.4           SCILLY
1882 04 09 08 00  49.93   -6.30 1022.0           SCILLY
1882 04 09 14 00  49.93   -6.30 1022.4           SCILLY
1882 04 09 18 00  49.93   -6.30 1022.4           SCILLY
1882 04 10 08 00  49.93   -6.30 1020.7           SCILLY
1882 04 10 14 00  49.93   -6.30 1019.6           SCILLY
1882 04 10 18 00  49.93   -6.30 1019.0           SCILLY
1882 04 11 08 00  49.93   -6.30 1013.5           SCILLY
1882 04 11 14 00  49.93   -6.30 1011.2           SCILLY
1882 04 11 18 00  49.93   -6.30 1008.5           SCILLY
1882 04 12 08 00  49.93   -6.30 1001.0           SCILLY
1882 04 12 14 00  49.93   -6.30 1000.7           SCILLY
1882 04 12 18 00  49.93   -6.30  998.6           SCILLY
1882 04 13 08 00  49.93   -6.30  987.8           SCILLY
1882 04 13 14 00  49.93   -6.30  981.7           SCILLY
1882 04 13 18 00  49.93   -6.30  984.1           SCILLY
1882 04 14 08 00  49.93   -6.30  990.9           SCILLY
1882 04 14 14 00  49.93   -6.30  991.2           SCILLY
1882 04 14 18 00  49.93   -6.30  990.2           SCILLY
1882 04 15 08 00  49.93   -6.30  990.5           SCILLY
1882 04 15 14 00  49.93   -6.30  996.3           SCILLY
1882 04 15 18 00  49.93   -6.30 1000.0           SCILLY
1882 04 16 08 00  49.93   -6.30 1007.1           SCILLY
1882 04 16 14 00  49.93   -6.30 1004.4           SCILLY
1882 04 16 18 00  49.93   -6.30 1002.4           SCILLY
1882 04 17 08 00  49.93   -6.30  998.0           SCILLY
1882 04 17 14 00  49.93   -6.30  997.3           SCILLY
1882 04 17 18 00  49.93   -6.30 1000.3           SCILLY
1882 04 18 08 00  49.93   -6.30 1012.2           SCILLY
1882 04 18 14 00  49.93   -6.30 1016.9           SCILLY
1882 04 18 18 00  49.93   -6.30 1017.3           SCILLY
1882 04 19 08 00  49.93   -6.30 1015.6           SCILLY
1882 04 20 08 00  49.93   -6.30 1020.0           SCILLY
1882 04 20 14 00  49.93   -6.30 1024.0           SCILLY
1882 04 20 18 00  49.93   -6.30 1024.7           SCILLY
1882 04 21 08 00  49.93   -6.30 1020.3           SCILLY
1882 04 21 14 00  49.93   -6.30 1015.2           SCILLY
1882 04 21 18 00  49.93   -6.30 1011.5           SCILLY
1882 04 22 08 00  49.93   -6.30  998.0           SCILLY
1882 04 22 14 00  49.93   -6.30  995.3           SCILLY
1882 04 22 18 00  49.93   -6.30  991.2           SCILLY
1882 04 23 08 00  49.93   -6.30  994.2           SCILLY
1882 04 23 14 00  49.93   -6.30 1000.3           SCILLY
1882 04 23 18 00  49.93   -6.30 1001.4           SCILLY
1882 04 24 08 00  49.93   -6.30 1006.8           SCILLY
1882 04 24 14 00  49.93   -6.30 1008.1           SCILLY
1882 04 24 18 00  49.93   -6.30 1007.5           SCILLY
1882 04 25 08 00  49.93   -6.30  994.9           SCILLY
1882 04 25 14 00  49.93   -6.30  991.5           SCILLY
1882 04 25 18 00  49.93   -6.30  995.6           SCILLY
1882 04 26 08 00  49.93   -6.30  998.3           SCILLY
1882 04 26 14 00  49.93   -6.30 1002.0           SCILLY
1882 04 26 18 00  49.93   -6.30 1004.7           SCILLY
1882 04 27 08 00  49.93   -6.30 1010.5           SCILLY
1882 04 27 14 00  49.93   -6.30 1008.8           SCILLY
1882 04 27 18 00  49.93   -6.30 1005.1           SCILLY
1882 04 28 08 00  49.93   -6.30  992.9           SCILLY
1882 04 28 14 00  49.93   -6.30 1000.7           SCILLY
1882 04 28 18 00  49.93   -6.30 1003.0           SCILLY
1882 04 29 08 00  49.93   -6.30  986.5           SCILLY
1882 04 29 14 00  49.93   -6.30  991.9           SCILLY
1882 04 29 18 00  49.93   -6.30  999.7           SCILLY
1882 04 30 08 00  49.93   -6.30 1006.1           SCILLY
1882 04 30 14 00  49.93   -6.30 1004.1           SCILLY
1882 04 30 18 00  49.93   -6.30 1003.4           SCILLY
