1884 03 01 08 00  49.92   -6.30 1011.2           SCILLY
1884 03 01 08 00  56.82   -5.11 1013.3      FORTWILLIAM
1884 03 01 09 00  56.82   -5.11 1013.7      FORTWILLIAM
1884 03 01 14 00  49.92   -6.30 1012.2           SCILLY
1884 03 01 14 00  56.82   -5.11 1014.7      FORTWILLIAM
1884 03 01 18 00  49.92   -6.30 1012.5           SCILLY
1884 03 01 18 00  56.82   -5.11 1015.4      FORTWILLIAM
1884 03 01 21 00  56.82   -5.11 1016.5      FORTWILLIAM
1884 03 02 08 00  49.92   -6.30 1015.6           SCILLY
1884 03 02 08 00  56.82   -5.11 1017.9      FORTWILLIAM
1884 03 02 09 00  56.82   -5.11 1017.9      FORTWILLIAM
1884 03 02 14 00  49.92   -6.30 1015.9           SCILLY
1884 03 02 14 00  56.82   -5.11 1017.3      FORTWILLIAM
1884 03 02 18 00  49.92   -6.30 1014.6           SCILLY
1884 03 02 18 00  56.82   -5.11 1015.9      FORTWILLIAM
1884 03 02 21 00  56.82   -5.11 1013.9      FORTWILLIAM
1884 03 03 08 00  49.92   -6.30 1003.7           SCILLY
1884 03 03 08 00  56.82   -5.11 1002.5      FORTWILLIAM
1884 03 03 09 00  56.82   -5.11 1001.2      FORTWILLIAM
1884 03 03 14 00  49.92   -6.30 1004.1           SCILLY
1884 03 03 14 00  56.82   -5.11  995.4      FORTWILLIAM
1884 03 03 18 00  49.92   -6.30 1003.0           SCILLY
1884 03 03 18 00  56.82   -5.11  995.9      FORTWILLIAM
1884 03 03 21 00  56.82   -5.11  998.2      FORTWILLIAM
1884 03 04 08 00  49.92   -6.30  992.6           SCILLY
1884 03 04 08 00  56.82   -5.11 1005.7      FORTWILLIAM
1884 03 04 09 00  56.82   -5.11 1006.3      FORTWILLIAM
1884 03 04 14 00  49.92   -6.30 1001.7           SCILLY
1884 03 04 14 00  56.82   -5.11 1005.5      FORTWILLIAM
1884 03 04 18 00  49.92   -6.30 1008.8           SCILLY
1884 03 04 18 00  56.82   -5.11 1005.3      FORTWILLIAM
1884 03 04 21 00  56.82   -5.11 1005.6      FORTWILLIAM
1884 03 05 08 00  49.92   -6.30 1021.3           SCILLY
1884 03 05 08 00  56.82   -5.11 1011.4      FORTWILLIAM
1884 03 05 09 00  56.82   -5.11 1012.3      FORTWILLIAM
1884 03 05 14 00  49.92   -6.30 1024.0           SCILLY
1884 03 05 14 00  56.82   -5.11 1015.1      FORTWILLIAM
1884 03 05 18 00  49.92   -6.30 1024.7           SCILLY
1884 03 05 18 00  56.82   -5.11 1016.1      FORTWILLIAM
1884 03 05 21 00  56.82   -5.11 1017.0      FORTWILLIAM
1884 03 06 08 00  49.92   -6.30 1023.7           SCILLY
1884 03 06 08 00  56.82   -5.11 1015.7      FORTWILLIAM
1884 03 06 09 00  56.82   -5.11 1014.7      FORTWILLIAM
1884 03 06 14 00  49.92   -6.30 1019.6           SCILLY
1884 03 06 14 00  56.82   -5.11 1011.2      FORTWILLIAM
1884 03 06 18 00  49.92   -6.30 1017.9           SCILLY
1884 03 06 18 00  56.82   -5.11 1009.2      FORTWILLIAM
1884 03 06 21 00  56.82   -5.11 1007.8      FORTWILLIAM
1884 03 07 08 00  49.92   -6.30 1009.8           SCILLY
1884 03 07 08 00  56.82   -5.11 1004.4      FORTWILLIAM
1884 03 07 09 00  56.82   -5.11 1004.3      FORTWILLIAM
1884 03 07 14 00  49.92   -6.30 1008.8           SCILLY
1884 03 07 14 00  56.82   -5.11 1006.3      FORTWILLIAM
1884 03 07 18 00  49.92   -6.30 1008.1           SCILLY
1884 03 07 18 00  56.82   -5.11 1007.9      FORTWILLIAM
1884 03 07 21 00  56.82   -5.11 1008.0      FORTWILLIAM
1884 03 08 08 00  49.92   -6.30 1009.1           SCILLY
1884 03 08 08 00  56.82   -5.11 1005.5      FORTWILLIAM
1884 03 08 09 00  56.82   -5.11 1004.8      FORTWILLIAM
1884 03 08 14 00  49.92   -6.30 1006.4           SCILLY
1884 03 08 14 00  56.82   -5.11 1000.9      FORTWILLIAM
1884 03 08 18 00  49.92   -6.30 1002.7           SCILLY
1884 03 08 18 00  56.82   -5.11  996.9      FORTWILLIAM
1884 03 08 21 00  56.82   -5.11  994.3      FORTWILLIAM
1884 03 09 08 00  49.92   -6.30 1001.4           SCILLY
1884 03 09 08 00  56.82   -5.11  992.1      FORTWILLIAM
1884 03 09 09 00  56.82   -5.11  992.3      FORTWILLIAM
1884 03 09 14 00  49.92   -6.30  995.9           SCILLY
1884 03 09 14 00  56.82   -5.11  991.8      FORTWILLIAM
1884 03 09 18 00  49.92   -6.30  990.9           SCILLY
1884 03 09 18 00  56.82   -5.11  990.1      FORTWILLIAM
1884 03 09 21 00  56.82   -5.11  985.9      FORTWILLIAM
1884 03 10 08 00  49.92   -6.30  990.9           SCILLY
1884 03 10 08 00  56.82   -5.11  983.3      FORTWILLIAM
1884 03 10 09 00  56.82   -5.11  983.8      FORTWILLIAM
1884 03 10 14 00  49.92   -6.30  990.9           SCILLY
1884 03 10 14 00  56.82   -5.11  985.5      FORTWILLIAM
1884 03 10 18 00  49.92   -6.30  992.2           SCILLY
1884 03 10 18 00  56.82   -5.11  986.5      FORTWILLIAM
1884 03 10 21 00  56.82   -5.11  987.1      FORTWILLIAM
1884 03 11 08 00  49.92   -6.30  992.9           SCILLY
1884 03 11 08 00  56.82   -5.11  992.8      FORTWILLIAM
1884 03 11 09 00  56.82   -5.11  993.4      FORTWILLIAM
1884 03 11 14 00  49.92   -6.30  993.2           SCILLY
1884 03 11 14 00  56.82   -5.11  993.1      FORTWILLIAM
1884 03 11 18 00  49.92   -6.30  994.6           SCILLY
1884 03 11 18 00  56.82   -5.11  993.9      FORTWILLIAM
1884 03 11 21 00  56.82   -5.11  994.4      FORTWILLIAM
1884 03 12 08 00  49.92   -6.30  999.7           SCILLY
1884 03 12 08 00  56.82   -5.11  996.3      FORTWILLIAM
1884 03 12 09 00  56.82   -5.11  996.9      FORTWILLIAM
1884 03 12 14 00  49.92   -6.30 1002.7           SCILLY
1884 03 12 14 00  56.82   -5.11  997.5      FORTWILLIAM
1884 03 12 18 00  49.92   -6.30 1004.7           SCILLY
1884 03 12 18 00  56.82   -5.11  998.1      FORTWILLIAM
1884 03 12 21 00  56.82   -5.11  998.3      FORTWILLIAM
1884 03 13 08 00  49.92   -6.30 1009.5           SCILLY
1884 03 13 08 00  56.82   -5.11 1002.0      FORTWILLIAM
1884 03 13 09 00  56.82   -5.11 1002.2      FORTWILLIAM
1884 03 13 14 00  49.92   -6.30 1009.5           SCILLY
1884 03 13 14 00  56.82   -5.11 1002.3      FORTWILLIAM
1884 03 13 18 00  49.92   -6.30 1010.5           SCILLY
1884 03 13 18 00  56.82   -5.11  998.6      FORTWILLIAM
1884 03 13 21 00  56.82   -5.11  999.7      FORTWILLIAM
1884 03 14 08 00  49.92   -6.30 1012.2           SCILLY
1884 03 14 08 00  56.82   -5.11 1001.7      FORTWILLIAM
1884 03 14 09 00  56.82   -5.11 1002.0      FORTWILLIAM
1884 03 14 14 00  49.92   -6.30 1012.5           SCILLY
1884 03 14 14 00  56.82   -5.11 1001.6      FORTWILLIAM
1884 03 14 18 00  49.92   -6.30 1012.5           SCILLY
1884 03 14 18 00  56.82   -5.11 1002.4      FORTWILLIAM
1884 03 14 21 00  56.82   -5.11 1003.3      FORTWILLIAM
1884 03 15 08 00  49.92   -6.30 1011.9           SCILLY
1884 03 15 08 00  56.82   -5.11 1008.6      FORTWILLIAM
1884 03 15 09 00  56.82   -5.11 1009.4      FORTWILLIAM
1884 03 15 14 00  49.92   -6.30 1011.5           SCILLY
1884 03 15 14 00  56.82   -5.11 1009.1      FORTWILLIAM
1884 03 15 18 00  49.92   -6.30 1011.5           SCILLY
1884 03 15 18 00  56.82   -5.11 1011.4      FORTWILLIAM
1884 03 15 21 00  56.82   -5.11 1012.3      FORTWILLIAM
1884 03 16 08 00  49.92   -6.30 1008.8           SCILLY
1884 03 16 08 00  56.82   -5.11 1012.5      FORTWILLIAM
1884 03 16 09 00  56.82   -5.11 1012.3      FORTWILLIAM
1884 03 16 14 00  49.92   -6.30 1008.5           SCILLY
1884 03 16 14 00  56.82   -5.11 1011.7      FORTWILLIAM
1884 03 16 18 00  49.92   -6.30 1008.8           SCILLY
1884 03 16 18 00  56.82   -5.11 1011.9      FORTWILLIAM
1884 03 16 21 00  56.82   -5.11 1012.3      FORTWILLIAM
1884 03 17 08 00  49.92   -6.30 1011.5           SCILLY
1884 03 17 08 00  56.82   -5.11 1009.8      FORTWILLIAM
1884 03 17 09 00  56.82   -5.11 1009.8      FORTWILLIAM
1884 03 17 14 00  49.92   -6.30 1013.9           SCILLY
1884 03 17 14 00  56.82   -5.11 1008.3      FORTWILLIAM
1884 03 17 18 00  49.92   -6.30 1015.2           SCILLY
1884 03 17 18 00  56.82   -5.11 1009.0      FORTWILLIAM
1884 03 17 21 00  56.82   -5.11 1008.6      FORTWILLIAM
1884 03 18 08 00  49.92   -6.30 1016.9           SCILLY
1884 03 18 08 00  56.82   -5.11 1003.1      FORTWILLIAM
1884 03 18 09 00  56.82   -5.11 1001.8      FORTWILLIAM
1884 03 18 14 00  49.92   -6.30 1018.3           SCILLY
1884 03 18 14 00  56.82   -5.11  998.0      FORTWILLIAM
1884 03 18 18 00  49.92   -6.30 1018.6           SCILLY
1884 03 18 18 00  56.82   -5.11 1000.5      FORTWILLIAM
1884 03 18 21 00  56.82   -5.11 1002.9      FORTWILLIAM
1884 03 19 08 00  49.92   -6.30 1019.0           SCILLY
1884 03 19 08 00  56.82   -5.11 1009.2      FORTWILLIAM
1884 03 19 09 00  56.82   -5.11 1009.3      FORTWILLIAM
1884 03 19 14 00  49.92   -6.30 1015.9           SCILLY
1884 03 19 14 00  56.82   -5.11 1007.2      FORTWILLIAM
1884 03 19 18 00  49.92   -6.30 1013.9           SCILLY
1884 03 19 18 00  56.82   -5.11 1000.8      FORTWILLIAM
1884 03 19 21 00  56.82   -5.11  992.9      FORTWILLIAM
1884 03 20 08 00  49.92   -6.30 1018.6           SCILLY
1884 03 20 08 00  56.82   -5.11  984.8      FORTWILLIAM
1884 03 20 09 00  56.82   -5.11  988.1      FORTWILLIAM
1884 03 20 14 00  49.92   -6.30 1020.3           SCILLY
1884 03 20 14 00  56.82   -5.11  998.1      FORTWILLIAM
1884 03 20 18 00  49.92   -6.30 1020.0           SCILLY
1884 03 20 18 00  56.82   -5.11 1000.1      FORTWILLIAM
1884 03 20 21 00  56.82   -5.11 1001.9      FORTWILLIAM
1884 03 21 08 00  49.92   -6.30 1022.0           SCILLY
1884 03 21 08 00  56.82   -5.11 1011.7      FORTWILLIAM
1884 03 21 09 00  56.82   -5.11 1012.3      FORTWILLIAM
1884 03 21 14 00  49.92   -6.30 1016.6           SCILLY
1884 03 21 14 00  56.82   -5.11 1013.3      FORTWILLIAM
1884 03 21 18 00  49.92   -6.30 1022.7           SCILLY
1884 03 21 18 00  56.82   -5.11 1014.5      FORTWILLIAM
1884 03 21 21 00  56.82   -5.11 1015.0      FORTWILLIAM
1884 03 22 08 00  49.92   -6.30 1019.3           SCILLY
1884 03 22 08 00  56.82   -5.11 1016.2      FORTWILLIAM
1884 03 22 09 00  56.82   -5.11 1012.3      FORTWILLIAM
1884 03 22 14 00  49.92   -6.30 1017.9           SCILLY
1884 03 22 14 00  56.82   -5.11 1011.3      FORTWILLIAM
1884 03 22 18 00  49.92   -6.30 1017.9           SCILLY
1884 03 22 18 00  56.82   -5.11 1013.6      FORTWILLIAM
1884 03 22 21 00  56.82   -5.11 1015.4      FORTWILLIAM
1884 03 23 08 00  49.92   -6.30 1021.3           SCILLY
1884 03 23 08 00  56.82   -5.11 1018.8      FORTWILLIAM
1884 03 23 09 00  56.82   -5.11 1019.0      FORTWILLIAM
1884 03 23 14 00  49.92   -6.30 1021.7           SCILLY
1884 03 23 14 00  56.82   -5.11 1019.4      FORTWILLIAM
1884 03 23 18 00  49.92   -6.30 1021.7           SCILLY
1884 03 23 18 00  56.82   -5.11 1019.7      FORTWILLIAM
1884 03 23 21 00  56.82   -5.11 1020.8      FORTWILLIAM
1884 03 24 08 00  49.92   -6.30 1020.3           SCILLY
1884 03 24 08 00  56.82   -5.11 1019.6      FORTWILLIAM
1884 03 24 09 00  56.82   -5.11 1019.7      FORTWILLIAM
1884 03 24 14 00  49.92   -6.30 1020.3           SCILLY
1884 03 24 14 00  56.82   -5.11 1017.2      FORTWILLIAM
1884 03 24 18 00  49.92   -6.30 1019.3           SCILLY
1884 03 24 18 00  56.82   -5.11 1016.4      FORTWILLIAM
1884 03 24 21 00  56.82   -5.11 1016.0      FORTWILLIAM
1884 03 25 08 00  49.92   -6.30 1017.6           SCILLY
1884 03 25 08 00  56.82   -5.11 1018.5      FORTWILLIAM
1884 03 25 09 00  56.82   -5.11 1018.6      FORTWILLIAM
1884 03 25 14 00  49.92   -6.30 1016.9           SCILLY
1884 03 25 14 00  56.82   -5.11 1019.6      FORTWILLIAM
1884 03 25 18 00  49.92   -6.30 1015.9           SCILLY
1884 03 25 18 00  56.82   -5.11 1020.0      FORTWILLIAM
1884 03 25 21 00  56.82   -5.11 1020.9      FORTWILLIAM
1884 03 26 08 00  49.92   -6.30 1014.6           SCILLY
1884 03 26 08 00  56.82   -5.11 1024.6      FORTWILLIAM
1884 03 26 09 00  56.82   -5.11 1024.4      FORTWILLIAM
1884 03 26 14 00  49.92   -6.30 1015.2           SCILLY
1884 03 26 14 00  56.82   -5.11 1024.0      FORTWILLIAM
1884 03 26 18 00  49.92   -6.30 1015.6           SCILLY
1884 03 26 18 00  56.82   -5.11 1024.9      FORTWILLIAM
1884 03 26 21 00  56.82   -5.11 1025.5      FORTWILLIAM
1884 03 27 08 00  49.92   -6.30 1017.6           SCILLY
1884 03 27 08 00  56.82   -5.11 1026.4      FORTWILLIAM
1884 03 27 09 00  56.82   -5.11 1025.9      FORTWILLIAM
1884 03 27 14 00  49.92   -6.30 1017.6           SCILLY
1884 03 27 14 00  56.82   -5.11 1024.8      FORTWILLIAM
1884 03 27 18 00  49.92   -6.30 1016.3           SCILLY
1884 03 27 18 00  56.82   -5.11 1023.4      FORTWILLIAM
1884 03 27 21 00  56.82   -5.11 1023.6      FORTWILLIAM
1884 03 28 08 00  49.92   -6.30 1015.2           SCILLY
1884 03 28 08 00  56.82   -5.11 1022.8      FORTWILLIAM
1884 03 28 09 00  56.82   -5.11 1023.0      FORTWILLIAM
1884 03 28 14 00  49.92   -6.30 1014.2           SCILLY
1884 03 28 14 00  56.82   -5.11 1021.1      FORTWILLIAM
1884 03 28 18 00  49.92   -6.30 1014.6           SCILLY
1884 03 28 18 00  56.82   -5.11 1020.7      FORTWILLIAM
1884 03 28 21 00  56.82   -5.11 1021.0      FORTWILLIAM
1884 03 29 08 00  49.92   -6.30 1015.2           SCILLY
1884 03 29 08 00  56.82   -5.11 1019.3      FORTWILLIAM
1884 03 29 09 00  56.82   -5.11 1017.6      FORTWILLIAM
1884 03 29 14 00  49.92   -6.30 1013.9           SCILLY
1884 03 29 14 00  56.82   -5.11 1017.1      FORTWILLIAM
1884 03 29 18 00  49.92   -6.30 1013.2           SCILLY
1884 03 29 18 00  56.82   -5.11 1015.8      FORTWILLIAM
1884 03 29 21 00  56.82   -5.11 1014.4      FORTWILLIAM
1884 03 30 08 00  49.92   -6.30 1011.2           SCILLY
1884 03 30 08 00  56.82   -5.11 1008.1      FORTWILLIAM
1884 03 30 09 00  56.82   -5.11 1007.5      FORTWILLIAM
1884 03 30 14 00  49.92   -6.30 1009.1           SCILLY
1884 03 30 14 00  56.82   -5.11 1004.3      FORTWILLIAM
1884 03 30 18 00  49.92   -6.30 1007.5           SCILLY
1884 03 30 18 00  56.82   -5.11 1000.8      FORTWILLIAM
1884 03 30 21 00  56.82   -5.11  998.8      FORTWILLIAM
1884 03 31 08 00  49.92   -6.30  996.6           SCILLY
1884 03 31 08 00  56.82   -5.11  994.3      FORTWILLIAM
1884 03 31 09 00  56.82   -5.11  993.8      FORTWILLIAM
1884 03 31 14 00  49.92   -6.30  996.6           SCILLY
1884 03 31 14 00  56.82   -5.11  992.9      FORTWILLIAM
1884 03 31 18 00  49.92   -6.30  992.6           SCILLY
1884 03 31 18 00  56.82   -5.11  993.7      FORTWILLIAM
1884 03 31 21 00  56.82   -5.11  995.6      FORTWILLIAM
