1885 04 01 08 00  49.92   -6.30 1011.2           SCILLY
1885 04 01 08 00  56.82   -5.11 1006.1      FORTWILLIAM
1885 04 01 09 00  56.82   -5.11 1005.9      FORTWILLIAM
1885 04 01 14 00  49.92   -6.30 1009.5           SCILLY
1885 04 01 14 00  56.82   -5.11 1006.4      FORTWILLIAM
1885 04 01 18 00  49.92   -6.30 1011.9           SCILLY
1885 04 01 18 00  56.82   -5.11 1007.5      FORTWILLIAM
1885 04 01 21 00  56.82   -5.11 1006.2      FORTWILLIAM
1885 04 02 08 00  49.92   -6.30 1017.9           SCILLY
1885 04 02 08 00  56.82   -5.11 1011.6      FORTWILLIAM
1885 04 02 09 00  56.82   -5.11 1012.4      FORTWILLIAM
1885 04 02 14 00  49.92   -6.30 1020.0           SCILLY
1885 04 02 14 00  56.82   -5.11 1016.2      FORTWILLIAM
1885 04 02 18 00  49.92   -6.30 1021.0           SCILLY
1885 04 02 18 00  56.82   -5.11 1017.9      FORTWILLIAM
1885 04 02 21 00  56.82   -5.11 1019.0      FORTWILLIAM
1885 04 03 08 00  49.92   -6.30 1023.4           SCILLY
1885 04 03 08 00  56.82   -5.11 1021.0      FORTWILLIAM
1885 04 03 09 00  56.82   -5.11 1021.1      FORTWILLIAM
1885 04 03 14 00  49.92   -6.30 1022.4           SCILLY
1885 04 03 14 00  56.82   -5.11 1020.3      FORTWILLIAM
1885 04 03 18 00  49.92   -6.30 1021.0           SCILLY
1885 04 03 18 00  56.82   -5.11 1018.8      FORTWILLIAM
1885 04 03 21 00  56.82   -5.11 1018.3      FORTWILLIAM
1885 04 04 08 00  49.92   -6.30 1014.6           SCILLY
1885 04 04 08 00  56.82   -5.11 1014.8      FORTWILLIAM
1885 04 04 09 00  56.82   -5.11 1014.5      FORTWILLIAM
1885 04 04 14 00  49.92   -6.30 1012.5           SCILLY
1885 04 04 14 00  56.82   -5.11 1012.4      FORTWILLIAM
1885 04 04 18 00  49.92   -6.30 1011.2           SCILLY
1885 04 04 18 00  56.82   -5.11 1011.1      FORTWILLIAM
1885 04 04 21 00  56.82   -5.11 1010.2      FORTWILLIAM
1885 04 05 08 00  49.92   -6.30 1004.4           SCILLY
1885 04 05 08 00  56.82   -5.11 1003.7      FORTWILLIAM
1885 04 05 09 00  56.82   -5.11 1002.6      FORTWILLIAM
1885 04 05 14 00  49.92   -6.30  992.9           SCILLY
1885 04 05 14 00  56.82   -5.11  998.0      FORTWILLIAM
1885 04 05 18 00  49.92   -6.30  988.1           SCILLY
1885 04 05 18 00  56.82   -5.11  994.2      FORTWILLIAM
1885 04 05 21 00  56.82   -5.11  991.6      FORTWILLIAM
1885 04 06 08 00  49.92   -6.30  986.8           SCILLY
1885 04 06 08 00  56.82   -5.11  992.0      FORTWILLIAM
1885 04 06 09 00  56.82   -5.11  992.4      FORTWILLIAM
1885 04 06 14 00  49.92   -6.30  985.8           SCILLY
1885 04 06 14 00  56.82   -5.11  992.3      FORTWILLIAM
1885 04 06 18 00  49.92   -6.30  985.4           SCILLY
1885 04 06 18 00  56.82   -5.11  995.4      FORTWILLIAM
1885 04 06 21 00  56.82   -5.11  999.4      FORTWILLIAM
1885 04 07 08 00  49.92   -6.30  988.8           SCILLY
1885 04 07 08 00  56.82   -5.11 1006.1      FORTWILLIAM
1885 04 07 09 00  56.82   -5.11 1006.2      FORTWILLIAM
1885 04 07 14 00  49.92   -6.30  993.2           SCILLY
1885 04 07 14 00  56.82   -5.11 1008.3      FORTWILLIAM
1885 04 07 18 00  49.92   -6.30  997.3           SCILLY
1885 04 07 18 00  56.82   -5.11 1009.8      FORTWILLIAM
1885 04 07 21 00  56.82   -5.11 1011.2      FORTWILLIAM
1885 04 08 08 00  49.92   -6.30 1005.8           SCILLY
1885 04 08 08 00  56.82   -5.11 1012.7      FORTWILLIAM
1885 04 08 09 00  56.82   -5.11 1012.2      FORTWILLIAM
1885 04 08 14 00  49.92   -6.30 1006.8           SCILLY
1885 04 08 14 00  56.82   -5.11 1011.2      FORTWILLIAM
1885 04 08 18 00  49.92   -6.30 1007.1           SCILLY
1885 04 08 18 00  56.82   -5.11 1010.9      FORTWILLIAM
1885 04 08 21 00  56.82   -5.11 1011.6      FORTWILLIAM
1885 04 09 08 00  49.92   -6.30 1007.1           SCILLY
1885 04 09 08 00  56.82   -5.11 1010.6      FORTWILLIAM
1885 04 09 09 00  56.82   -5.11 1009.7      FORTWILLIAM
1885 04 09 14 00  49.92   -6.30 1007.8           SCILLY
1885 04 09 14 00  56.82   -5.11 1007.9      FORTWILLIAM
1885 04 09 18 00  49.92   -6.30 1008.5           SCILLY
1885 04 09 18 00  56.82   -5.11 1007.3      FORTWILLIAM
1885 04 09 21 00  56.82   -5.11 1006.2      FORTWILLIAM
1885 04 10 08 00  49.92   -6.30 1007.8           SCILLY
1885 04 10 08 00  56.82   -5.11 1007.6      FORTWILLIAM
1885 04 10 09 00  56.82   -5.11 1007.6      FORTWILLIAM
1885 04 10 14 00  49.92   -6.30 1007.8           SCILLY
1885 04 10 14 00  56.82   -5.11 1008.3      FORTWILLIAM
1885 04 10 18 00  49.92   -6.30 1007.8           SCILLY
1885 04 10 18 00  56.82   -5.11 1008.7      FORTWILLIAM
1885 04 10 21 00  56.82   -5.11 1009.1      FORTWILLIAM
1885 04 11 08 00  49.92   -6.30 1005.8           SCILLY
1885 04 11 08 00  56.82   -5.11 1010.3      FORTWILLIAM
1885 04 11 09 00  56.82   -5.11 1011.2      FORTWILLIAM
1885 04 11 14 00  49.92   -6.30 1009.1           SCILLY
1885 04 11 14 00  56.82   -5.11 1012.2      FORTWILLIAM
1885 04 11 18 00  49.92   -6.30 1008.8           SCILLY
1885 04 11 18 00  56.82   -5.11 1013.8      FORTWILLIAM
1885 04 11 21 00  56.82   -5.11 1014.8      FORTWILLIAM
1885 04 12 08 00  49.92   -6.30 1008.1           SCILLY
1885 04 12 08 00  56.82   -5.11 1016.6      FORTWILLIAM
1885 04 12 09 00  56.82   -5.11 1015.7      FORTWILLIAM
1885 04 12 14 00  49.92   -6.30 1008.1           SCILLY
1885 04 12 14 00  56.82   -5.11 1014.7      FORTWILLIAM
1885 04 12 18 00  49.92   -6.30 1008.1           SCILLY
1885 04 12 18 00  56.82   -5.11 1014.8      FORTWILLIAM
1885 04 12 21 00  56.82   -5.11 1015.6      FORTWILLIAM
1885 04 13 08 00  49.92   -6.30 1009.1           SCILLY
1885 04 13 08 00  56.82   -5.11 1016.7      FORTWILLIAM
1885 04 13 09 00  56.82   -5.11 1016.6      FORTWILLIAM
1885 04 13 14 00  49.92   -6.30 1010.2           SCILLY
1885 04 13 14 00  56.82   -5.11 1015.2      FORTWILLIAM
1885 04 13 18 00  49.92   -6.30 1010.2           SCILLY
1885 04 13 18 00  56.82   -5.11 1015.2      FORTWILLIAM
1885 04 13 21 00  56.82   -5.11 1015.4      FORTWILLIAM
1885 04 14 08 00  49.92   -6.30 1009.5           SCILLY
1885 04 14 08 00  56.82   -5.11 1014.7      FORTWILLIAM
1885 04 14 09 00  56.82   -5.11 1014.5      FORTWILLIAM
1885 04 14 14 00  49.92   -6.30 1009.5           SCILLY
1885 04 14 14 00  56.82   -5.11 1015.5      FORTWILLIAM
1885 04 14 18 00  49.92   -6.30 1009.5           SCILLY
1885 04 14 18 00  56.82   -5.11 1012.6      FORTWILLIAM
1885 04 14 21 00  56.82   -5.11 1013.1      FORTWILLIAM
1885 04 15 08 00  49.92   -6.30 1008.5           SCILLY
1885 04 15 08 00  56.82   -5.11 1012.7      FORTWILLIAM
1885 04 15 09 00  56.82   -5.11 1012.6      FORTWILLIAM
1885 04 15 14 00  49.92   -6.30 1007.8           SCILLY
1885 04 15 14 00  56.82   -5.11 1011.3      FORTWILLIAM
1885 04 15 18 00  49.92   -6.30 1004.7           SCILLY
1885 04 15 18 00  56.82   -5.11 1010.8      FORTWILLIAM
1885 04 15 21 00  56.82   -5.11 1011.5      FORTWILLIAM
1885 04 16 08 00  49.92   -6.30 1005.1           SCILLY
1885 04 16 08 00  56.82   -5.11 1015.6      FORTWILLIAM
1885 04 16 09 00  56.82   -5.11 1015.4      FORTWILLIAM
1885 04 16 14 00  49.92   -6.30 1009.5           SCILLY
1885 04 16 14 00  56.82   -5.11 1015.8      FORTWILLIAM
1885 04 16 18 00  49.92   -6.30 1012.2           SCILLY
1885 04 16 18 00  56.82   -5.11 1016.9      FORTWILLIAM
1885 04 16 21 00  56.82   -5.11 1019.0      FORTWILLIAM
1885 04 17 08 00  49.92   -6.30 1017.3           SCILLY
1885 04 17 08 00  56.82   -5.11 1020.4      FORTWILLIAM
1885 04 17 09 00  56.82   -5.11 1019.4      FORTWILLIAM
1885 04 17 14 00  49.92   -6.30 1018.3           SCILLY
1885 04 17 14 00  56.82   -5.11 1017.1      FORTWILLIAM
1885 04 17 18 00  49.92   -6.30 1019.0           SCILLY
1885 04 17 18 00  56.82   -5.11 1017.8      FORTWILLIAM
1885 04 17 21 00  56.82   -5.11 1017.8      FORTWILLIAM
1885 04 18 08 00  49.92   -6.30 1022.4           SCILLY
1885 04 18 08 00  56.82   -5.11 1020.6      FORTWILLIAM
1885 04 18 09 00  56.82   -5.11 1021.0      FORTWILLIAM
1885 04 18 14 00  49.92   -6.30 1024.4           SCILLY
1885 04 18 14 00  56.82   -5.11 1022.2      FORTWILLIAM
1885 04 18 18 00  49.92   -6.30 1024.4           SCILLY
1885 04 18 18 00  56.82   -5.11 1023.1      FORTWILLIAM
1885 04 18 21 00  56.82   -5.11 1023.4      FORTWILLIAM
1885 04 19 08 00  49.92   -6.30 1026.1           SCILLY
1885 04 19 08 00  56.82   -5.11 1022.8      FORTWILLIAM
1885 04 19 09 00  56.82   -5.11 1022.0      FORTWILLIAM
1885 04 19 14 00  49.92   -6.30 1026.4           SCILLY
1885 04 19 14 00  56.82   -5.11 1020.5      FORTWILLIAM
1885 04 19 18 00  49.92   -6.30 1025.7           SCILLY
1885 04 19 18 00  56.82   -5.11 1017.0      FORTWILLIAM
1885 04 19 21 00  56.82   -5.11 1015.0      FORTWILLIAM
1885 04 20 08 00  49.92   -6.30 1026.4           SCILLY
1885 04 20 08 00  56.82   -5.11 1017.5      FORTWILLIAM
1885 04 20 09 00  56.82   -5.11 1017.1      FORTWILLIAM
1885 04 20 14 00  49.92   -6.30 1025.7           SCILLY
1885 04 20 14 00  56.82   -5.11 1014.6      FORTWILLIAM
1885 04 20 18 00  49.92   -6.30 1023.7           SCILLY
1885 04 20 18 00  56.82   -5.11 1010.1      FORTWILLIAM
1885 04 20 21 00  56.82   -5.11 1010.2      FORTWILLIAM
1885 04 21 08 00  49.92   -6.30 1020.0           SCILLY
1885 04 21 08 00  56.82   -5.11 1008.0      FORTWILLIAM
1885 04 21 09 00  56.82   -5.11 1007.3      FORTWILLIAM
1885 04 21 14 00  49.92   -6.30 1017.6           SCILLY
1885 04 21 14 00  56.82   -5.11 1007.3      FORTWILLIAM
1885 04 21 18 00  49.92   -6.30 1015.2           SCILLY
1885 04 21 18 00  56.82   -5.11 1007.0      FORTWILLIAM
1885 04 21 21 00  56.82   -5.11 1007.7      FORTWILLIAM
1885 04 22 08 00  49.92   -6.30 1006.8           SCILLY
1885 04 22 08 00  56.82   -5.11 1004.7      FORTWILLIAM
1885 04 22 09 00  56.82   -5.11 1004.0      FORTWILLIAM
1885 04 22 14 00  49.92   -6.30 1007.8           SCILLY
1885 04 22 14 00  56.82   -5.11 1003.0      FORTWILLIAM
1885 04 22 18 00  49.92   -6.30 1006.8           SCILLY
1885 04 22 18 00  56.82   -5.11 1001.1      FORTWILLIAM
1885 04 22 21 00  56.82   -5.11 1001.4      FORTWILLIAM
1885 04 23 08 00  49.92   -6.30 1004.7           SCILLY
1885 04 23 08 00  56.82   -5.11 1001.7      FORTWILLIAM
1885 04 23 09 00  56.82   -5.11 1001.7      FORTWILLIAM
1885 04 23 14 00  49.92   -6.30 1006.8           SCILLY
1885 04 23 14 00  56.82   -5.11 1001.2      FORTWILLIAM
1885 04 23 18 00  49.92   -6.30 1005.4           SCILLY
1885 04 23 18 00  56.82   -5.11 1000.7      FORTWILLIAM
1885 04 23 21 00  56.82   -5.11 1001.8      FORTWILLIAM
1885 04 24 08 00  49.92   -6.30  991.5           SCILLY
1885 04 24 08 00  56.82   -5.11  995.4      FORTWILLIAM
1885 04 24 09 00  56.82   -5.11  994.3      FORTWILLIAM
1885 04 24 14 00  49.92   -6.30  984.4           SCILLY
1885 04 24 14 00  56.82   -5.11  989.4      FORTWILLIAM
1885 04 24 18 00  49.92   -6.30  979.3           SCILLY
1885 04 24 18 00  56.82   -5.11  989.5      FORTWILLIAM
1885 04 24 21 00  56.82   -5.11  987.9      FORTWILLIAM
1885 04 25 08 00  49.92   -6.30  981.7           SCILLY
1885 04 25 08 00  56.82   -5.11  979.5      FORTWILLIAM
1885 04 25 09 00  56.82   -5.11  979.9      FORTWILLIAM
1885 04 25 14 00  49.92   -6.30  986.8           SCILLY
1885 04 25 14 00  56.82   -5.11  979.8      FORTWILLIAM
1885 04 25 18 00  49.92   -6.30  990.2           SCILLY
1885 04 25 18 00  56.82   -5.11  979.8      FORTWILLIAM
1885 04 25 21 00  56.82   -5.11  981.5      FORTWILLIAM
1885 04 26 08 00  49.92   -6.30  995.9           SCILLY
1885 04 26 08 00  56.82   -5.11  990.4      FORTWILLIAM
1885 04 26 09 00  56.82   -5.11  991.2      FORTWILLIAM
1885 04 26 14 00  49.92   -6.30  998.6           SCILLY
1885 04 26 14 00  56.82   -5.11  994.8      FORTWILLIAM
1885 04 26 18 00  49.92   -6.30 1000.0           SCILLY
1885 04 26 18 00  56.82   -5.11  995.3      FORTWILLIAM
1885 04 26 21 00  56.82   -5.11  996.4      FORTWILLIAM
1885 04 27 08 00  49.92   -6.30 1008.1           SCILLY
1885 04 27 08 00  56.82   -5.11  999.7      FORTWILLIAM
1885 04 27 09 00  56.82   -5.11  999.9      FORTWILLIAM
1885 04 27 14 00  49.92   -6.30 1009.8           SCILLY
1885 04 27 14 00  56.82   -5.11 1002.4      FORTWILLIAM
1885 04 27 18 00  49.92   -6.30 1009.8           SCILLY
1885 04 27 18 00  56.82   -5.11 1003.4      FORTWILLIAM
1885 04 27 21 00  56.82   -5.11 1002.5      FORTWILLIAM
1885 04 28 08 00  49.92   -6.30  999.3           SCILLY
1885 04 28 08 00  56.82   -5.11  998.1      FORTWILLIAM
1885 04 28 09 00  56.82   -5.11  998.5      FORTWILLIAM
1885 04 28 14 00  49.92   -6.30  999.0           SCILLY
1885 04 28 14 00  56.82   -5.11  995.9      FORTWILLIAM
1885 04 28 18 00  49.92   -6.30  999.3           SCILLY
1885 04 28 18 00  56.82   -5.11  996.0      FORTWILLIAM
1885 04 28 21 00  56.82   -5.11  996.9      FORTWILLIAM
1885 04 29 08 00  49.92   -6.30 1005.8           SCILLY
1885 04 29 08 00  56.82   -5.11 1001.1      FORTWILLIAM
1885 04 29 09 00  56.82   -5.11 1001.5      FORTWILLIAM
1885 04 29 14 00  49.92   -6.30 1009.8           SCILLY
1885 04 29 14 00  56.82   -5.11 1002.7      FORTWILLIAM
1885 04 29 18 00  49.92   -6.30 1011.5           SCILLY
1885 04 29 18 00  56.82   -5.11 1004.5      FORTWILLIAM
1885 04 29 21 00  56.82   -5.11 1006.5      FORTWILLIAM
1885 04 30 08 00  49.92   -6.30 1014.2           SCILLY
1885 04 30 08 00  56.82   -5.11 1009.8      FORTWILLIAM
1885 04 30 09 00  56.82   -5.11 1010.0      FORTWILLIAM
1885 04 30 14 00  49.92   -6.30 1012.2           SCILLY
1885 04 30 14 00  56.82   -5.11 1008.1      FORTWILLIAM
1885 04 30 18 00  49.92   -6.30 1008.5           SCILLY
1885 04 30 18 00  56.82   -5.11 1006.3      FORTWILLIAM
1885 04 30 21 00  56.82   -5.11 1005.7      FORTWILLIAM
