1889 01 01 08 00  49.92   -6.30 1018.6           SCILLY
1889 01 01 08 00  56.82   -5.11 1021.7      FORTWILLIAM
1889 01 01 09 00  56.82   -5.11 1023.0      FORTWILLIAM
1889 01 01 14 00  49.92   -6.30 1020.3           SCILLY
1889 01 01 14 00  56.82   -5.11 1025.7      FORTWILLIAM
1889 01 01 18 00  49.92   -6.30 1021.7           SCILLY
1889 01 01 18 00  56.82   -5.11 1027.7      FORTWILLIAM
1889 01 01 21 00  56.82   -5.11 1029.1      FORTWILLIAM
1889 01 02 08 00  49.92   -6.30 1032.5           SCILLY
1889 01 02 08 00  56.82   -5.11 1031.2      FORTWILLIAM
1889 01 02 09 00  56.82   -5.11 1031.7      FORTWILLIAM
1889 01 02 14 00  49.92   -6.30 1032.5           SCILLY
1889 01 02 14 00  56.82   -5.11 1032.2      FORTWILLIAM
1889 01 02 18 00  49.92   -6.30 1034.2           SCILLY
1889 01 02 18 00  56.82   -5.11 1033.1      FORTWILLIAM
1889 01 02 21 00  56.82   -5.11 1033.8      FORTWILLIAM
1889 01 03 08 00  49.92   -6.30 1038.6           SCILLY
1889 01 03 08 00  56.82   -5.11 1031.8      FORTWILLIAM
1889 01 03 09 00  56.82   -5.11 1032.0      FORTWILLIAM
1889 01 03 14 00  49.92   -6.30 1038.3           SCILLY
1889 01 03 14 00  56.82   -5.11 1031.9      FORTWILLIAM
1889 01 03 18 00  49.92   -6.30 1038.3           SCILLY
1889 01 03 18 00  56.82   -5.11 1031.8      FORTWILLIAM
1889 01 03 21 00  56.82   -5.11 1031.6      FORTWILLIAM
1889 01 04 08 00  49.92   -6.30 1036.9           SCILLY
1889 01 04 08 00  56.82   -5.11 1028.5      FORTWILLIAM
1889 01 04 09 00  56.82   -5.11 1028.6      FORTWILLIAM
1889 01 04 14 00  49.92   -6.30 1034.9           SCILLY
1889 01 04 14 00  56.82   -5.11 1027.5      FORTWILLIAM
1889 01 04 18 00  49.92   -6.30 1034.2           SCILLY
1889 01 04 18 00  56.82   -5.11 1026.5      FORTWILLIAM
1889 01 04 21 00  56.82   -5.11 1025.8      FORTWILLIAM
1889 01 05 08 00  49.92   -6.30 1028.4           SCILLY
1889 01 05 08 00  56.82   -5.11 1020.3      FORTWILLIAM
1889 01 05 09 00  56.82   -5.11 1019.8      FORTWILLIAM
1889 01 05 14 00  49.92   -6.30 1024.7           SCILLY
1889 01 05 14 00  56.82   -5.11 1017.1      FORTWILLIAM
1889 01 05 18 00  49.92   -6.30 1023.0           SCILLY
1889 01 05 18 00  56.82   -5.11 1014.8      FORTWILLIAM
1889 01 05 21 00  56.82   -5.11 1013.2      FORTWILLIAM
1889 01 06 08 00  49.92   -6.30 1017.6           SCILLY
1889 01 06 08 00  56.82   -5.11 1013.9      FORTWILLIAM
1889 01 06 09 00  56.82   -5.11 1014.0      FORTWILLIAM
1889 01 06 14 00  49.92   -6.30 1016.6           SCILLY
1889 01 06 14 00  56.82   -5.11 1015.1      FORTWILLIAM
1889 01 06 18 00  49.92   -6.30 1015.6           SCILLY
1889 01 06 18 00  56.82   -5.11 1014.5      FORTWILLIAM
1889 01 06 21 00  56.82   -5.11 1014.9      FORTWILLIAM
1889 01 07 08 00  49.92   -6.30 1014.2           SCILLY
1889 01 07 08 00  56.82   -5.11 1013.0      FORTWILLIAM
1889 01 07 09 00  56.82   -5.11 1012.3      FORTWILLIAM
1889 01 07 14 00  49.92   -6.30 1013.2           SCILLY
1889 01 07 14 00  56.82   -5.11 1010.1      FORTWILLIAM
1889 01 07 18 00  49.92   -6.30 1011.5           SCILLY
1889 01 07 18 00  56.82   -5.11 1008.0      FORTWILLIAM
1889 01 07 21 00  56.82   -5.11 1006.5      FORTWILLIAM
1889 01 08 08 00  49.92   -6.30  999.7           SCILLY
1889 01 08 08 00  56.82   -5.11  999.0      FORTWILLIAM
1889 01 08 09 00  56.82   -5.11  998.8      FORTWILLIAM
1889 01 08 14 00  49.92   -6.30  996.6           SCILLY
1889 01 08 14 00  56.82   -5.11  996.3      FORTWILLIAM
1889 01 08 18 00  49.92   -6.30  995.9           SCILLY
1889 01 08 18 00  56.82   -5.11  995.1      FORTWILLIAM
1889 01 08 21 00  56.82   -5.11  994.9      FORTWILLIAM
1889 01 09 08 00  49.92   -6.30  999.3           SCILLY
1889 01 09 08 00  56.82   -5.11  988.7      FORTWILLIAM
1889 01 09 09 00  56.82   -5.11  988.3      FORTWILLIAM
1889 01 09 14 00  49.92   -6.30  995.6           SCILLY
1889 01 09 14 00  56.82   -5.11  984.6      FORTWILLIAM
1889 01 09 18 00  49.92   -6.30  994.9           SCILLY
1889 01 09 18 00  56.82   -5.11  985.0      FORTWILLIAM
1889 01 09 21 00  56.82   -5.11  987.7      FORTWILLIAM
1889 01 10 08 00  49.92   -6.30 1005.4           SCILLY
1889 01 10 08 00  56.82   -5.11  998.2      FORTWILLIAM
1889 01 10 09 00  56.82   -5.11  999.2      FORTWILLIAM
1889 01 10 14 00  49.92   -6.30 1007.5           SCILLY
1889 01 10 14 00  56.82   -5.11 1002.7      FORTWILLIAM
1889 01 10 18 00  49.92   -6.30 1007.5           SCILLY
1889 01 10 18 00  56.82   -5.11 1004.7      FORTWILLIAM
1889 01 10 21 00  56.82   -5.11 1005.8      FORTWILLIAM
1889 01 11 08 00  49.92   -6.30 1002.4           SCILLY
1889 01 11 08 00  56.82   -5.11 1000.7      FORTWILLIAM
1889 01 11 09 00  56.82   -5.11 1000.7      FORTWILLIAM
1889 01 11 14 00  49.92   -6.30  995.9           SCILLY
1889 01 11 14 00  56.82   -5.11  997.5      FORTWILLIAM
1889 01 11 18 00  49.92   -6.30  991.5           SCILLY
1889 01 11 18 00  56.82   -5.11  996.6      FORTWILLIAM
1889 01 11 21 00  56.82   -5.11  998.2      FORTWILLIAM
1889 01 12 08 00  49.92   -6.30  994.6           SCILLY
1889 01 12 08 00  56.82   -5.11 1004.5      FORTWILLIAM
1889 01 12 09 00  56.82   -5.11 1005.8      FORTWILLIAM
1889 01 12 14 00  49.92   -6.30 1001.0           SCILLY
1889 01 12 14 00  56.82   -5.11 1008.7      FORTWILLIAM
1889 01 12 18 00  49.92   -6.30 1003.7           SCILLY
1889 01 12 18 00  56.82   -5.11 1012.0      FORTWILLIAM
1889 01 12 21 00  56.82   -5.11 1013.7      FORTWILLIAM
1889 01 13 08 00  49.92   -6.30 1016.3           SCILLY
1889 01 13 08 00  56.82   -5.11 1019.4      FORTWILLIAM
1889 01 13 09 00  56.82   -5.11 1019.8      FORTWILLIAM
1889 01 13 14 00  49.92   -6.30 1018.3           SCILLY
1889 01 13 14 00  56.82   -5.11 1020.3      FORTWILLIAM
1889 01 13 18 00  49.92   -6.30 1019.3           SCILLY
1889 01 13 18 00  56.82   -5.11 1021.5      FORTWILLIAM
1889 01 13 21 00  56.82   -5.11 1022.2      FORTWILLIAM
1889 01 14 08 00  49.92   -6.30 1022.4           SCILLY
1889 01 14 08 00  56.82   -5.11 1019.6      FORTWILLIAM
1889 01 14 09 00  56.82   -5.11 1019.5      FORTWILLIAM
1889 01 14 14 00  49.92   -6.30 1020.0           SCILLY
1889 01 14 14 00  56.82   -5.11 1018.3      FORTWILLIAM
1889 01 14 18 00  49.92   -6.30 1021.7           SCILLY
1889 01 14 18 00  56.82   -5.11 1016.9      FORTWILLIAM
1889 01 14 21 00  56.82   -5.11 1015.9      FORTWILLIAM
1889 01 15 08 00  49.92   -6.30 1017.3           SCILLY
1889 01 15 08 00  56.82   -5.11 1010.6      FORTWILLIAM
1889 01 15 09 00  56.82   -5.11 1010.5      FORTWILLIAM
1889 01 15 14 00  49.92   -6.30 1014.2           SCILLY
1889 01 15 14 00  56.82   -5.11 1008.6      FORTWILLIAM
1889 01 15 18 00  49.92   -6.30 1012.2           SCILLY
1889 01 15 18 00  56.82   -5.11 1007.7      FORTWILLIAM
1889 01 15 21 00  56.82   -5.11 1007.2      FORTWILLIAM
1889 01 16 08 00  49.92   -6.30 1005.1           SCILLY
1889 01 16 08 00  56.82   -5.11 1006.0      FORTWILLIAM
1889 01 16 09 00  56.82   -5.11 1006.1      FORTWILLIAM
1889 01 16 14 00  49.92   -6.30 1008.8           SCILLY
1889 01 16 14 00  56.82   -5.11 1006.6      FORTWILLIAM
1889 01 16 18 00  49.92   -6.30 1011.9           SCILLY
1889 01 16 18 00  56.82   -5.11 1007.9      FORTWILLIAM
1889 01 16 21 00  56.82   -5.11 1009.0      FORTWILLIAM
1889 01 17 08 00  49.92   -6.30 1024.7           SCILLY
1889 01 17 08 00  56.82   -5.11 1016.6      FORTWILLIAM
1889 01 17 09 00  56.82   -5.11 1017.1      FORTWILLIAM
1889 01 17 14 00  49.92   -6.30 1027.8           SCILLY
1889 01 17 14 00  56.82   -5.11 1015.2      FORTWILLIAM
1889 01 17 18 00  49.92   -6.30 1028.8           SCILLY
1889 01 17 18 00  56.82   -5.11 1015.3      FORTWILLIAM
1889 01 17 21 00  56.82   -5.11 1014.2      FORTWILLIAM
1889 01 18 08 00  49.92   -6.30 1030.8           SCILLY
1889 01 18 08 00  56.82   -5.11 1012.0      FORTWILLIAM
1889 01 18 09 00  56.82   -5.11 1011.2      FORTWILLIAM
1889 01 18 14 00  49.92   -6.30 1030.8           SCILLY
1889 01 18 14 00  56.82   -5.11 1009.1      FORTWILLIAM
1889 01 18 18 00  49.92   -6.30 1030.1           SCILLY
1889 01 18 18 00  56.82   -5.11 1012.5      FORTWILLIAM
1889 01 18 21 00  56.82   -5.11 1016.3      FORTWILLIAM
1889 01 19 08 00  49.92   -6.30 1031.5           SCILLY
1889 01 19 08 00  56.82   -5.11 1018.1      FORTWILLIAM
1889 01 19 09 00  56.82   -5.11 1019.2      FORTWILLIAM
1889 01 19 14 00  49.92   -6.30 1031.5           SCILLY
1889 01 19 14 00  56.82   -5.11 1020.3      FORTWILLIAM
1889 01 19 18 00  49.92   -6.30 1030.8           SCILLY
1889 01 19 18 00  56.82   -5.11 1020.9      FORTWILLIAM
1889 01 19 21 00  56.82   -5.11 1020.9      FORTWILLIAM
1889 01 20 08 00  49.92   -6.30 1027.1           SCILLY
1889 01 20 08 00  56.82   -5.11 1024.4      FORTWILLIAM
1889 01 20 09 00  56.82   -5.11 1025.0      FORTWILLIAM
1889 01 20 14 00  49.92   -6.30 1027.1           SCILLY
1889 01 20 14 00  56.82   -5.11 1024.1      FORTWILLIAM
1889 01 20 18 00  49.92   -6.30 1027.4           SCILLY
1889 01 20 18 00  56.82   -5.11 1024.6      FORTWILLIAM
1889 01 20 21 00  56.82   -5.11 1025.5      FORTWILLIAM
1889 01 21 08 00  49.92   -6.30 1028.1           SCILLY
1889 01 21 08 00  56.82   -5.11 1028.3      FORTWILLIAM
1889 01 21 09 00  56.82   -5.11 1028.9      FORTWILLIAM
1889 01 21 14 00  49.92   -6.30 1027.8           SCILLY
1889 01 21 14 00  56.82   -5.11 1031.4      FORTWILLIAM
1889 01 21 18 00  49.92   -6.30 1027.8           SCILLY
1889 01 21 18 00  56.82   -5.11 1033.5      FORTWILLIAM
1889 01 21 21 00  56.82   -5.11 1034.7      FORTWILLIAM
1889 01 22 08 00  49.92   -6.30 1031.5           SCILLY
1889 01 22 08 00  56.82   -5.11 1035.3      FORTWILLIAM
1889 01 22 09 00  56.82   -5.11 1035.3      FORTWILLIAM
1889 01 22 14 00  49.92   -6.30 1031.8           SCILLY
1889 01 22 14 00  56.82   -5.11 1033.6      FORTWILLIAM
1889 01 22 18 00  49.92   -6.30 1031.5           SCILLY
1889 01 22 18 00  56.82   -5.11 1033.3      FORTWILLIAM
1889 01 22 21 00  56.82   -5.11 1032.4      FORTWILLIAM
1889 01 23 08 00  49.92   -6.30 1033.2           SCILLY
1889 01 23 08 00  56.82   -5.11 1031.7      FORTWILLIAM
1889 01 23 09 00  56.82   -5.11 1031.8      FORTWILLIAM
1889 01 23 14 00  49.92   -6.30 1033.2           SCILLY
1889 01 23 14 00  56.82   -5.11 1031.4      FORTWILLIAM
1889 01 23 18 00  49.92   -6.30 1033.2           SCILLY
1889 01 23 18 00  56.82   -5.11 1030.8      FORTWILLIAM
1889 01 23 21 00  56.82   -5.11 1031.1      FORTWILLIAM
1889 01 24 08 00  49.92   -6.30 1034.5           SCILLY
1889 01 24 08 00  56.82   -5.11 1029.6      FORTWILLIAM
1889 01 24 09 00  56.82   -5.11 1029.8      FORTWILLIAM
1889 01 24 14 00  49.92   -6.30 1034.2           SCILLY
1889 01 24 14 00  56.82   -5.11 1029.0      FORTWILLIAM
1889 01 24 18 00  49.92   -6.30 1034.2           SCILLY
1889 01 24 18 00  56.82   -5.11 1028.1      FORTWILLIAM
1889 01 24 21 00  56.82   -5.11 1028.0      FORTWILLIAM
1889 01 25 08 00  49.92   -6.30 1034.5           SCILLY
1889 01 25 08 00  56.82   -5.11 1023.9      FORTWILLIAM
1889 01 25 09 00  56.82   -5.11 1023.8      FORTWILLIAM
1889 01 25 14 00  49.92   -6.30 1033.5           SCILLY
1889 01 25 14 00  56.82   -5.11 1022.2      FORTWILLIAM
1889 01 25 18 00  49.92   -6.30 1033.2           SCILLY
1889 01 25 18 00  56.82   -5.11 1021.1      FORTWILLIAM
1889 01 25 21 00  56.82   -5.11 1020.9      FORTWILLIAM
1889 01 26 08 00  49.92   -6.30 1033.9           SCILLY
1889 01 26 08 00  56.82   -5.11 1022.2      FORTWILLIAM
1889 01 26 09 00  56.82   -5.11 1022.5      FORTWILLIAM
1889 01 26 14 00  49.92   -6.30 1033.2           SCILLY
1889 01 26 14 00  56.82   -5.11 1024.9      FORTWILLIAM
1889 01 26 18 00  49.92   -6.30 1033.2           SCILLY
1889 01 26 18 00  56.82   -5.11 1027.0      FORTWILLIAM
1889 01 26 21 00  56.82   -5.11 1030.4      FORTWILLIAM
1889 01 27 08 00  49.92   -6.30 1034.5           SCILLY
1889 01 27 08 00  56.82   -5.11 1033.6      FORTWILLIAM
1889 01 27 09 00  56.82   -5.11 1033.0      FORTWILLIAM
1889 01 27 14 00  49.92   -6.30 1034.9           SCILLY
1889 01 27 14 00  56.82   -5.11 1029.8      FORTWILLIAM
1889 01 27 18 00  49.92   -6.30 1034.9           SCILLY
1889 01 27 18 00  56.82   -5.11 1026.9      FORTWILLIAM
1889 01 27 21 00  56.82   -5.11 1024.5      FORTWILLIAM
1889 01 28 08 00  49.92   -6.30 1031.2           SCILLY
1889 01 28 08 00  56.82   -5.11 1020.5      FORTWILLIAM
1889 01 28 09 00  56.82   -5.11 1020.6      FORTWILLIAM
1889 01 28 14 00  49.92   -6.30 1029.1           SCILLY
1889 01 28 14 00  56.82   -5.11 1017.8      FORTWILLIAM
1889 01 28 18 00  49.92   -6.30 1026.4           SCILLY
1889 01 28 18 00  56.82   -5.11 1015.4      FORTWILLIAM
1889 01 28 21 00  56.82   -5.11 1011.9      FORTWILLIAM
1889 01 29 08 00  49.92   -6.30 1011.2           SCILLY
1889 01 29 08 00  56.82   -5.11  994.4      FORTWILLIAM
1889 01 29 09 00  56.82   -5.11  997.1      FORTWILLIAM
1889 01 29 14 00  49.92   -6.30 1014.9           SCILLY
1889 01 29 14 00  56.82   -5.11 1005.9      FORTWILLIAM
1889 01 29 18 00  49.92   -6.30 1018.3           SCILLY
1889 01 29 18 00  56.82   -5.11 1007.2      FORTWILLIAM
1889 01 29 21 00  56.82   -5.11 1007.6      FORTWILLIAM
1889 01 30 08 00  49.92   -6.30 1019.0           SCILLY
1889 01 30 08 00  56.82   -5.11  994.4      FORTWILLIAM
1889 01 30 09 00  56.82   -5.11  994.8      FORTWILLIAM
1889 01 30 14 00  49.92   -6.30 1016.6           SCILLY
1889 01 30 14 00  56.82   -5.11 1002.0      FORTWILLIAM
1889 01 30 18 00  49.92   -6.30 1016.9           SCILLY
1889 01 30 18 00  56.82   -5.11 1004.4      FORTWILLIAM
1889 01 30 21 00  56.82   -5.11 1005.8      FORTWILLIAM
1889 01 31 08 00  49.92   -6.30 1021.0           SCILLY
1889 01 31 08 00  56.82   -5.11  999.4      FORTWILLIAM
1889 01 31 09 00  56.82   -5.11  998.6      FORTWILLIAM
1889 01 31 14 00  49.92   -6.30 1019.0           SCILLY
1889 01 31 14 00  56.82   -5.11  996.6      FORTWILLIAM
1889 01 31 18 00  49.92   -6.30 1018.3           SCILLY
1889 01 31 18 00  56.82   -5.11  999.1      FORTWILLIAM
1889 01 31 21 00  56.82   -5.11 1002.7      FORTWILLIAM
