1887 09 01 08 00  49.92   -6.30 1002.4           SCILLY
1887 09 01 08 00  56.82   -5.11  995.5      FORTWILLIAM
1887 09 01 09 00  56.82   -5.11  995.9      FORTWILLIAM
1887 09 01 14 00  49.92   -6.30  993.6           SCILLY
1887 09 01 14 00  56.82   -5.11  996.1      FORTWILLIAM
1887 09 01 18 00  49.92   -6.30  990.5           SCILLY
1887 09 01 18 00  56.82   -5.11  995.5      FORTWILLIAM
1887 09 01 21 00  56.82   -5.11  995.4      FORTWILLIAM
1887 09 02 08 00  49.92   -6.30  998.0           SCILLY
1887 09 02 08 00  56.82   -5.11  986.8      FORTWILLIAM
1887 09 02 09 00  56.82   -5.11  986.2      FORTWILLIAM
1887 09 02 14 00  49.92   -6.30 1004.7           SCILLY
1887 09 02 14 00  56.82   -5.11  985.9      FORTWILLIAM
1887 09 02 18 00  49.92   -6.30 1006.1           SCILLY
1887 09 02 18 00  56.82   -5.11  988.7      FORTWILLIAM
1887 09 02 21 00  56.82   -5.11  990.6      FORTWILLIAM
1887 09 03 08 00  49.92   -6.30 1008.5           SCILLY
1887 09 03 08 00  56.82   -5.11  997.8      FORTWILLIAM
1887 09 03 09 00  56.82   -5.11  998.2      FORTWILLIAM
1887 09 03 14 00  49.92   -6.30 1006.4           SCILLY
1887 09 03 14 00  56.82   -5.11 1000.7      FORTWILLIAM
1887 09 03 18 00  49.92   -6.30 1005.4           SCILLY
1887 09 03 18 00  56.82   -5.11 1003.0      FORTWILLIAM
1887 09 03 21 00  56.82   -5.11 1001.4      FORTWILLIAM
1887 09 04 08 00  49.92   -6.30 1006.1           SCILLY
1887 09 04 08 00  56.82   -5.11 1000.3      FORTWILLIAM
1887 09 04 09 00  56.82   -5.11 1000.2      FORTWILLIAM
1887 09 04 14 00  49.92   -6.30 1005.1           SCILLY
1887 09 04 14 00  56.82   -5.11  997.6      FORTWILLIAM
1887 09 04 18 00  49.92   -6.30 1005.1           SCILLY
1887 09 04 18 00  56.82   -5.11  998.1      FORTWILLIAM
1887 09 04 21 00  56.82   -5.11  997.6      FORTWILLIAM
1887 09 05 08 00  49.92   -6.30 1001.0           SCILLY
1887 09 05 08 00  56.82   -5.11  994.3      FORTWILLIAM
1887 09 05 09 00  56.82   -5.11  993.6      FORTWILLIAM
1887 09 05 14 00  49.92   -6.30 1002.4           SCILLY
1887 09 05 14 00  56.82   -5.11  990.8      FORTWILLIAM
1887 09 05 18 00  49.92   -6.30 1003.0           SCILLY
1887 09 05 18 00  56.82   -5.11  989.4      FORTWILLIAM
1887 09 05 21 00  56.82   -5.11  989.3      FORTWILLIAM
1887 09 06 08 00  49.92   -6.30 1001.0           SCILLY
1887 09 06 08 00  56.82   -5.11  992.3      FORTWILLIAM
1887 09 06 09 00  56.82   -5.11  992.9      FORTWILLIAM
1887 09 06 14 00  49.92   -6.30  998.6           SCILLY
1887 09 06 14 00  56.82   -5.11  994.4      FORTWILLIAM
1887 09 06 18 00  49.92   -6.30  997.3           SCILLY
1887 09 06 18 00  56.82   -5.11  997.0      FORTWILLIAM
1887 09 06 21 00  56.82   -5.11  999.4      FORTWILLIAM
1887 09 07 08 00  49.92   -6.30 1008.5           SCILLY
1887 09 07 08 00  56.82   -5.11 1011.0      FORTWILLIAM
1887 09 07 09 00  56.82   -5.11 1012.1      FORTWILLIAM
1887 09 07 14 00  49.92   -6.30 1015.6           SCILLY
1887 09 07 14 00  56.82   -5.11 1015.5      FORTWILLIAM
1887 09 07 18 00  49.92   -6.30 1020.0           SCILLY
1887 09 07 18 00  56.82   -5.11 1018.2      FORTWILLIAM
1887 09 07 21 00  56.82   -5.11 1020.2      FORTWILLIAM
1887 09 08 08 00  49.92   -6.30 1028.4           SCILLY
1887 09 08 08 00  56.82   -5.11 1020.9      FORTWILLIAM
1887 09 08 09 00  56.82   -5.11 1020.7      FORTWILLIAM
1887 09 08 14 00  49.92   -6.30 1027.8           SCILLY
1887 09 08 14 00  56.82   -5.11 1018.0      FORTWILLIAM
1887 09 08 18 00  49.92   -6.30 1026.1           SCILLY
1887 09 08 18 00  56.82   -5.11 1013.7      FORTWILLIAM
1887 09 08 21 00  56.82   -5.11 1010.3      FORTWILLIAM
1887 09 09 08 00  49.92   -6.30 1022.0           SCILLY
1887 09 09 08 00  56.82   -5.11 1007.2      FORTWILLIAM
1887 09 09 09 00  56.82   -5.11 1006.8      FORTWILLIAM
1887 09 09 14 00  49.92   -6.30 1020.7           SCILLY
1887 09 09 14 00  56.82   -5.11 1005.3      FORTWILLIAM
1887 09 09 18 00  49.92   -6.30 1020.0           SCILLY
1887 09 09 18 00  56.82   -5.11 1007.3      FORTWILLIAM
1887 09 09 21 00  56.82   -5.11 1007.7      FORTWILLIAM
1887 09 10 08 00  49.92   -6.30 1020.3           SCILLY
1887 09 10 08 00  56.82   -5.11 1006.5      FORTWILLIAM
1887 09 10 09 00  56.82   -5.11 1006.6      FORTWILLIAM
1887 09 10 14 00  49.92   -6.30 1020.7           SCILLY
1887 09 10 14 00  56.82   -5.11 1007.6      FORTWILLIAM
1887 09 10 18 00  49.92   -6.30 1020.7           SCILLY
1887 09 10 18 00  56.82   -5.11 1007.8      FORTWILLIAM
1887 09 10 21 00  56.82   -5.11 1007.8      FORTWILLIAM
1887 09 11 08 00  49.92   -6.30 1017.6           SCILLY
1887 09 11 08 00  56.82   -5.11 1004.2      FORTWILLIAM
1887 09 11 09 00  56.82   -5.11 1004.7      FORTWILLIAM
1887 09 11 14 00  49.92   -6.30 1014.9           SCILLY
1887 09 11 14 00  56.82   -5.11 1006.0      FORTWILLIAM
1887 09 11 18 00  49.92   -6.30 1013.2           SCILLY
1887 09 11 18 00  56.82   -5.11 1007.2      FORTWILLIAM
1887 09 11 21 00  56.82   -5.11 1007.6      FORTWILLIAM
1887 09 12 08 00  49.92   -6.30 1011.2           SCILLY
1887 09 12 08 00  56.82   -5.11 1005.3      FORTWILLIAM
1887 09 12 09 00  56.82   -5.11 1005.1      FORTWILLIAM
1887 09 12 14 00  49.92   -6.30 1012.2           SCILLY
1887 09 12 14 00  56.82   -5.11 1005.1      FORTWILLIAM
1887 09 12 18 00  49.92   -6.30 1012.5           SCILLY
1887 09 12 18 00  56.82   -5.11 1006.2      FORTWILLIAM
1887 09 12 21 00  56.82   -5.11 1007.5      FORTWILLIAM
1887 09 13 08 00  49.92   -6.30 1013.5           SCILLY
1887 09 13 08 00  56.82   -5.11 1013.7      FORTWILLIAM
1887 09 13 09 00  56.82   -5.11 1013.7      FORTWILLIAM
1887 09 13 14 00  49.92   -6.30 1015.9           SCILLY
1887 09 13 14 00  56.82   -5.11 1014.1      FORTWILLIAM
1887 09 13 18 00  49.92   -6.30 1016.9           SCILLY
1887 09 13 18 00  56.82   -5.11 1014.0      FORTWILLIAM
1887 09 13 21 00  56.82   -5.11 1014.2      FORTWILLIAM
1887 09 14 08 00  49.92   -6.30 1016.9           SCILLY
1887 09 14 08 00  56.82   -5.11 1013.0      FORTWILLIAM
1887 09 14 09 00  56.82   -5.11 1012.2      FORTWILLIAM
1887 09 14 14 00  49.92   -6.30 1016.6           SCILLY
1887 09 14 14 00  56.82   -5.11 1011.1      FORTWILLIAM
1887 09 14 18 00  49.92   -6.30 1016.3           SCILLY
1887 09 14 18 00  56.82   -5.11 1010.1      FORTWILLIAM
1887 09 14 21 00  56.82   -5.11 1010.1      FORTWILLIAM
1887 09 15 08 00  49.92   -6.30 1014.9           SCILLY
1887 09 15 08 00  56.82   -5.11 1010.4      FORTWILLIAM
1887 09 15 09 00  56.82   -5.11 1010.4      FORTWILLIAM
1887 09 15 14 00  49.92   -6.30 1015.6           SCILLY
1887 09 15 14 00  56.82   -5.11 1009.1      FORTWILLIAM
1887 09 15 18 00  49.92   -6.30 1016.9           SCILLY
1887 09 15 18 00  56.82   -5.11 1009.2      FORTWILLIAM
1887 09 15 21 00  56.82   -5.11 1010.1      FORTWILLIAM
1887 09 16 08 00  49.92   -6.30 1016.9           SCILLY
1887 09 16 08 00  56.82   -5.11 1012.2      FORTWILLIAM
1887 09 16 09 00  56.82   -5.11 1012.5      FORTWILLIAM
1887 09 16 14 00  49.92   -6.30 1016.3           SCILLY
1887 09 16 14 00  56.82   -5.11 1012.7      FORTWILLIAM
1887 09 16 18 00  49.92   -6.30 1015.6           SCILLY
1887 09 16 18 00  56.82   -5.11 1015.0      FORTWILLIAM
1887 09 16 21 00  56.82   -5.11 1017.3      FORTWILLIAM
1887 09 17 08 00  49.92   -6.30 1017.3           SCILLY
1887 09 17 08 00  56.82   -5.11 1023.8      FORTWILLIAM
1887 09 17 09 00  56.82   -5.11 1024.0      FORTWILLIAM
1887 09 17 14 00  49.92   -6.30 1019.0           SCILLY
1887 09 17 14 00  56.82   -5.11 1025.7      FORTWILLIAM
1887 09 17 18 00  49.92   -6.30 1020.0           SCILLY
1887 09 17 18 00  56.82   -5.11 1027.3      FORTWILLIAM
1887 09 17 21 00  56.82   -5.11 1029.4      FORTWILLIAM
1887 09 18 08 00  49.92   -6.30 1025.4           SCILLY
1887 09 18 08 00  56.82   -5.11 1033.7      FORTWILLIAM
1887 09 18 09 00  56.82   -5.11 1033.7      FORTWILLIAM
1887 09 18 14 00  49.92   -6.30 1027.4           SCILLY
1887 09 18 14 00  56.82   -5.11 1033.1      FORTWILLIAM
1887 09 18 18 00  49.92   -6.30 1028.8           SCILLY
1887 09 18 18 00  56.82   -5.11 1033.4      FORTWILLIAM
1887 09 18 21 00  56.82   -5.11 1032.8      FORTWILLIAM
1887 09 19 08 00  49.92   -6.30 1032.2           SCILLY
1887 09 19 08 00  56.82   -5.11 1033.9      FORTWILLIAM
1887 09 19 09 00  56.82   -5.11 1033.7      FORTWILLIAM
1887 09 19 14 00  49.92   -6.30 1032.8           SCILLY
1887 09 19 14 00  56.82   -5.11 1032.6      FORTWILLIAM
1887 09 19 18 00  49.92   -6.30 1031.2           SCILLY
1887 09 19 18 00  56.82   -5.11 1031.6      FORTWILLIAM
1887 09 19 21 00  56.82   -5.11 1031.4      FORTWILLIAM
1887 09 20 08 00  49.92   -6.30 1028.4           SCILLY
1887 09 20 08 00  56.82   -5.11 1031.1      FORTWILLIAM
1887 09 20 09 00  56.82   -5.11 1031.0      FORTWILLIAM
1887 09 20 14 00  49.92   -6.30 1027.4           SCILLY
1887 09 20 14 00  56.82   -5.11 1029.1      FORTWILLIAM
1887 09 20 18 00  49.92   -6.30 1026.1           SCILLY
1887 09 20 18 00  56.82   -5.11 1028.6      FORTWILLIAM
1887 09 20 21 00  56.82   -5.11 1029.5      FORTWILLIAM
1887 09 21 08 00  49.92   -6.30 1025.7           SCILLY
1887 09 21 08 00  56.82   -5.11 1029.5      FORTWILLIAM
1887 09 21 09 00  56.82   -5.11 1029.4      FORTWILLIAM
1887 09 21 14 00  49.92   -6.30 1025.1           SCILLY
1887 09 21 14 00  56.82   -5.11 1028.6      FORTWILLIAM
1887 09 21 18 00  49.92   -6.30 1024.0           SCILLY
1887 09 21 18 00  56.82   -5.11 1027.7      FORTWILLIAM
1887 09 21 21 00  56.82   -5.11 1026.8      FORTWILLIAM
1887 09 22 08 00  49.92   -6.30 1023.0           SCILLY
1887 09 22 08 00  56.82   -5.11 1027.9      FORTWILLIAM
1887 09 22 09 00  56.82   -5.11 1027.9      FORTWILLIAM
1887 09 22 14 00  49.92   -6.30 1023.4           SCILLY
1887 09 22 14 00  56.82   -5.11 1027.8      FORTWILLIAM
1887 09 22 18 00  49.92   -6.30 1023.4           SCILLY
1887 09 22 18 00  56.82   -5.11 1027.5      FORTWILLIAM
1887 09 22 21 00  56.82   -5.11 1029.3      FORTWILLIAM
1887 09 23 08 00  49.92   -6.30 1026.1           SCILLY
1887 09 23 08 00  56.82   -5.11 1032.5      FORTWILLIAM
1887 09 23 09 00  56.82   -5.11 1032.6      FORTWILLIAM
1887 09 23 14 00  49.92   -6.30 1026.8           SCILLY
1887 09 23 14 00  56.82   -5.11 1031.7      FORTWILLIAM
1887 09 23 18 00  49.92   -6.30 1027.4           SCILLY
1887 09 23 18 00  56.82   -5.11 1032.4      FORTWILLIAM
1887 09 23 21 00  56.82   -5.11 1033.9      FORTWILLIAM
1887 09 24 08 00  49.92   -6.30 1029.8           SCILLY
1887 09 24 08 00  56.82   -5.11 1034.7      FORTWILLIAM
1887 09 24 09 00  56.82   -5.11 1034.3      FORTWILLIAM
1887 09 24 14 00  49.92   -6.30 1030.1           SCILLY
1887 09 24 14 00  56.82   -5.11 1032.3      FORTWILLIAM
1887 09 24 18 00  49.92   -6.30 1029.8           SCILLY
1887 09 24 18 00  56.82   -5.11 1030.4      FORTWILLIAM
1887 09 24 21 00  56.82   -5.11 1029.2      FORTWILLIAM
1887 09 25 08 00  49.92   -6.30 1027.8           SCILLY
1887 09 25 08 00  56.82   -5.11 1024.0      FORTWILLIAM
1887 09 25 09 00  56.82   -5.11 1023.6      FORTWILLIAM
1887 09 25 14 00  49.92   -6.30 1025.7           SCILLY
1887 09 25 14 00  56.82   -5.11 1018.6      FORTWILLIAM
1887 09 25 18 00  49.92   -6.30 1023.7           SCILLY
1887 09 25 18 00  56.82   -5.11 1014.0      FORTWILLIAM
1887 09 25 21 00  56.82   -5.11 1010.3      FORTWILLIAM
1887 09 26 08 00  49.92   -6.30 1015.6           SCILLY
1887 09 26 08 00  56.82   -5.11 1002.0      FORTWILLIAM
1887 09 26 09 00  56.82   -5.11 1002.0      FORTWILLIAM
1887 09 26 14 00  49.92   -6.30 1010.2           SCILLY
1887 09 26 14 00  56.82   -5.11  999.7      FORTWILLIAM
1887 09 26 18 00  49.92   -6.30 1007.8           SCILLY
1887 09 26 18 00  56.82   -5.11  998.0      FORTWILLIAM
1887 09 26 21 00  56.82   -5.11  995.8      FORTWILLIAM
1887 09 27 08 00  49.92   -6.30 1001.4           SCILLY
1887 09 27 08 00  56.82   -5.11  990.1      FORTWILLIAM
1887 09 27 09 00  56.82   -5.11  990.3      FORTWILLIAM
1887 09 27 14 00  49.92   -6.30  999.0           SCILLY
1887 09 27 14 00  56.82   -5.11  989.7      FORTWILLIAM
1887 09 27 18 00  49.92   -6.30  997.3           SCILLY
1887 09 27 18 00  56.82   -5.11  990.0      FORTWILLIAM
1887 09 27 21 00  56.82   -5.11  989.4      FORTWILLIAM
1887 09 28 08 00  49.92   -6.30  993.9           SCILLY
1887 09 28 08 00  56.82   -5.11  992.1      FORTWILLIAM
1887 09 28 09 00  56.82   -5.11  992.8      FORTWILLIAM
1887 09 28 14 00  49.92   -6.30  994.2           SCILLY
1887 09 28 14 00  56.82   -5.11  992.9      FORTWILLIAM
1887 09 28 18 00  49.92   -6.30  993.2           SCILLY
1887 09 28 18 00  56.82   -5.11  994.9      FORTWILLIAM
1887 09 28 21 00  56.82   -5.11  995.7      FORTWILLIAM
1887 09 29 08 00  49.92   -6.30  994.2           SCILLY
1887 09 29 08 00  56.82   -5.11 1001.0      FORTWILLIAM
1887 09 29 09 00  56.82   -5.11 1001.8      FORTWILLIAM
1887 09 29 14 00  49.92   -6.30  998.0           SCILLY
1887 09 29 14 00  56.82   -5.11 1006.2      FORTWILLIAM
1887 09 29 18 00  49.92   -6.30  999.7           SCILLY
1887 09 29 18 00  56.82   -5.11 1009.7      FORTWILLIAM
1887 09 29 21 00  56.82   -5.11 1012.6      FORTWILLIAM
1887 09 30 08 00  49.92   -6.30 1004.1           SCILLY
1887 09 30 08 00  56.82   -5.11 1018.6      FORTWILLIAM
1887 09 30 09 00  56.82   -5.11 1018.7      FORTWILLIAM
1887 09 30 14 00  49.92   -6.30 1010.8           SCILLY
1887 09 30 14 00  56.82   -5.11 1018.8      FORTWILLIAM
1887 09 30 18 00  49.92   -6.30 1012.9           SCILLY
1887 09 30 18 00  56.82   -5.11 1018.5      FORTWILLIAM
1887 09 30 21 00  56.82   -5.11 1021.7      FORTWILLIAM
