1886 07 01 08 00  49.92   -6.30 1023.4           SCILLY
1886 07 01 08 00  56.82   -5.11 1023.2      FORTWILLIAM
1886 07 01 09 00  56.82   -5.11 1022.9      FORTWILLIAM
1886 07 01 14 00  49.92   -6.30 1024.0           SCILLY
1886 07 01 14 00  56.82   -5.11 1021.7      FORTWILLIAM
1886 07 01 18 00  49.92   -6.30 1023.4           SCILLY
1886 07 01 18 00  56.82   -5.11 1020.5      FORTWILLIAM
1886 07 01 21 00  56.82   -5.11 1020.5      FORTWILLIAM
1886 07 02 08 00  49.92   -6.30 1024.7           SCILLY
1886 07 02 08 00  56.82   -5.11 1023.1      FORTWILLIAM
1886 07 02 09 00  56.82   -5.11 1023.1      FORTWILLIAM
1886 07 02 14 00  49.92   -6.30 1025.4           SCILLY
1886 07 02 14 00  56.82   -5.11 1024.1      FORTWILLIAM
1886 07 02 18 00  49.92   -6.30 1025.4           SCILLY
1886 07 02 18 00  56.82   -5.11 1023.9      FORTWILLIAM
1886 07 02 21 00  56.82   -5.11 1024.7      FORTWILLIAM
1886 07 03 08 00  49.92   -6.30 1026.4           SCILLY
1886 07 03 08 00  56.82   -5.11 1025.0      FORTWILLIAM
1886 07 03 09 00  56.82   -5.11 1025.0      FORTWILLIAM
1886 07 03 14 00  49.92   -6.30 1026.4           SCILLY
1886 07 03 14 00  56.82   -5.11 1024.7      FORTWILLIAM
1886 07 03 18 00  49.92   -6.30 1026.8           SCILLY
1886 07 03 18 00  56.82   -5.11 1025.3      FORTWILLIAM
1886 07 03 21 00  56.82   -5.11 1025.4      FORTWILLIAM
1886 07 04 08 00  49.92   -6.30 1028.1           SCILLY
1886 07 04 08 00  56.82   -5.11 1022.6      FORTWILLIAM
1886 07 04 09 00  56.82   -5.11 1022.7      FORTWILLIAM
1886 07 04 14 00  49.92   -6.30 1027.8           SCILLY
1886 07 04 14 00  56.82   -5.11 1022.3      FORTWILLIAM
1886 07 04 18 00  49.92   -6.30 1027.8           SCILLY
1886 07 04 18 00  56.82   -5.11 1023.4      FORTWILLIAM
1886 07 04 21 00  56.82   -5.11 1024.5      FORTWILLIAM
1886 07 05 08 00  49.92   -6.30 1026.4           SCILLY
1886 07 05 08 00  56.82   -5.11 1023.8      FORTWILLIAM
1886 07 05 09 00  56.82   -5.11 1023.3      FORTWILLIAM
1886 07 05 14 00  49.92   -6.30 1026.1           SCILLY
1886 07 05 14 00  56.82   -5.11 1021.7      FORTWILLIAM
1886 07 05 18 00  49.92   -6.30 1025.1           SCILLY
1886 07 05 18 00  56.82   -5.11 1018.6      FORTWILLIAM
1886 07 05 21 00  56.82   -5.11 1017.5      FORTWILLIAM
1886 07 06 08 00  49.92   -6.30 1022.7           SCILLY
1886 07 06 08 00  56.82   -5.11 1013.3      FORTWILLIAM
1886 07 06 09 00  56.82   -5.11 1013.3      FORTWILLIAM
1886 07 06 14 00  49.92   -6.30 1021.3           SCILLY
1886 07 06 14 00  56.82   -5.11 1014.1      FORTWILLIAM
1886 07 06 18 00  49.92   -6.30 1019.6           SCILLY
1886 07 06 18 00  56.82   -5.11 1014.1      FORTWILLIAM
1886 07 06 21 00  56.82   -5.11 1014.1      FORTWILLIAM
1886 07 07 08 00  49.92   -6.30 1016.6           SCILLY
1886 07 07 08 00  56.82   -5.11 1011.2      FORTWILLIAM
1886 07 07 09 00  56.82   -5.11 1010.9      FORTWILLIAM
1886 07 07 14 00  49.92   -6.30 1015.9           SCILLY
1886 07 07 14 00  56.82   -5.11 1010.2      FORTWILLIAM
1886 07 07 18 00  49.92   -6.30 1014.2           SCILLY
1886 07 07 18 00  56.82   -5.11 1009.8      FORTWILLIAM
1886 07 07 21 00  56.82   -5.11 1009.8      FORTWILLIAM
1886 07 08 08 00  49.92   -6.30 1012.9           SCILLY
1886 07 08 08 00  56.82   -5.11 1009.7      FORTWILLIAM
1886 07 08 09 00  56.82   -5.11 1009.8      FORTWILLIAM
1886 07 08 14 00  49.92   -6.30 1014.9           SCILLY
1886 07 08 14 00  56.82   -5.11 1009.1      FORTWILLIAM
1886 07 08 18 00  49.92   -6.30 1015.9           SCILLY
1886 07 08 18 00  56.82   -5.11 1012.9      FORTWILLIAM
1886 07 08 21 00  56.82   -5.11 1015.1      FORTWILLIAM
1886 07 09 08 00  49.92   -6.30 1018.3           SCILLY
1886 07 09 08 00  56.82   -5.11 1017.9      FORTWILLIAM
1886 07 09 09 00  56.82   -5.11 1018.0      FORTWILLIAM
1886 07 09 14 00  49.92   -6.30 1020.3           SCILLY
1886 07 09 14 00  56.82   -5.11 1017.4      FORTWILLIAM
1886 07 09 18 00  49.92   -6.30 1020.7           SCILLY
1886 07 09 18 00  56.82   -5.11 1017.1      FORTWILLIAM
1886 07 09 21 00  56.82   -5.11 1018.0      FORTWILLIAM
1886 07 10 08 00  49.92   -6.30 1022.7           SCILLY
1886 07 10 08 00  56.82   -5.11 1020.0      FORTWILLIAM
1886 07 10 09 00  56.82   -5.11 1019.4      FORTWILLIAM
1886 07 10 14 00  49.92   -6.30 1023.7           SCILLY
1886 07 10 14 00  56.82   -5.11 1017.9      FORTWILLIAM
1886 07 10 18 00  49.92   -6.30 1023.4           SCILLY
1886 07 10 18 00  56.82   -5.11 1016.5      FORTWILLIAM
1886 07 10 21 00  56.82   -5.11 1015.1      FORTWILLIAM
1886 07 11 08 00  49.92   -6.30 1022.0           SCILLY
1886 07 11 08 00  56.82   -5.11 1009.7      FORTWILLIAM
1886 07 11 09 00  56.82   -5.11 1009.6      FORTWILLIAM
1886 07 11 14 00  49.92   -6.30 1021.3           SCILLY
1886 07 11 14 00  56.82   -5.11 1008.6      FORTWILLIAM
1886 07 11 18 00  49.92   -6.30 1020.7           SCILLY
1886 07 11 18 00  56.82   -5.11 1008.4      FORTWILLIAM
1886 07 11 21 00  56.82   -5.11 1008.5      FORTWILLIAM
1886 07 12 08 00  49.92   -6.30 1017.6           SCILLY
1886 07 12 08 00  56.82   -5.11 1008.1      FORTWILLIAM
1886 07 12 09 00  56.82   -5.11 1008.1      FORTWILLIAM
1886 07 12 14 00  49.92   -6.30 1016.9           SCILLY
1886 07 12 14 00  56.82   -5.11 1007.5      FORTWILLIAM
1886 07 12 18 00  49.92   -6.30 1016.9           SCILLY
1886 07 12 18 00  56.82   -5.11 1007.7      FORTWILLIAM
1886 07 12 21 00  56.82   -5.11 1007.8      FORTWILLIAM
1886 07 13 08 00  49.92   -6.30 1016.6           SCILLY
1886 07 13 08 00  56.82   -5.11 1006.2      FORTWILLIAM
1886 07 13 09 00  56.82   -5.11 1006.2      FORTWILLIAM
1886 07 13 14 00  49.92   -6.30 1014.2           SCILLY
1886 07 13 14 00  56.82   -5.11 1004.5      FORTWILLIAM
1886 07 13 18 00  49.92   -6.30 1009.5           SCILLY
1886 07 13 18 00  56.82   -5.11 1000.1      FORTWILLIAM
1886 07 13 21 00  56.82   -5.11  997.3      FORTWILLIAM
1886 07 14 08 00  49.92   -6.30 1005.4           SCILLY
1886 07 14 08 00  56.82   -5.11  991.4      FORTWILLIAM
1886 07 14 09 00  56.82   -5.11  991.7      FORTWILLIAM
1886 07 14 14 00  49.92   -6.30 1008.5           SCILLY
1886 07 14 14 00  56.82   -5.11  993.7      FORTWILLIAM
1886 07 14 18 00  49.92   -6.30 1010.2           SCILLY
1886 07 14 18 00  56.82   -5.11  996.0      FORTWILLIAM
1886 07 14 21 00  56.82   -5.11  997.3      FORTWILLIAM
1886 07 15 08 00  49.92   -6.30 1011.5           SCILLY
1886 07 15 08 00  56.82   -5.11 1000.7      FORTWILLIAM
1886 07 15 09 00  56.82   -5.11 1000.6      FORTWILLIAM
1886 07 15 14 00  49.92   -6.30 1010.5           SCILLY
1886 07 15 14 00  56.82   -5.11 1000.9      FORTWILLIAM
1886 07 15 18 00  49.92   -6.30 1009.8           SCILLY
1886 07 15 18 00  56.82   -5.11 1001.3      FORTWILLIAM
1886 07 15 21 00  56.82   -5.11 1000.7      FORTWILLIAM
1886 07 16 08 00  49.92   -6.30 1012.9           SCILLY
1886 07 16 08 00  56.82   -5.11 1003.7      FORTWILLIAM
1886 07 16 09 00  56.82   -5.11 1004.0      FORTWILLIAM
1886 07 16 14 00  49.92   -6.30 1016.3           SCILLY
1886 07 16 14 00  56.82   -5.11 1007.0      FORTWILLIAM
1886 07 16 18 00  49.92   -6.30 1016.9           SCILLY
1886 07 16 18 00  56.82   -5.11 1008.2      FORTWILLIAM
1886 07 16 21 00  56.82   -5.11 1009.2      FORTWILLIAM
1886 07 17 08 00  49.92   -6.30 1015.6           SCILLY
1886 07 17 08 00  56.82   -5.11 1011.9      FORTWILLIAM
1886 07 17 09 00  56.82   -5.11 1011.9      FORTWILLIAM
1886 07 17 14 00  49.92   -6.30 1015.6           SCILLY
1886 07 17 14 00  56.82   -5.11 1011.6      FORTWILLIAM
1886 07 17 18 00  49.92   -6.30 1014.2           SCILLY
1886 07 17 18 00  56.82   -5.11 1010.3      FORTWILLIAM
1886 07 17 21 00  56.82   -5.11 1010.5      FORTWILLIAM
1886 07 18 08 00  49.92   -6.30 1007.8           SCILLY
1886 07 18 08 00  56.82   -5.11 1006.4      FORTWILLIAM
1886 07 18 09 00  56.82   -5.11 1005.9      FORTWILLIAM
1886 07 18 14 00  49.92   -6.30 1004.4           SCILLY
1886 07 18 14 00  56.82   -5.11 1004.3      FORTWILLIAM
1886 07 18 18 00  49.92   -6.30 1002.7           SCILLY
1886 07 18 18 00  56.82   -5.11 1002.7      FORTWILLIAM
1886 07 18 21 00  56.82   -5.11 1001.2      FORTWILLIAM
1886 07 19 08 00  49.92   -6.30 1006.1           SCILLY
1886 07 19 08 00  56.82   -5.11  998.9      FORTWILLIAM
1886 07 19 09 00  56.82   -5.11  999.2      FORTWILLIAM
1886 07 19 14 00  49.92   -6.30 1007.1           SCILLY
1886 07 19 14 00  56.82   -5.11 1000.3      FORTWILLIAM
1886 07 19 18 00  49.92   -6.30 1007.5           SCILLY
1886 07 19 18 00  56.82   -5.11 1001.2      FORTWILLIAM
1886 07 19 21 00  56.82   -5.11 1003.3      FORTWILLIAM
1886 07 20 08 00  49.92   -6.30 1011.9           SCILLY
1886 07 20 08 00  56.82   -5.11 1008.4      FORTWILLIAM
1886 07 20 09 00  56.82   -5.11 1008.6      FORTWILLIAM
1886 07 20 14 00  49.92   -6.30 1011.2           SCILLY
1886 07 20 14 00  56.82   -5.11 1010.7      FORTWILLIAM
1886 07 20 18 00  49.92   -6.30 1010.2           SCILLY
1886 07 20 18 00  56.82   -5.11 1010.9      FORTWILLIAM
1886 07 20 21 00  56.82   -5.11 1012.0      FORTWILLIAM
1886 07 21 08 00  49.92   -6.30 1002.0           SCILLY
1886 07 21 08 00  56.82   -5.11 1009.9      FORTWILLIAM
1886 07 21 09 00  56.82   -5.11 1009.6      FORTWILLIAM
1886 07 21 14 00  49.92   -6.30 1002.7           SCILLY
1886 07 21 14 00  56.82   -5.11 1005.9      FORTWILLIAM
1886 07 21 18 00  49.92   -6.30 1002.7           SCILLY
1886 07 21 18 00  56.82   -5.11 1002.6      FORTWILLIAM
1886 07 21 21 00  56.82   -5.11 1002.4      FORTWILLIAM
1886 07 22 08 00  49.92   -6.30 1007.1           SCILLY
1886 07 22 08 00  56.82   -5.11  997.6      FORTWILLIAM
1886 07 22 09 00  56.82   -5.11  996.4      FORTWILLIAM
1886 07 22 14 00  49.92   -6.30 1010.8           SCILLY
1886 07 22 14 00  56.82   -5.11  993.1      FORTWILLIAM
1886 07 22 18 00  49.92   -6.30 1011.2           SCILLY
1886 07 22 18 00  56.82   -5.11  992.8      FORTWILLIAM
1886 07 22 21 00  56.82   -5.11  993.2      FORTWILLIAM
1886 07 23 08 00  49.92   -6.30 1002.7           SCILLY
1886 07 23 08 00  56.82   -5.11  995.9      FORTWILLIAM
1886 07 23 09 00  56.82   -5.11  996.0      FORTWILLIAM
1886 07 23 14 00  49.92   -6.30  997.0           SCILLY
1886 07 23 14 00  56.82   -5.11  997.9      FORTWILLIAM
1886 07 23 18 00  49.92   -6.30 1000.0           SCILLY
1886 07 23 18 00  56.82   -5.11  997.7      FORTWILLIAM
1886 07 23 21 00  56.82   -5.11  997.7      FORTWILLIAM
1886 07 24 08 00  49.92   -6.30 1006.4           SCILLY
1886 07 24 08 00  56.82   -5.11  998.0      FORTWILLIAM
1886 07 24 09 00  56.82   -5.11  998.1      FORTWILLIAM
1886 07 24 14 00  49.92   -6.30 1006.1           SCILLY
1886 07 24 14 00  56.82   -5.11  998.6      FORTWILLIAM
1886 07 24 18 00  49.92   -6.30 1004.4           SCILLY
1886 07 24 18 00  56.82   -5.11  999.5      FORTWILLIAM
1886 07 24 21 00  56.82   -5.11  999.6      FORTWILLIAM
1886 07 25 08 00  49.92   -6.30 1001.7           SCILLY
1886 07 25 08 00  56.82   -5.11 1001.1      FORTWILLIAM
1886 07 25 09 00  56.82   -5.11 1001.1      FORTWILLIAM
1886 07 25 14 00  49.92   -6.30 1000.7           SCILLY
1886 07 25 14 00  56.82   -5.11 1001.4      FORTWILLIAM
1886 07 25 18 00  49.92   -6.30 1000.7           SCILLY
1886 07 25 18 00  56.82   -5.11 1000.9      FORTWILLIAM
1886 07 25 21 00  56.82   -5.11 1001.7      FORTWILLIAM
1886 07 26 08 00  49.92   -6.30  998.0           SCILLY
1886 07 26 08 00  56.82   -5.11 1002.6      FORTWILLIAM
1886 07 26 09 00  56.82   -5.11 1002.7      FORTWILLIAM
1886 07 26 14 00  49.92   -6.30 1000.0           SCILLY
1886 07 26 14 00  56.82   -5.11 1003.7      FORTWILLIAM
1886 07 26 18 00  49.92   -6.30 1001.0           SCILLY
1886 07 26 18 00  56.82   -5.11 1005.4      FORTWILLIAM
1886 07 26 21 00  56.82   -5.11 1006.6      FORTWILLIAM
1886 07 27 08 00  49.92   -6.30 1011.9           SCILLY
1886 07 27 08 00  56.82   -5.11 1010.2      FORTWILLIAM
1886 07 27 09 00  56.82   -5.11 1010.3      FORTWILLIAM
1886 07 27 14 00  49.92   -6.30 1016.6           SCILLY
1886 07 27 14 00  56.82   -5.11 1012.1      FORTWILLIAM
1886 07 27 18 00  49.92   -6.30 1017.9           SCILLY
1886 07 27 18 00  56.82   -5.11 1013.7      FORTWILLIAM
1886 07 27 21 00  56.82   -5.11 1015.5      FORTWILLIAM
1886 07 28 08 00  49.92   -6.30 1021.3           SCILLY
1886 07 28 08 00  56.82   -5.11 1016.7      FORTWILLIAM
1886 07 28 09 00  56.82   -5.11 1016.8      FORTWILLIAM
1886 07 28 14 00  49.92   -6.30 1021.3           SCILLY
1886 07 28 14 00  56.82   -5.11 1017.0      FORTWILLIAM
1886 07 28 18 00  49.92   -6.30 1019.6           SCILLY
1886 07 28 18 00  56.82   -5.11 1016.8      FORTWILLIAM
1886 07 28 21 00  56.82   -5.11 1015.9      FORTWILLIAM
1886 07 29 08 00  49.92   -6.30 1013.2           SCILLY
1886 07 29 08 00  56.82   -5.11 1013.1      FORTWILLIAM
1886 07 29 09 00  56.82   -5.11 1013.1      FORTWILLIAM
1886 07 29 14 00  49.92   -6.30 1013.2           SCILLY
1886 07 29 14 00  56.82   -5.11 1011.3      FORTWILLIAM
1886 07 29 18 00  49.92   -6.30 1012.5           SCILLY
1886 07 29 18 00  56.82   -5.11 1008.8      FORTWILLIAM
1886 07 29 21 00  56.82   -5.11 1008.6      FORTWILLIAM
1886 07 30 08 00  49.92   -6.30 1006.4           SCILLY
1886 07 30 08 00  56.82   -5.11 1006.9      FORTWILLIAM
1886 07 30 09 00  56.82   -5.11 1006.6      FORTWILLIAM
1886 07 30 14 00  49.92   -6.30 1005.8           SCILLY
1886 07 30 14 00  56.82   -5.11 1005.4      FORTWILLIAM
1886 07 30 18 00  49.92   -6.30 1006.1           SCILLY
1886 07 30 18 00  56.82   -5.11 1005.0      FORTWILLIAM
1886 07 30 21 00  56.82   -5.11 1005.5      FORTWILLIAM
1886 07 31 08 00  49.92   -6.30 1010.2           SCILLY
1886 07 31 08 00  56.82   -5.11 1005.4      FORTWILLIAM
1886 07 31 09 00  56.82   -5.11 1004.9      FORTWILLIAM
1886 07 31 14 00  49.92   -6.30 1013.2           SCILLY
1886 07 31 14 00  56.82   -5.11 1004.2      FORTWILLIAM
1886 07 31 18 00  49.92   -6.30 1013.2           SCILLY
1886 07 31 18 00  56.82   -5.11 1004.7      FORTWILLIAM
1886 07 31 21 00  56.82   -5.11 1005.1      FORTWILLIAM
