1890 06 01 08 00  49.92   -6.30 1020.7           SCILLY
1890 06 01 08 00  56.82   -5.11 1010.4      FORTWILLIAM
1890 06 01 09 00  56.82   -5.11 1009.2      FORTWILLIAM
1890 06 01 14 00  49.92   -6.30 1020.3           SCILLY
1890 06 01 14 00  56.82   -5.11 1008.3      FORTWILLIAM
1890 06 01 18 00  49.92   -6.30 1018.6           SCILLY
1890 06 01 18 00  56.82   -5.11 1008.5      FORTWILLIAM
1890 06 01 21 00  56.82   -5.11 1008.9      FORTWILLIAM
1890 06 02 08 00  49.92   -6.30 1017.6           SCILLY
1890 06 02 08 00  56.82   -5.11 1008.6      FORTWILLIAM
1890 06 02 09 00  56.82   -5.11 1008.2      FORTWILLIAM
1890 06 02 14 00  49.92   -6.30 1017.6           SCILLY
1890 06 02 14 00  56.82   -5.11 1002.0      FORTWILLIAM
1890 06 02 18 00  49.92   -6.30 1016.6           SCILLY
1890 06 02 18 00  56.82   -5.11 1000.1      FORTWILLIAM
1890 06 02 21 00  56.82   -5.11  999.9      FORTWILLIAM
1890 06 03 08 00  49.92   -6.30 1013.2           SCILLY
1890 06 03 08 00  56.82   -5.11 1000.8      FORTWILLIAM
1890 06 03 09 00  56.82   -5.11 1000.7      FORTWILLIAM
1890 06 03 14 00  49.92   -6.30 1009.5           SCILLY
1890 06 03 14 00  56.82   -5.11 1000.4      FORTWILLIAM
1890 06 03 18 00  49.92   -6.30 1007.8           SCILLY
1890 06 03 18 00  56.82   -5.11  996.7      FORTWILLIAM
1890 06 03 21 00  56.82   -5.11  992.1      FORTWILLIAM
1890 06 04 08 00  49.92   -6.30 1007.8           SCILLY
1890 06 04 08 00  56.82   -5.11 1000.5      FORTWILLIAM
1890 06 04 09 00  56.82   -5.11 1001.4      FORTWILLIAM
1890 06 04 14 00  49.92   -6.30 1009.5           SCILLY
1890 06 04 14 00  56.82   -5.11 1003.8      FORTWILLIAM
1890 06 04 18 00  49.92   -6.30 1010.2           SCILLY
1890 06 04 18 00  56.82   -5.11 1004.7      FORTWILLIAM
1890 06 04 21 00  56.82   -5.11 1004.3      FORTWILLIAM
1890 06 05 08 00  49.92   -6.30 1014.2           SCILLY
1890 06 05 08 00  56.82   -5.11 1006.7      FORTWILLIAM
1890 06 05 09 00  56.82   -5.11 1006.8      FORTWILLIAM
1890 06 05 14 00  49.92   -6.30 1016.9           SCILLY
1890 06 05 14 00  56.82   -5.11 1008.4      FORTWILLIAM
1890 06 05 18 00  49.92   -6.30 1017.3           SCILLY
1890 06 05 18 00  56.82   -5.11 1010.2      FORTWILLIAM
1890 06 05 21 00  56.82   -5.11 1007.3      FORTWILLIAM
1890 06 06 08 00  49.92   -6.30 1013.9           SCILLY
1890 06 06 08 00  56.82   -5.11 1005.2      FORTWILLIAM
1890 06 06 09 00  56.82   -5.11 1007.0      FORTWILLIAM
1890 06 06 14 00  49.92   -6.30 1019.3           SCILLY
1890 06 06 14 00  56.82   -5.11 1013.2      FORTWILLIAM
1890 06 06 18 00  49.92   -6.30 1022.0           SCILLY
1890 06 06 18 00  56.82   -5.11 1016.7      FORTWILLIAM
1890 06 06 21 00  56.82   -5.11 1019.6      FORTWILLIAM
1890 06 07 08 00  49.92   -6.30 1026.4           SCILLY
1890 06 07 08 00  56.82   -5.11 1025.2      FORTWILLIAM
1890 06 07 09 00  56.82   -5.11 1025.3      FORTWILLIAM
1890 06 07 14 00  49.92   -6.30 1027.1           SCILLY
1890 06 07 14 00  56.82   -5.11 1026.7      FORTWILLIAM
1890 06 07 18 00  49.92   -6.30 1026.4           SCILLY
1890 06 07 18 00  56.82   -5.11 1027.2      FORTWILLIAM
1890 06 07 21 00  56.82   -5.11 1028.1      FORTWILLIAM
1890 06 08 08 00  49.92   -6.30 1020.3           SCILLY
1890 06 08 08 00  56.82   -5.11 1023.0      FORTWILLIAM
1890 06 08 09 00  56.82   -5.11 1021.8      FORTWILLIAM
1890 06 08 14 00  49.92   -6.30 1019.0           SCILLY
1890 06 08 14 00  56.82   -5.11 1016.4      FORTWILLIAM
1890 06 08 18 00  49.92   -6.30 1019.6           SCILLY
1890 06 08 18 00  56.82   -5.11 1013.2      FORTWILLIAM
1890 06 08 21 00  56.82   -5.11 1011.3      FORTWILLIAM
1890 06 09 08 00  49.92   -6.30 1017.6           SCILLY
1890 06 09 08 00  56.82   -5.11 1008.9      FORTWILLIAM
1890 06 09 09 00  56.82   -5.11 1009.2      FORTWILLIAM
1890 06 09 14 00  49.92   -6.30 1015.9           SCILLY
1890 06 09 14 00  56.82   -5.11 1011.2      FORTWILLIAM
1890 06 09 18 00  49.92   -6.30 1014.2           SCILLY
1890 06 09 18 00  56.82   -5.11 1011.2      FORTWILLIAM
1890 06 09 21 00  56.82   -5.11 1011.3      FORTWILLIAM
1890 06 10 08 00  49.92   -6.30 1005.8           SCILLY
1890 06 10 08 00  56.82   -5.11 1008.6      FORTWILLIAM
1890 06 10 09 00  56.82   -5.11 1007.9      FORTWILLIAM
1890 06 10 14 00  49.92   -6.30 1005.1           SCILLY
1890 06 10 14 00  56.82   -5.11 1005.5      FORTWILLIAM
1890 06 10 18 00  49.92   -6.30 1005.1           SCILLY
1890 06 10 18 00  56.82   -5.11 1005.4      FORTWILLIAM
1890 06 10 21 00  56.82   -5.11 1002.7      FORTWILLIAM
1890 06 11 08 00  49.92   -6.30 1005.1           SCILLY
1890 06 11 08 00  56.82   -5.11 1000.6      FORTWILLIAM
1890 06 11 09 00  56.82   -5.11 1000.7      FORTWILLIAM
1890 06 11 14 00  49.92   -6.30 1004.4           SCILLY
1890 06 11 14 00  56.82   -5.11 1001.5      FORTWILLIAM
1890 06 11 18 00  49.92   -6.30 1004.4           SCILLY
1890 06 11 18 00  56.82   -5.11 1002.0      FORTWILLIAM
1890 06 11 21 00  56.82   -5.11 1004.1      FORTWILLIAM
1890 06 12 08 00  49.92   -6.30 1005.1           SCILLY
1890 06 12 08 00  56.82   -5.11 1009.7      FORTWILLIAM
1890 06 12 09 00  56.82   -5.11 1010.1      FORTWILLIAM
1890 06 12 14 00  49.92   -6.30 1011.5           SCILLY
1890 06 12 14 00  56.82   -5.11 1013.5      FORTWILLIAM
1890 06 12 18 00  49.92   -6.30 1012.2           SCILLY
1890 06 12 18 00  56.82   -5.11 1016.3      FORTWILLIAM
1890 06 12 21 00  56.82   -5.11 1018.6      FORTWILLIAM
1890 06 13 08 00  49.92   -6.30 1018.6           SCILLY
1890 06 13 08 00  56.82   -5.11 1024.0      FORTWILLIAM
1890 06 13 09 00  56.82   -5.11 1024.5      FORTWILLIAM
1890 06 13 14 00  49.92   -6.30 1023.4           SCILLY
1890 06 13 14 00  56.82   -5.11 1025.4      FORTWILLIAM
1890 06 13 18 00  49.92   -6.30 1024.7           SCILLY
1890 06 13 18 00  56.82   -5.11 1026.0      FORTWILLIAM
1890 06 13 21 00  56.82   -5.11 1026.9      FORTWILLIAM
1890 06 14 08 00  49.92   -6.30 1028.1           SCILLY
1890 06 14 08 00  56.82   -5.11 1028.1      FORTWILLIAM
1890 06 14 09 00  56.82   -5.11 1027.8      FORTWILLIAM
1890 06 14 14 00  49.92   -6.30 1029.5           SCILLY
1890 06 14 14 00  56.82   -5.11 1026.8      FORTWILLIAM
1890 06 14 18 00  49.92   -6.30 1029.5           SCILLY
1890 06 14 18 00  56.82   -5.11 1026.7      FORTWILLIAM
1890 06 14 21 00  56.82   -5.11 1028.0      FORTWILLIAM
1890 06 15 08 00  49.92   -6.30 1030.1           SCILLY
1890 06 15 08 00  56.82   -5.11 1026.7      FORTWILLIAM
1890 06 15 09 00  56.82   -5.11 1026.6      FORTWILLIAM
1890 06 15 14 00  49.92   -6.30 1029.8           SCILLY
1890 06 15 14 00  56.82   -5.11 1024.4      FORTWILLIAM
1890 06 15 18 00  49.92   -6.30 1029.1           SCILLY
1890 06 15 18 00  56.82   -5.11 1022.9      FORTWILLIAM
1890 06 15 21 00  56.82   -5.11 1021.8      FORTWILLIAM
1890 06 16 08 00  49.92   -6.30 1025.4           SCILLY
1890 06 16 08 00  56.82   -5.11 1014.9      FORTWILLIAM
1890 06 16 09 00  56.82   -5.11 1014.8      FORTWILLIAM
1890 06 16 14 00  49.92   -6.30 1024.0           SCILLY
1890 06 16 14 00  56.82   -5.11 1013.8      FORTWILLIAM
1890 06 16 18 00  49.92   -6.30 1022.0           SCILLY
1890 06 16 18 00  56.82   -5.11 1011.5      FORTWILLIAM
1890 06 16 21 00  56.82   -5.11 1011.3      FORTWILLIAM
1890 06 17 08 00  49.92   -6.30 1018.6           SCILLY
1890 06 17 08 00  56.82   -5.11 1008.5      FORTWILLIAM
1890 06 17 09 00  56.82   -5.11 1006.5      FORTWILLIAM
1890 06 17 14 00  49.92   -6.30 1018.3           SCILLY
1890 06 17 14 00  56.82   -5.11 1007.5      FORTWILLIAM
1890 06 17 18 00  49.92   -6.30 1015.6           SCILLY
1890 06 17 18 00  56.82   -5.11 1008.8      FORTWILLIAM
1890 06 17 21 00  56.82   -5.11 1010.5      FORTWILLIAM
1890 06 18 08 00  49.92   -6.30 1020.3           SCILLY
1890 06 18 08 00  56.82   -5.11 1013.5      FORTWILLIAM
1890 06 18 09 00  56.82   -5.11 1013.5      FORTWILLIAM
1890 06 18 14 00  49.92   -6.30 1021.7           SCILLY
1890 06 18 14 00  56.82   -5.11 1011.2      FORTWILLIAM
1890 06 18 18 00  49.92   -6.30 1022.0           SCILLY
1890 06 18 18 00  56.82   -5.11 1010.3      FORTWILLIAM
1890 06 18 21 00  56.82   -5.11 1011.8      FORTWILLIAM
1890 06 19 08 00  49.92   -6.30 1023.7           SCILLY
1890 06 19 08 00  56.82   -5.11 1015.5      FORTWILLIAM
1890 06 19 09 00  56.82   -5.11 1015.6      FORTWILLIAM
1890 06 19 14 00  49.92   -6.30 1024.0           SCILLY
1890 06 19 14 00  56.82   -5.11 1015.5      FORTWILLIAM
1890 06 19 18 00  49.92   -6.30 1023.0           SCILLY
1890 06 19 18 00  56.82   -5.11 1014.0      FORTWILLIAM
1890 06 19 21 00  56.82   -5.11 1012.0      FORTWILLIAM
1890 06 20 08 00  49.92   -6.30 1020.3           SCILLY
1890 06 20 08 00  56.82   -5.11 1009.3      FORTWILLIAM
1890 06 20 09 00  56.82   -5.11 1009.4      FORTWILLIAM
1890 06 20 14 00  49.92   -6.30 1020.3           SCILLY
1890 06 20 14 00  56.82   -5.11 1011.3      FORTWILLIAM
1890 06 20 18 00  49.92   -6.30 1020.0           SCILLY
1890 06 20 18 00  56.82   -5.11 1012.3      FORTWILLIAM
1890 06 20 21 00  56.82   -5.11 1012.9      FORTWILLIAM
1890 06 21 08 00  49.92   -6.30 1021.3           SCILLY
1890 06 21 08 00  56.82   -5.11 1013.2      FORTWILLIAM
1890 06 21 09 00  56.82   -5.11 1013.9      FORTWILLIAM
1890 06 21 14 00  49.92   -6.30 1021.7           SCILLY
1890 06 21 14 00  56.82   -5.11 1014.5      FORTWILLIAM
1890 06 21 18 00  49.92   -6.30 1022.7           SCILLY
1890 06 21 18 00  56.82   -5.11 1013.8      FORTWILLIAM
1890 06 21 21 00  56.82   -5.11 1013.5      FORTWILLIAM
1890 06 22 08 00  49.92   -6.30 1023.4           SCILLY
1890 06 22 08 00  56.82   -5.11 1014.6      FORTWILLIAM
1890 06 22 09 00  56.82   -5.11 1014.7      FORTWILLIAM
1890 06 22 14 00  49.92   -6.30 1024.4           SCILLY
1890 06 22 14 00  56.82   -5.11 1015.7      FORTWILLIAM
1890 06 22 18 00  49.92   -6.30 1024.4           SCILLY
1890 06 22 18 00  56.82   -5.11 1017.2      FORTWILLIAM
1890 06 22 21 00  56.82   -5.11 1017.7      FORTWILLIAM
1890 06 23 08 00  49.92   -6.30 1025.1           SCILLY
1890 06 23 08 00  56.82   -5.11 1017.9      FORTWILLIAM
1890 06 23 09 00  56.82   -5.11 1017.6      FORTWILLIAM
1890 06 23 14 00  49.92   -6.30 1025.1           SCILLY
1890 06 23 14 00  56.82   -5.11 1016.7      FORTWILLIAM
1890 06 23 18 00  49.92   -6.30 1024.7           SCILLY
1890 06 23 18 00  56.82   -5.11 1017.8      FORTWILLIAM
1890 06 23 21 00  56.82   -5.11 1018.2      FORTWILLIAM
1890 06 24 08 00  49.92   -6.30 1024.0           SCILLY
1890 06 24 08 00  56.82   -5.11 1017.6      FORTWILLIAM
1890 06 24 09 00  56.82   -5.11 1017.8      FORTWILLIAM
1890 06 24 14 00  49.92   -6.30 1023.4           SCILLY
1890 06 24 14 00  56.82   -5.11 1017.2      FORTWILLIAM
1890 06 24 18 00  49.92   -6.30 1021.7           SCILLY
1890 06 24 18 00  56.82   -5.11 1013.4      FORTWILLIAM
1890 06 24 21 00  56.82   -5.11 1010.0      FORTWILLIAM
1890 06 25 08 00  49.92   -6.30 1019.0           SCILLY
1890 06 25 08 00  56.82   -5.11 1010.1      FORTWILLIAM
1890 06 25 09 00  56.82   -5.11 1010.6      FORTWILLIAM
1890 06 25 14 00  49.92   -6.30 1019.6           SCILLY
1890 06 25 14 00  56.82   -5.11 1013.3      FORTWILLIAM
1890 06 25 18 00  49.92   -6.30 1018.3           SCILLY
1890 06 25 18 00  56.82   -5.11 1014.9      FORTWILLIAM
1890 06 25 21 00  56.82   -5.11 1015.5      FORTWILLIAM
1890 06 26 08 00  49.92   -6.30 1014.6           SCILLY
1890 06 26 08 00  56.82   -5.11 1013.1      FORTWILLIAM
1890 06 26 09 00  56.82   -5.11 1012.2      FORTWILLIAM
1890 06 26 14 00  49.92   -6.30 1014.6           SCILLY
1890 06 26 14 00  56.82   -5.11 1009.9      FORTWILLIAM
1890 06 26 18 00  49.92   -6.30 1014.2           SCILLY
1890 06 26 18 00  56.82   -5.11 1007.8      FORTWILLIAM
1890 06 26 21 00  56.82   -5.11 1005.8      FORTWILLIAM
1890 06 27 08 00  49.92   -6.30 1014.2           SCILLY
1890 06 27 08 00  56.82   -5.11 1003.0      FORTWILLIAM
1890 06 27 09 00  56.82   -5.11 1002.9      FORTWILLIAM
1890 06 27 14 00  49.92   -6.30 1014.6           SCILLY
1890 06 27 14 00  56.82   -5.11 1003.6      FORTWILLIAM
1890 06 27 18 00  49.92   -6.30 1014.6           SCILLY
1890 06 27 18 00  56.82   -5.11 1003.7      FORTWILLIAM
1890 06 27 21 00  56.82   -5.11 1005.6      FORTWILLIAM
1890 06 28 08 00  49.92   -6.30 1011.2           SCILLY
1890 06 28 08 00  56.82   -5.11 1009.6      FORTWILLIAM
1890 06 28 09 00  56.82   -5.11 1009.7      FORTWILLIAM
1890 06 28 14 00  49.92   -6.30 1011.2           SCILLY
1890 06 28 14 00  56.82   -5.11 1010.4      FORTWILLIAM
1890 06 28 18 00  49.92   -6.30 1012.9           SCILLY
1890 06 28 18 00  56.82   -5.11 1010.9      FORTWILLIAM
1890 06 28 21 00  56.82   -5.11 1011.8      FORTWILLIAM
1890 06 29 08 00  49.92   -6.30 1015.6           SCILLY
1890 06 29 08 00  56.82   -5.11 1009.7      FORTWILLIAM
1890 06 29 09 00  56.82   -5.11 1009.1      FORTWILLIAM
1890 06 29 14 00  49.92   -6.30 1014.6           SCILLY
1890 06 29 14 00  56.82   -5.11 1005.5      FORTWILLIAM
1890 06 29 18 00  49.92   -6.30 1012.5           SCILLY
1890 06 29 18 00  56.82   -5.11 1001.9      FORTWILLIAM
1890 06 29 21 00  56.82   -5.11  999.3      FORTWILLIAM
1890 06 30 08 00  49.92   -6.30  998.0           SCILLY
1890 06 30 08 00  56.82   -5.11  991.8      FORTWILLIAM
1890 06 30 09 00  56.82   -5.11  991.0      FORTWILLIAM
1890 06 30 14 00  49.92   -6.30  993.6           SCILLY
1890 06 30 14 00  56.82   -5.11  991.7      FORTWILLIAM
1890 06 30 18 00  49.92   -6.30  992.9           SCILLY
1890 06 30 18 00  56.82   -5.11  993.3      FORTWILLIAM
1890 06 30 21 00  56.82   -5.11  995.0      FORTWILLIAM
