1882 10 01 08 00  49.92   -6.30 1000.7           SCILLY
1882 10 01 14 00  49.92   -6.30 1002.0           SCILLY
1882 10 01 18 00  49.92   -6.30 1005.8           SCILLY
1882 10 02 08 00  49.92   -6.30 1013.5           SCILLY
1882 10 02 14 00  49.92   -6.30 1013.9           SCILLY
1882 10 02 18 00  49.92   -6.30 1013.9           SCILLY
1882 10 03 08 00  49.92   -6.30 1024.7           SCILLY
1882 10 03 14 00  49.92   -6.30 1028.4           SCILLY
1882 10 03 18 00  49.92   -6.30 1029.8           SCILLY
1882 10 04 08 00  49.92   -6.30 1034.9           SCILLY
1882 10 04 14 00  49.92   -6.30 1034.9           SCILLY
1882 10 04 18 00  49.92   -6.30 1034.5           SCILLY
1882 10 05 08 00  49.92   -6.30 1032.2           SCILLY
1882 10 05 14 00  49.92   -6.30 1029.5           SCILLY
1882 10 05 18 00  49.92   -6.30 1027.8           SCILLY
1882 10 06 08 00  49.92   -6.30 1020.0           SCILLY
1882 10 06 14 00  49.92   -6.30 1018.3           SCILLY
1882 10 06 18 00  49.92   -6.30 1017.3           SCILLY
1882 10 07 08 00  49.92   -6.30 1014.6           SCILLY
1882 10 07 14 00  49.92   -6.30 1013.5           SCILLY
1882 10 07 18 00  49.92   -6.30 1013.5           SCILLY
1882 10 08 08 00  49.92   -6.30 1015.9           SCILLY
1882 10 08 14 00  49.92   -6.30 1016.3           SCILLY
1882 10 08 18 00  49.92   -6.30 1016.6           SCILLY
1882 10 09 08 00  49.92   -6.30 1019.0           SCILLY
1882 10 09 14 00  49.92   -6.30 1018.3           SCILLY
1882 10 09 18 00  49.92   -6.30 1017.9           SCILLY
1882 10 10 08 00  49.92   -6.30 1014.6           SCILLY
1882 10 10 14 00  49.92   -6.30 1013.5           SCILLY
1882 10 10 18 00  49.92   -6.30 1012.2           SCILLY
1882 10 11 08 00  49.92   -6.30 1001.7           SCILLY
1882 10 11 14 00  49.92   -6.30 1001.7           SCILLY
1882 10 11 18 00  49.92   -6.30 1001.4           SCILLY
1882 10 12 08 00  49.92   -6.30  993.2           SCILLY
1882 10 12 14 00  49.92   -6.30  998.3           SCILLY
1882 10 12 18 00  49.92   -6.30 1001.4           SCILLY
1882 10 13 08 00  49.92   -6.30 1006.8           SCILLY
1882 10 13 14 00  49.92   -6.30 1009.8           SCILLY
1882 10 13 18 00  49.92   -6.30 1010.8           SCILLY
1882 10 14 08 00  49.92   -6.30 1013.9           SCILLY
1882 10 14 14 00  49.92   -6.30 1013.9           SCILLY
1882 10 14 18 00  49.92   -6.30 1013.2           SCILLY
1882 10 15 08 00  49.92   -6.30 1010.5           SCILLY
1882 10 15 14 00  49.92   -6.30 1009.8           SCILLY
1882 10 15 18 00  49.92   -6.30 1008.8           SCILLY
1882 10 16 08 00  49.92   -6.30 1004.1           SCILLY
1882 10 16 14 00  49.92   -6.30 1003.4           SCILLY
1882 10 16 18 00  49.92   -6.30 1003.7           SCILLY
1882 10 17 08 00  49.92   -6.30 1010.5           SCILLY
1882 10 17 14 00  49.92   -6.30 1013.9           SCILLY
1882 10 17 18 00  49.92   -6.30 1014.9           SCILLY
1882 10 18 08 00  49.92   -6.30 1014.6           SCILLY
1882 10 18 14 00  49.92   -6.30 1011.9           SCILLY
1882 10 18 18 00  49.92   -6.30 1010.2           SCILLY
1882 10 19 08 00  49.92   -6.30 1003.4           SCILLY
1882 10 19 14 00  49.92   -6.30 1004.4           SCILLY
1882 10 19 18 00  49.92   -6.30 1005.1           SCILLY
1882 10 20 08 00  49.92   -6.30 1007.5           SCILLY
1882 10 20 14 00  49.92   -6.30 1007.8           SCILLY
1882 10 20 18 00  49.92   -6.30 1007.1           SCILLY
1882 10 21 08 00  49.92   -6.30  997.0           SCILLY
1882 10 21 14 00  49.92   -6.30  996.6           SCILLY
1882 10 21 18 00  49.92   -6.30  996.6           SCILLY
1882 10 22 08 00  49.92   -6.30  996.3           SCILLY
1882 10 22 14 00  49.92   -6.30  998.6           SCILLY
1882 10 22 18 00  49.92   -6.30  999.7           SCILLY
1882 10 23 08 00  49.92   -6.30 1001.0           SCILLY
1882 10 23 14 00  49.92   -6.30 1001.7           SCILLY
1882 10 23 18 00  49.92   -6.30 1001.4           SCILLY
1882 10 24 08 00  49.92   -6.30  992.9           SCILLY
1882 10 24 14 00  49.92   -6.30  997.6           SCILLY
1882 10 24 18 00  49.92   -6.30  998.6           SCILLY
1882 10 25 08 00  49.92   -6.30  999.7           SCILLY
1882 10 25 14 00  49.92   -6.30 1000.3           SCILLY
1882 10 25 18 00  49.92   -6.30 1000.3           SCILLY
1882 10 26 08 00  49.92   -6.30  996.6           SCILLY
1882 10 26 14 00  49.92   -6.30  995.3           SCILLY
1882 10 26 18 00  49.92   -6.30  992.9           SCILLY
1882 10 27 08 00  49.92   -6.30  989.5           SCILLY
1882 10 27 14 00  49.92   -6.30  994.2           SCILLY
1882 10 27 18 00  49.92   -6.30  997.0           SCILLY
1882 10 28 08 00  49.92   -6.30 1004.1           SCILLY
1882 10 28 14 00  49.92   -6.30 1006.4           SCILLY
1882 10 28 18 00  49.92   -6.30 1008.1           SCILLY
1882 10 29 08 00  49.92   -6.30 1012.5           SCILLY
1882 10 29 14 00  49.92   -6.30 1013.5           SCILLY
1882 10 29 18 00  49.92   -6.30 1013.5           SCILLY
1882 10 30 08 00  49.92   -6.30 1011.5           SCILLY
1882 10 30 14 00  49.92   -6.30 1009.1           SCILLY
1882 10 30 18 00  49.92   -6.30 1009.8           SCILLY
1882 10 31 08 00  49.92   -6.30 1015.6           SCILLY
1882 10 31 14 00  49.92   -6.30 1011.9           SCILLY
1882 10 31 18 00  49.92   -6.30 1009.8           SCILLY
