1887 02 01 08 00  49.92   -6.30 1011.9           SCILLY
1887 02 01 08 00  56.82   -5.11 1002.1      FORTWILLIAM
1887 02 01 09 00  56.82   -5.11 1003.1      FORTWILLIAM
1887 02 01 14 00  49.92   -6.30 1017.3           SCILLY
1887 02 01 14 00  56.82   -5.11 1005.6      FORTWILLIAM
1887 02 01 18 00  49.92   -6.30 1019.6           SCILLY
1887 02 01 18 00  56.82   -5.11 1008.4      FORTWILLIAM
1887 02 01 21 00  56.82   -5.11 1009.4      FORTWILLIAM
1887 02 02 08 00  49.92   -6.30 1009.1           SCILLY
1887 02 02 08 00  56.82   -5.11  999.0      FORTWILLIAM
1887 02 02 09 00  56.82   -5.11  997.2      FORTWILLIAM
1887 02 02 14 00  49.92   -6.30 1007.5           SCILLY
1887 02 02 14 00  56.82   -5.11  988.8      FORTWILLIAM
1887 02 02 18 00  49.92   -6.30 1010.8           SCILLY
1887 02 02 18 00  56.82   -5.11  989.2      FORTWILLIAM
1887 02 02 21 00  56.82   -5.11  992.1      FORTWILLIAM
1887 02 03 08 00  49.92   -6.30 1012.9           SCILLY
1887 02 03 08 00  56.82   -5.11  987.1      FORTWILLIAM
1887 02 03 09 00  56.82   -5.11  987.8      FORTWILLIAM
1887 02 03 14 00  49.92   -6.30 1015.2           SCILLY
1887 02 03 14 00  56.82   -5.11  992.1      FORTWILLIAM
1887 02 03 18 00  49.92   -6.30 1016.3           SCILLY
1887 02 03 18 00  56.82   -5.11  994.8      FORTWILLIAM
1887 02 03 21 00  56.82   -5.11  995.7      FORTWILLIAM
1887 02 04 08 00  49.92   -6.30 1024.0           SCILLY
1887 02 04 08 00  56.82   -5.11 1010.0      FORTWILLIAM
1887 02 04 09 00  56.82   -5.11 1011.1      FORTWILLIAM
1887 02 04 14 00  49.92   -6.30 1024.7           SCILLY
1887 02 04 14 00  56.82   -5.11 1014.5      FORTWILLIAM
1887 02 04 18 00  49.92   -6.30 1025.4           SCILLY
1887 02 04 18 00  56.82   -5.11 1014.9      FORTWILLIAM
1887 02 04 21 00  56.82   -5.11 1013.3      FORTWILLIAM
1887 02 05 08 00  49.92   -6.30 1025.7           SCILLY
1887 02 05 08 00  56.82   -5.11 1014.9      FORTWILLIAM
1887 02 05 09 00  56.82   -5.11 1015.6      FORTWILLIAM
1887 02 05 14 00  49.92   -6.30 1026.1           SCILLY
1887 02 05 14 00  56.82   -5.11 1021.2      FORTWILLIAM
1887 02 05 18 00  49.92   -6.30 1029.8           SCILLY
1887 02 05 18 00  56.82   -5.11 1024.8      FORTWILLIAM
1887 02 05 21 00  56.82   -5.11 1029.1      FORTWILLIAM
1887 02 06 08 00  49.92   -6.30 1033.9           SCILLY
1887 02 06 08 00  56.82   -5.11 1036.9      FORTWILLIAM
1887 02 06 09 00  56.82   -5.11 1037.7      FORTWILLIAM
1887 02 06 14 00  49.92   -6.30 1034.9           SCILLY
1887 02 06 14 00  56.82   -5.11 1036.4      FORTWILLIAM
1887 02 06 18 00  49.92   -6.30 1034.9           SCILLY
1887 02 06 18 00  56.82   -5.11 1034.9      FORTWILLIAM
1887 02 06 21 00  56.82   -5.11 1035.1      FORTWILLIAM
1887 02 07 08 00  49.92   -6.30 1034.9           SCILLY
1887 02 07 08 00  56.82   -5.11 1034.0      FORTWILLIAM
1887 02 07 09 00  56.82   -5.11 1033.7      FORTWILLIAM
1887 02 07 14 00  49.92   -6.30 1035.6           SCILLY
1887 02 07 14 00  56.82   -5.11 1035.0      FORTWILLIAM
1887 02 07 18 00  49.92   -6.30 1034.9           SCILLY
1887 02 07 18 00  56.82   -5.11 1035.9      FORTWILLIAM
1887 02 07 21 00  56.82   -5.11 1035.8      FORTWILLIAM
1887 02 08 08 00  49.92   -6.30 1033.2           SCILLY
1887 02 08 08 00  56.82   -5.11 1037.1      FORTWILLIAM
1887 02 08 09 00  56.82   -5.11 1037.4      FORTWILLIAM
1887 02 08 14 00  49.92   -6.30 1033.2           SCILLY
1887 02 08 14 00  56.82   -5.11 1037.2      FORTWILLIAM
1887 02 08 18 00  49.92   -6.30 1033.2           SCILLY
1887 02 08 18 00  56.82   -5.11 1037.6      FORTWILLIAM
1887 02 08 21 00  56.82   -5.11 1037.4      FORTWILLIAM
1887 02 09 08 00  49.92   -6.30 1034.5           SCILLY
1887 02 09 08 00  56.82   -5.11 1037.6      FORTWILLIAM
1887 02 09 09 00  56.82   -5.11 1037.7      FORTWILLIAM
1887 02 09 14 00  49.92   -6.30 1034.9           SCILLY
1887 02 09 14 00  56.82   -5.11 1036.0      FORTWILLIAM
1887 02 09 18 00  49.92   -6.30 1034.5           SCILLY
1887 02 09 18 00  56.82   -5.11 1035.3      FORTWILLIAM
1887 02 09 21 00  56.82   -5.11 1035.4      FORTWILLIAM
1887 02 10 08 00  49.92   -6.30 1031.5           SCILLY
1887 02 10 08 00  56.82   -5.11 1034.4      FORTWILLIAM
1887 02 10 09 00  56.82   -5.11 1034.7      FORTWILLIAM
1887 02 10 14 00  49.92   -6.30 1030.1           SCILLY
1887 02 10 14 00  56.82   -5.11 1035.1      FORTWILLIAM
1887 02 10 18 00  49.92   -6.30 1029.1           SCILLY
1887 02 10 18 00  56.82   -5.11 1035.1      FORTWILLIAM
1887 02 10 21 00  56.82   -5.11 1035.3      FORTWILLIAM
1887 02 11 08 00  49.92   -6.30 1028.8           SCILLY
1887 02 11 08 00  56.82   -5.11 1036.0      FORTWILLIAM
1887 02 11 09 00  56.82   -5.11 1036.3      FORTWILLIAM
1887 02 11 14 00  49.92   -6.30 1027.8           SCILLY
1887 02 11 14 00  56.82   -5.11 1036.2      FORTWILLIAM
1887 02 11 18 00  49.92   -6.30 1026.4           SCILLY
1887 02 11 18 00  56.82   -5.11 1036.4      FORTWILLIAM
1887 02 11 21 00  56.82   -5.11 1036.7      FORTWILLIAM
1887 02 12 08 00  49.92   -6.30 1029.5           SCILLY
1887 02 12 08 00  56.82   -5.11 1039.0      FORTWILLIAM
1887 02 12 09 00  56.82   -5.11 1039.4      FORTWILLIAM
1887 02 12 14 00  49.92   -6.30 1031.2           SCILLY
1887 02 12 14 00  56.82   -5.11 1039.0      FORTWILLIAM
1887 02 12 18 00  49.92   -6.30 1029.5           SCILLY
1887 02 12 18 00  56.82   -5.11 1039.7      FORTWILLIAM
1887 02 12 21 00  56.82   -5.11 1040.5      FORTWILLIAM
1887 02 13 08 00  49.92   -6.30 1029.5           SCILLY
1887 02 13 08 00  56.82   -5.11 1040.9      FORTWILLIAM
1887 02 13 09 00  56.82   -5.11 1040.7      FORTWILLIAM
1887 02 13 14 00  49.92   -6.30 1028.8           SCILLY
1887 02 13 14 00  56.82   -5.11 1038.1      FORTWILLIAM
1887 02 13 18 00  49.92   -6.30 1027.4           SCILLY
1887 02 13 18 00  56.82   -5.11 1037.9      FORTWILLIAM
1887 02 13 21 00  56.82   -5.11 1036.8      FORTWILLIAM
1887 02 14 08 00  49.92   -6.30 1023.4           SCILLY
1887 02 14 08 00  56.82   -5.11 1029.6      FORTWILLIAM
1887 02 14 09 00  56.82   -5.11 1028.8      FORTWILLIAM
1887 02 14 14 00  49.92   -6.30 1020.7           SCILLY
1887 02 14 14 00  56.82   -5.11 1025.4      FORTWILLIAM
1887 02 14 18 00  49.92   -6.30 1021.0           SCILLY
1887 02 14 18 00  56.82   -5.11 1025.1      FORTWILLIAM
1887 02 14 21 00  56.82   -5.11 1025.3      FORTWILLIAM
1887 02 15 08 00  49.92   -6.30 1024.7           SCILLY
1887 02 15 08 00  56.82   -5.11 1029.2      FORTWILLIAM
1887 02 15 09 00  56.82   -5.11 1029.9      FORTWILLIAM
1887 02 15 14 00  49.92   -6.30 1026.8           SCILLY
1887 02 15 14 00  56.82   -5.11 1029.1      FORTWILLIAM
1887 02 15 18 00  49.92   -6.30 1025.7           SCILLY
1887 02 15 18 00  56.82   -5.11 1029.2      FORTWILLIAM
1887 02 15 21 00  56.82   -5.11 1028.4      FORTWILLIAM
1887 02 16 08 00  49.92   -6.30 1029.1           SCILLY
1887 02 16 08 00  56.82   -5.11 1024.4      FORTWILLIAM
1887 02 16 09 00  56.82   -5.11 1024.3      FORTWILLIAM
1887 02 16 14 00  49.92   -6.30 1029.8           SCILLY
1887 02 16 14 00  56.82   -5.11 1024.2      FORTWILLIAM
1887 02 16 18 00  49.92   -6.30 1029.8           SCILLY
1887 02 16 18 00  56.82   -5.11 1025.4      FORTWILLIAM
1887 02 16 21 00  56.82   -5.11 1026.4      FORTWILLIAM
1887 02 17 08 00  49.92   -6.30 1029.8           SCILLY
1887 02 17 08 00  56.82   -5.11 1023.5      FORTWILLIAM
1887 02 17 09 00  56.82   -5.11 1023.1      FORTWILLIAM
1887 02 17 14 00  49.92   -6.30 1027.8           SCILLY
1887 02 17 14 00  56.82   -5.11 1018.8      FORTWILLIAM
1887 02 17 18 00  49.92   -6.30 1026.1           SCILLY
1887 02 17 18 00  56.82   -5.11 1014.4      FORTWILLIAM
1887 02 17 21 00  56.82   -5.11 1012.7      FORTWILLIAM
1887 02 18 08 00  49.92   -6.30 1019.3           SCILLY
1887 02 18 08 00  56.82   -5.11 1011.2      FORTWILLIAM
1887 02 18 09 00  56.82   -5.11 1012.4      FORTWILLIAM
1887 02 18 14 00  49.92   -6.30 1019.3           SCILLY
1887 02 18 14 00  56.82   -5.11 1017.7      FORTWILLIAM
1887 02 18 18 00  49.92   -6.30 1020.0           SCILLY
1887 02 18 18 00  56.82   -5.11 1020.2      FORTWILLIAM
1887 02 18 21 00  56.82   -5.11 1022.4      FORTWILLIAM
1887 02 19 08 00  49.92   -6.30 1025.4           SCILLY
1887 02 19 08 00  56.82   -5.11 1022.9      FORTWILLIAM
1887 02 19 09 00  56.82   -5.11 1023.6      FORTWILLIAM
1887 02 19 14 00  49.92   -6.30 1026.4           SCILLY
1887 02 19 14 00  56.82   -5.11 1023.0      FORTWILLIAM
1887 02 19 18 00  49.92   -6.30 1026.1           SCILLY
1887 02 19 18 00  56.82   -5.11 1020.4      FORTWILLIAM
1887 02 19 21 00  56.82   -5.11 1018.7      FORTWILLIAM
1887 02 20 08 00  49.92   -6.30 1023.4           SCILLY
1887 02 20 08 00  56.82   -5.11 1009.0      FORTWILLIAM
1887 02 20 09 00  56.82   -5.11 1008.8      FORTWILLIAM
1887 02 20 14 00  49.92   -6.30 1017.6           SCILLY
1887 02 20 14 00  56.82   -5.11 1007.0      FORTWILLIAM
1887 02 20 18 00  49.92   -6.30 1017.6           SCILLY
1887 02 20 18 00  56.82   -5.11 1008.6      FORTWILLIAM
1887 02 20 21 00  56.82   -5.11 1009.7      FORTWILLIAM
1887 02 21 08 00  49.92   -6.30 1019.6           SCILLY
1887 02 21 08 00  56.82   -5.11 1011.2      FORTWILLIAM
1887 02 21 09 00  56.82   -5.11 1011.9      FORTWILLIAM
1887 02 21 14 00  49.92   -6.30 1021.3           SCILLY
1887 02 21 14 00  56.82   -5.11 1012.0      FORTWILLIAM
1887 02 21 18 00  49.92   -6.30 1021.3           SCILLY
1887 02 21 18 00  56.82   -5.11 1011.4      FORTWILLIAM
1887 02 21 21 00  56.82   -5.11 1010.0      FORTWILLIAM
1887 02 22 08 00  49.92   -6.30 1020.3           SCILLY
1887 02 22 08 00  56.82   -5.11 1003.0      FORTWILLIAM
1887 02 22 09 00  56.82   -5.11 1002.7      FORTWILLIAM
1887 02 22 14 00  49.92   -6.30 1020.0           SCILLY
1887 02 22 14 00  56.82   -5.11  999.6      FORTWILLIAM
1887 02 22 18 00  49.92   -6.30 1019.0           SCILLY
1887 02 22 18 00  56.82   -5.11  998.6      FORTWILLIAM
1887 02 22 21 00  56.82   -5.11  997.6      FORTWILLIAM
1887 02 23 08 00  49.92   -6.30 1019.3           SCILLY
1887 02 23 08 00  56.82   -5.11 1000.3      FORTWILLIAM
1887 02 23 09 00  56.82   -5.11  999.6      FORTWILLIAM
1887 02 23 14 00  49.92   -6.30 1020.0           SCILLY
1887 02 23 14 00  56.82   -5.11  999.8      FORTWILLIAM
1887 02 23 18 00  49.92   -6.30 1017.9           SCILLY
1887 02 23 18 00  56.82   -5.11  999.1      FORTWILLIAM
1887 02 23 21 00  56.82   -5.11  998.4      FORTWILLIAM
1887 02 24 08 00  49.92   -6.30 1014.6           SCILLY
1887 02 24 08 00  56.82   -5.11  997.7      FORTWILLIAM
1887 02 24 09 00  56.82   -5.11  998.0      FORTWILLIAM
1887 02 24 14 00  49.92   -6.30 1012.2           SCILLY
1887 02 24 14 00  56.82   -5.11  995.9      FORTWILLIAM
1887 02 24 18 00  49.92   -6.30 1010.5           SCILLY
1887 02 24 18 00  56.82   -5.11  995.9      FORTWILLIAM
1887 02 24 21 00  56.82   -5.11  997.9      FORTWILLIAM
1887 02 25 08 00  49.92   -6.30 1022.0           SCILLY
1887 02 25 08 00  56.82   -5.11 1008.1      FORTWILLIAM
1887 02 25 09 00  56.82   -5.11 1010.0      FORTWILLIAM
1887 02 25 14 00  49.92   -6.30 1026.8           SCILLY
1887 02 25 14 00  56.82   -5.11 1018.4      FORTWILLIAM
1887 02 25 18 00  49.92   -6.30 1027.1           SCILLY
1887 02 25 18 00  56.82   -5.11 1021.6      FORTWILLIAM
1887 02 25 21 00  56.82   -5.11 1023.9      FORTWILLIAM
1887 02 26 08 00  49.92   -6.30 1026.1           SCILLY
1887 02 26 08 00  56.82   -5.11 1019.6      FORTWILLIAM
1887 02 26 09 00  56.82   -5.11 1020.3      FORTWILLIAM
1887 02 26 14 00  49.92   -6.30 1027.4           SCILLY
1887 02 26 14 00  56.82   -5.11 1019.2      FORTWILLIAM
1887 02 26 18 00  49.92   -6.30 1028.1           SCILLY
1887 02 26 18 00  56.82   -5.11 1019.6      FORTWILLIAM
1887 02 26 21 00  56.82   -5.11 1019.8      FORTWILLIAM
1887 02 27 08 00  49.92   -6.30 1031.5           SCILLY
1887 02 27 08 00  56.82   -5.11 1025.7      FORTWILLIAM
1887 02 27 09 00  56.82   -5.11 1025.8      FORTWILLIAM
1887 02 27 14 00  49.92   -6.30 1030.8           SCILLY
1887 02 27 14 00  56.82   -5.11 1025.6      FORTWILLIAM
1887 02 27 18 00  49.92   -6.30 1031.2           SCILLY
1887 02 27 18 00  56.82   -5.11 1025.8      FORTWILLIAM
1887 02 27 21 00  56.82   -5.11 1026.4      FORTWILLIAM
1887 02 28 08 00  49.92   -6.30 1030.8           SCILLY
1887 02 28 08 00  56.82   -5.11 1026.1      FORTWILLIAM
1887 02 28 09 00  56.82   -5.11 1026.2      FORTWILLIAM
1887 02 28 14 00  49.92   -6.30 1030.5           SCILLY
1887 02 28 14 00  56.82   -5.11 1024.8      FORTWILLIAM
1887 02 28 18 00  49.92   -6.30 1031.5           SCILLY
1887 02 28 18 00  56.82   -5.11 1024.8      FORTWILLIAM
1887 02 28 21 00  56.82   -5.11 1024.9      FORTWILLIAM
