1884 12 01 08 00  49.92   -6.30 1012.9           SCILLY
1884 12 01 08 00  56.82   -5.11 1012.4      FORTWILLIAM
1884 12 01 09 00  56.82   -5.11 1012.4      FORTWILLIAM
1884 12 01 14 00  49.92   -6.30 1013.9           SCILLY
1884 12 01 14 00  56.82   -5.11 1010.6      FORTWILLIAM
1884 12 01 18 00  49.92   -6.30 1014.2           SCILLY
1884 12 01 18 00  56.82   -5.11 1008.5      FORTWILLIAM
1884 12 01 21 00  56.82   -5.11 1006.6      FORTWILLIAM
1884 12 02 08 00  49.92   -6.30 1005.4           SCILLY
1884 12 02 08 00  56.82   -5.11  991.7      FORTWILLIAM
1884 12 02 09 00  56.82   -5.11  992.4      FORTWILLIAM
1884 12 02 14 00  49.92   -6.30 1006.1           SCILLY
1884 12 02 14 00  56.82   -5.11  993.0      FORTWILLIAM
1884 12 02 18 00  49.92   -6.30 1006.8           SCILLY
1884 12 02 18 00  56.82   -5.11  995.4      FORTWILLIAM
1884 12 02 21 00  56.82   -5.11  994.4      FORTWILLIAM
1884 12 03 08 00  49.92   -6.30 1000.3           SCILLY
1884 12 03 08 00  56.82   -5.11  978.4      FORTWILLIAM
1884 12 03 09 00  56.82   -5.11  978.4      FORTWILLIAM
1884 12 03 14 00  49.92   -6.30  998.3           SCILLY
1884 12 03 14 00  56.82   -5.11  982.0      FORTWILLIAM
1884 12 03 18 00  49.92   -6.30  998.3           SCILLY
1884 12 03 18 00  56.82   -5.11  984.5      FORTWILLIAM
1884 12 03 21 00  56.82   -5.11  985.7      FORTWILLIAM
1884 12 04 08 00  49.92   -6.30  997.3           SCILLY
1884 12 04 08 00  56.82   -5.11  984.1      FORTWILLIAM
1884 12 04 09 00  56.82   -5.11  984.3      FORTWILLIAM
1884 12 04 14 00  49.92   -6.30 1006.4           SCILLY
1884 12 04 14 00  56.82   -5.11  988.3      FORTWILLIAM
1884 12 04 18 00  49.92   -6.30 1009.5           SCILLY
1884 12 04 18 00  56.82   -5.11  989.2      FORTWILLIAM
1884 12 04 21 00  56.82   -5.11  990.1      FORTWILLIAM
1884 12 05 08 00  49.92   -6.30 1014.2           SCILLY
1884 12 05 08 00  56.82   -5.11  996.6      FORTWILLIAM
1884 12 05 09 00  56.82   -5.11  998.9      FORTWILLIAM
1884 12 05 14 00  49.92   -6.30 1014.6           SCILLY
1884 12 05 14 00  56.82   -5.11 1000.4      FORTWILLIAM
1884 12 05 18 00  49.92   -6.30 1013.2           SCILLY
1884 12 05 18 00  56.82   -5.11  995.8      FORTWILLIAM
1884 12 05 21 00  56.82   -5.11  990.2      FORTWILLIAM
1884 12 06 08 00  49.92   -6.30 1007.8           SCILLY
1884 12 06 08 00  56.82   -5.11  987.8      FORTWILLIAM
1884 12 06 09 00  56.82   -5.11  987.6      FORTWILLIAM
1884 12 06 14 00  49.92   -6.30 1007.1           SCILLY
1884 12 06 14 00  56.82   -5.11  986.9      FORTWILLIAM
1884 12 06 18 00  49.92   -6.30 1008.5           SCILLY
1884 12 06 18 00  56.82   -5.11  986.5      FORTWILLIAM
1884 12 06 21 00  56.82   -5.11  987.1      FORTWILLIAM
1884 12 07 08 00  49.92   -6.30 1012.5           SCILLY
1884 12 07 08 00  56.82   -5.11  990.6      FORTWILLIAM
1884 12 07 09 00  56.82   -5.11  990.8      FORTWILLIAM
1884 12 07 14 00  49.92   -6.30 1010.2           SCILLY
1884 12 07 14 00  56.82   -5.11  989.1      FORTWILLIAM
1884 12 07 18 00  49.92   -6.30 1008.8           SCILLY
1884 12 07 18 00  56.82   -5.11  988.1      FORTWILLIAM
1884 12 07 21 00  56.82   -5.11  988.0      FORTWILLIAM
1884 12 08 08 00  49.92   -6.30 1009.5           SCILLY
1884 12 08 08 00  56.82   -5.11  989.5      FORTWILLIAM
1884 12 08 09 00  56.82   -5.11  990.6      FORTWILLIAM
1884 12 08 14 00  49.92   -6.30 1012.5           SCILLY
1884 12 08 14 00  56.82   -5.11  993.4      FORTWILLIAM
1884 12 08 18 00  49.92   -6.30 1014.6           SCILLY
1884 12 08 18 00  56.82   -5.11  997.4      FORTWILLIAM
1884 12 08 21 00  56.82   -5.11  999.0      FORTWILLIAM
1884 12 09 08 00  49.92   -6.30 1013.5           SCILLY
1884 12 09 08 00  56.82   -5.11 1001.4      FORTWILLIAM
1884 12 09 09 00  56.82   -5.11 1001.9      FORTWILLIAM
1884 12 09 14 00  49.92   -6.30 1016.3           SCILLY
1884 12 09 14 00  56.82   -5.11 1002.2      FORTWILLIAM
1884 12 09 18 00  49.92   -6.30 1020.3           SCILLY
1884 12 09 18 00  56.82   -5.11 1005.7      FORTWILLIAM
1884 12 09 21 00  56.82   -5.11 1006.5      FORTWILLIAM
1884 12 10 08 00  49.92   -6.30 1019.0           SCILLY
1884 12 10 08 00  56.82   -5.11  997.2      FORTWILLIAM
1884 12 10 09 00  56.82   -5.11  995.6      FORTWILLIAM
1884 12 10 14 00  49.92   -6.30 1013.2           SCILLY
1884 12 10 14 00  56.82   -5.11  987.3      FORTWILLIAM
1884 12 10 18 00  49.92   -6.30 1010.8           SCILLY
1884 12 10 18 00  56.82   -5.11  985.9      FORTWILLIAM
1884 12 10 21 00  56.82   -5.11  985.1      FORTWILLIAM
1884 12 11 08 00  49.92   -6.30 1008.1           SCILLY
1884 12 11 08 00  56.82   -5.11  986.2      FORTWILLIAM
1884 12 11 09 00  56.82   -5.11  986.4      FORTWILLIAM
1884 12 11 14 00  49.92   -6.30 1001.7           SCILLY
1884 12 11 14 00  56.82   -5.11  990.8      FORTWILLIAM
1884 12 11 18 00  49.92   -6.30 1007.1           SCILLY
1884 12 11 18 00  56.82   -5.11  998.4      FORTWILLIAM
1884 12 11 21 00  56.82   -5.11 1002.8      FORTWILLIAM
1884 12 12 08 00  49.92   -6.30 1023.4           SCILLY
1884 12 12 08 00  56.82   -5.11 1010.4      FORTWILLIAM
1884 12 12 09 00  56.82   -5.11 1009.6      FORTWILLIAM
1884 12 12 14 00  49.92   -6.30 1022.7           SCILLY
1884 12 12 14 00  56.82   -5.11 1004.0      FORTWILLIAM
1884 12 12 18 00  49.92   -6.30 1022.4           SCILLY
1884 12 12 18 00  56.82   -5.11 1003.7      FORTWILLIAM
1884 12 12 21 00  56.82   -5.11 1006.2      FORTWILLIAM
1884 12 13 08 00  49.92   -6.30 1022.4           SCILLY
1884 12 13 08 00  56.82   -5.11 1004.1      FORTWILLIAM
1884 12 13 09 00  56.82   -5.11 1004.2      FORTWILLIAM
1884 12 13 14 00  49.92   -6.30 1022.4           SCILLY
1884 12 13 14 00  56.82   -5.11 1008.7      FORTWILLIAM
1884 12 13 18 00  49.92   -6.30 1022.0           SCILLY
1884 12 13 18 00  56.82   -5.11 1009.2      FORTWILLIAM
1884 12 13 21 00  56.82   -5.11 1006.6      FORTWILLIAM
1884 12 14 08 00  49.92   -6.30 1013.5           SCILLY
1884 12 14 08 00  56.82   -5.11  992.6      FORTWILLIAM
1884 12 14 09 00  56.82   -5.11  991.5      FORTWILLIAM
1884 12 14 14 00  49.92   -6.30 1011.5           SCILLY
1884 12 14 14 00  56.82   -5.11  990.0      FORTWILLIAM
1884 12 14 18 00  49.92   -6.30 1013.2           SCILLY
1884 12 14 18 00  56.82   -5.11  991.4      FORTWILLIAM
1884 12 14 21 00  56.82   -5.11  992.2      FORTWILLIAM
1884 12 15 08 00  49.92   -6.30 1010.8           SCILLY
1884 12 15 08 00  56.82   -5.11  993.4      FORTWILLIAM
1884 12 15 09 00  56.82   -5.11  993.7      FORTWILLIAM
1884 12 15 14 00  49.92   -6.30 1012.5           SCILLY
1884 12 15 14 00  56.82   -5.11  993.9      FORTWILLIAM
1884 12 15 18 00  49.92   -6.30 1014.9           SCILLY
1884 12 15 18 00  56.82   -5.11  996.2      FORTWILLIAM
1884 12 15 21 00  56.82   -5.11  998.4      FORTWILLIAM
1884 12 16 08 00  49.92   -6.30 1017.9           SCILLY
1884 12 16 08 00  56.82   -5.11  999.0      FORTWILLIAM
1884 12 16 09 00  56.82   -5.11  999.7      FORTWILLIAM
1884 12 16 14 00  49.92   -6.30 1014.2           SCILLY
1884 12 16 14 00  56.82   -5.11  999.9      FORTWILLIAM
1884 12 16 18 00  49.92   -6.30 1011.5           SCILLY
1884 12 16 18 00  56.82   -5.11  997.6      FORTWILLIAM
1884 12 16 21 00  56.82   -5.11  996.9      FORTWILLIAM
1884 12 17 08 00  49.92   -6.30 1008.8           SCILLY
1884 12 17 08 00  56.82   -5.11  996.1      FORTWILLIAM
1884 12 17 09 00  56.82   -5.11  996.2      FORTWILLIAM
1884 12 17 14 00  49.92   -6.30 1012.2           SCILLY
1884 12 17 14 00  56.82   -5.11  998.6      FORTWILLIAM
1884 12 17 18 00  49.92   -6.30 1015.6           SCILLY
1884 12 17 18 00  56.82   -5.11 1004.2      FORTWILLIAM
1884 12 17 21 00  56.82   -5.11 1005.0      FORTWILLIAM
1884 12 18 08 00  49.92   -6.30 1015.6           SCILLY
1884 12 18 08 00  56.82   -5.11  994.7      FORTWILLIAM
1884 12 18 09 00  56.82   -5.11  992.6      FORTWILLIAM
1884 12 18 14 00  49.92   -6.30 1012.9           SCILLY
1884 12 18 14 00  56.82   -5.11  987.6      FORTWILLIAM
1884 12 18 18 00  49.92   -6.30 1011.2           SCILLY
1884 12 18 18 00  56.82   -5.11  987.0      FORTWILLIAM
1884 12 18 21 00  56.82   -5.11  986.3      FORTWILLIAM
1884 12 19 08 00  49.92   -6.30 1009.8           SCILLY
1884 12 19 08 00  56.82   -5.11  980.6      FORTWILLIAM
1884 12 19 09 00  56.82   -5.11  980.2      FORTWILLIAM
1884 12 19 14 00  49.92   -6.30 1008.1           SCILLY
1884 12 19 14 00  56.82   -5.11  982.4      FORTWILLIAM
1884 12 19 18 00  49.92   -6.30 1004.1           SCILLY
1884 12 19 18 00  56.82   -5.11  983.6      FORTWILLIAM
1884 12 19 21 00  56.82   -5.11  981.5      FORTWILLIAM
1884 12 20 08 00  49.92   -6.30  995.9           SCILLY
1884 12 20 08 00  56.82   -5.11  988.7      FORTWILLIAM
1884 12 20 09 00  56.82   -5.11  990.2      FORTWILLIAM
1884 12 20 14 00  49.92   -6.30 1003.4           SCILLY
1884 12 20 14 00  56.82   -5.11  999.4      FORTWILLIAM
1884 12 20 18 00  49.92   -6.30 1007.5           SCILLY
1884 12 20 18 00  56.82   -5.11 1007.2      FORTWILLIAM
1884 12 20 21 00  56.82   -5.11 1011.9      FORTWILLIAM
1884 12 21 08 00  49.92   -6.30 1020.0           SCILLY
1884 12 21 08 00  56.82   -5.11 1022.3      FORTWILLIAM
1884 12 21 09 00  56.82   -5.11 1027.1      FORTWILLIAM
1884 12 21 14 00  49.92   -6.30 1023.0           SCILLY
1884 12 21 14 00  56.82   -5.11 1025.8      FORTWILLIAM
1884 12 21 18 00  49.92   -6.30 1024.4           SCILLY
1884 12 21 18 00  56.82   -5.11 1026.8      FORTWILLIAM
1884 12 21 21 00  56.82   -5.11 1029.7      FORTWILLIAM
1884 12 22 08 00  49.92   -6.30 1024.7           SCILLY
1884 12 22 08 00  56.82   -5.11 1029.5      FORTWILLIAM
1884 12 22 09 00  56.82   -5.11 1029.6      FORTWILLIAM
1884 12 22 14 00  49.92   -6.30 1023.7           SCILLY
1884 12 22 14 00  56.82   -5.11 1026.9      FORTWILLIAM
1884 12 22 18 00  49.92   -6.30 1023.0           SCILLY
1884 12 22 18 00  56.82   -5.11 1026.4      FORTWILLIAM
1884 12 22 21 00  56.82   -5.11 1024.8      FORTWILLIAM
1884 12 23 08 00  49.92   -6.30 1018.3           SCILLY
1884 12 23 08 00  56.82   -5.11 1020.4      FORTWILLIAM
1884 12 23 09 00  56.82   -5.11 1020.0      FORTWILLIAM
1884 12 23 14 00  49.92   -6.30 1016.3           SCILLY
1884 12 23 14 00  56.82   -5.11 1019.8      FORTWILLIAM
1884 12 23 18 00  49.92   -6.30 1016.3           SCILLY
1884 12 23 18 00  56.82   -5.11 1020.9      FORTWILLIAM
1884 12 23 21 00  56.82   -5.11 1021.4      FORTWILLIAM
1884 12 24 08 00  49.92   -6.30 1019.6           SCILLY
1884 12 24 08 00  56.82   -5.11 1021.7      FORTWILLIAM
1884 12 24 09 00  56.82   -5.11 1021.2      FORTWILLIAM
1884 12 24 14 00  49.92   -6.30 1021.3           SCILLY
1884 12 24 14 00  56.82   -5.11 1021.0      FORTWILLIAM
1884 12 24 18 00  49.92   -6.30 1022.4           SCILLY
1884 12 24 18 00  56.82   -5.11 1021.8      FORTWILLIAM
1884 12 24 21 00  56.82   -5.11 1022.3      FORTWILLIAM
1884 12 25 08 00  49.92   -6.30 1020.0           SCILLY
1884 12 25 08 00  56.82   -5.11 1022.7      FORTWILLIAM
1884 12 25 09 00  56.82   -5.11 1023.1      FORTWILLIAM
1884 12 25 14 00  49.92   -6.30 1017.9           SCILLY
1884 12 25 14 00  56.82   -5.11 1022.5      FORTWILLIAM
1884 12 25 18 00  49.92   -6.30 1016.9           SCILLY
1884 12 25 18 00  56.82   -5.11 1022.7      FORTWILLIAM
1884 12 25 21 00  56.82   -5.11 1022.8      FORTWILLIAM
1884 12 26 08 00  49.92   -6.30 1018.6           SCILLY
1884 12 26 08 00  56.82   -5.11 1020.7      FORTWILLIAM
1884 12 26 09 00  56.82   -5.11 1020.5      FORTWILLIAM
1884 12 26 14 00  49.92   -6.30 1018.6           SCILLY
1884 12 26 14 00  56.82   -5.11 1019.9      FORTWILLIAM
1884 12 26 18 00  49.92   -6.30 1018.3           SCILLY
1884 12 26 18 00  56.82   -5.11 1020.1      FORTWILLIAM
1884 12 26 21 00  56.82   -5.11 1020.5      FORTWILLIAM
1884 12 27 08 00  49.92   -6.30 1020.3           SCILLY
1884 12 27 08 00  56.82   -5.11 1020.5      FORTWILLIAM
1884 12 27 09 00  56.82   -5.11 1020.8      FORTWILLIAM
1884 12 27 14 00  49.92   -6.30 1018.3           SCILLY
1884 12 27 14 00  56.82   -5.11 1019.9      FORTWILLIAM
1884 12 27 18 00  49.92   -6.30 1017.9           SCILLY
1884 12 27 18 00  56.82   -5.11 1019.9      FORTWILLIAM
1884 12 27 21 00  56.82   -5.11 1019.4      FORTWILLIAM
1884 12 28 08 00  49.92   -6.30 1012.2           SCILLY
1884 12 28 08 00  56.82   -5.11 1017.8      FORTWILLIAM
1884 12 28 09 00  56.82   -5.11 1017.6      FORTWILLIAM
1884 12 28 14 00  49.92   -6.30 1009.8           SCILLY
1884 12 28 14 00  56.82   -5.11 1016.1      FORTWILLIAM
1884 12 28 18 00  49.92   -6.30 1009.1           SCILLY
1884 12 28 18 00  56.82   -5.11 1014.4      FORTWILLIAM
1884 12 28 21 00  56.82   -5.11 1013.7      FORTWILLIAM
1884 12 29 08 00  49.92   -6.30 1006.1           SCILLY
1884 12 29 08 00  56.82   -5.11 1009.2      FORTWILLIAM
1884 12 29 09 00  56.82   -5.11 1009.6      FORTWILLIAM
1884 12 29 14 00  49.92   -6.30 1006.1           SCILLY
1884 12 29 14 00  56.82   -5.11 1007.0      FORTWILLIAM
1884 12 29 18 00  49.92   -6.30 1006.4           SCILLY
1884 12 29 18 00  56.82   -5.11 1007.5      FORTWILLIAM
1884 12 29 21 00  56.82   -5.11 1008.1      FORTWILLIAM
1884 12 30 08 00  49.92   -6.30 1010.2           SCILLY
1884 12 30 08 00  56.82   -5.11 1011.1      FORTWILLIAM
1884 12 30 09 00  56.82   -5.11 1011.7      FORTWILLIAM
1884 12 30 14 00  49.92   -6.30 1011.2           SCILLY
1884 12 30 14 00  56.82   -5.11 1012.3      FORTWILLIAM
1884 12 30 18 00  49.92   -6.30 1011.5           SCILLY
1884 12 30 18 00  56.82   -5.11 1012.8      FORTWILLIAM
1884 12 30 21 00  56.82   -5.11 1012.5      FORTWILLIAM
1884 12 31 08 00  49.92   -6.30 1012.9           SCILLY
1884 12 31 08 00  56.82   -5.11 1013.1      FORTWILLIAM
1884 12 31 09 00  56.82   -5.11 1013.4      FORTWILLIAM
1884 12 31 14 00  49.92   -6.30 1014.9           SCILLY
1884 12 31 14 00  56.82   -5.11 1012.8      FORTWILLIAM
1884 12 31 18 00  49.92   -6.30 1015.2           SCILLY
1884 12 31 18 00  56.82   -5.11 1015.0      FORTWILLIAM
1884 12 31 21 00  56.82   -5.11 1016.3      FORTWILLIAM
