1885 01 01 08 00  49.93   -6.30 1019.0           SCILLY
1885 01 01 14 00  49.93   -6.30 1019.3           SCILLY
1885 01 01 18 00  49.93   -6.30 1019.6           SCILLY
1885 01 02 08 00  49.93   -6.30 1013.2           SCILLY
1885 01 02 14 00  49.93   -6.30 1009.5           SCILLY
1885 01 02 18 00  49.93   -6.30 1007.8           SCILLY
1885 01 03 08 00  49.93   -6.30 1009.1           SCILLY
1885 01 03 14 00  49.93   -6.30 1011.5           SCILLY
1885 01 03 18 00  49.93   -6.30 1013.9           SCILLY
1885 01 04 08 00  49.93   -6.30 1018.6           SCILLY
1885 01 04 14 00  49.93   -6.30 1017.3           SCILLY
1885 01 04 18 00  49.93   -6.30 1016.9           SCILLY
1885 01 05 08 00  49.93   -6.30 1014.2           SCILLY
1885 01 05 14 00  49.93   -6.30 1019.3           SCILLY
1885 01 05 18 00  49.93   -6.30 1021.3           SCILLY
1885 01 06 08 00  49.93   -6.30 1024.7           SCILLY
1885 01 06 14 00  49.93   -6.30 1025.4           SCILLY
1885 01 06 18 00  49.93   -6.30 1026.4           SCILLY
1885 01 07 08 00  49.93   -6.30 1030.1           SCILLY
1885 01 07 14 00  49.93   -6.30 1027.8           SCILLY
1885 01 07 18 00  49.93   -6.30 1025.4           SCILLY
1885 01 08 08 00  49.93   -6.30 1009.5           SCILLY
1885 01 08 14 00  49.93   -6.30 1009.8           SCILLY
1885 01 08 18 00  49.93   -6.30 1009.8           SCILLY
1885 01 09 08 00  49.93   -6.30 1006.8           SCILLY
1885 01 09 14 00  49.93   -6.30 1007.8           SCILLY
1885 01 09 18 00  49.93   -6.30 1008.1           SCILLY
1885 01 10 08 00  49.93   -6.30 1002.7           SCILLY
1885 01 10 14 00  49.93   -6.30  994.6           SCILLY
1885 01 10 18 00  49.93   -6.30  993.9           SCILLY
1885 01 11 08 00  49.93   -6.30  988.5           SCILLY
1885 01 11 14 00  49.93   -6.30  991.5           SCILLY
1885 01 11 18 00  49.93   -6.30  992.6           SCILLY
1885 01 12 08 00  49.93   -6.30 1010.2           SCILLY
1885 01 12 14 00  49.93   -6.30 1013.2           SCILLY
1885 01 12 18 00  49.93   -6.30 1014.6           SCILLY
1885 01 13 08 00  49.93   -6.30 1009.8           SCILLY
1885 01 13 14 00  49.93   -6.30 1007.5           SCILLY
1885 01 13 18 00  49.93   -6.30 1007.1           SCILLY
1885 01 14 08 00  49.93   -6.30 1010.8           SCILLY
1885 01 14 14 00  49.93   -6.30 1011.5           SCILLY
1885 01 14 18 00  49.93   -6.30 1012.2           SCILLY
1885 01 15 08 00  49.93   -6.30 1014.9           SCILLY
1885 01 15 14 00  49.93   -6.30 1015.6           SCILLY
1885 01 15 18 00  49.93   -6.30 1015.6           SCILLY
1885 01 16 08 00  49.93   -6.30 1015.2           SCILLY
1885 01 16 14 00  49.93   -6.30 1014.6           SCILLY
1885 01 16 18 00  49.93   -6.30 1013.9           SCILLY
1885 01 17 08 00  49.93   -6.30 1008.8           SCILLY
1885 01 17 14 00  49.93   -6.30 1009.8           SCILLY
1885 01 17 18 00  49.93   -6.30 1010.2           SCILLY
1885 01 18 08 00  49.93   -6.30 1016.9           SCILLY
1885 01 18 14 00  49.93   -6.30 1018.3           SCILLY
1885 01 18 18 00  49.93   -6.30 1019.6           SCILLY
1885 01 19 08 00  49.93   -6.30 1021.3           SCILLY
1885 01 19 14 00  49.93   -6.30 1019.6           SCILLY
1885 01 19 18 00  49.93   -6.30 1018.3           SCILLY
1885 01 20 08 00  49.93   -6.30 1015.2           SCILLY
1885 01 20 14 00  49.93   -6.30 1013.9           SCILLY
1885 01 20 18 00  49.93   -6.30 1013.2           SCILLY
1885 01 21 08 00  49.93   -6.30 1008.1           SCILLY
1885 01 21 14 00  49.93   -6.30 1006.1           SCILLY
1885 01 21 18 00  49.93   -6.30 1005.8           SCILLY
1885 01 22 08 00  49.93   -6.30 1007.1           SCILLY
1885 01 22 14 00  49.93   -6.30 1007.8           SCILLY
1885 01 22 18 00  49.93   -6.30 1007.8           SCILLY
1885 01 23 08 00  49.93   -6.30 1007.8           SCILLY
1885 01 23 14 00  49.93   -6.30 1008.5           SCILLY
1885 01 23 18 00  49.93   -6.30 1008.5           SCILLY
1885 01 24 08 00  49.93   -6.30 1011.9           SCILLY
1885 01 24 14 00  49.93   -6.30 1013.2           SCILLY
1885 01 24 18 00  49.93   -6.30 1013.5           SCILLY
1885 01 25 08 00  49.93   -6.30 1012.2           SCILLY
1885 01 25 14 00  49.93   -6.30 1010.8           SCILLY
1885 01 25 18 00  49.93   -6.30 1010.5           SCILLY
1885 01 26 08 00  49.93   -6.30 1009.1           SCILLY
1885 01 26 14 00  49.93   -6.30 1008.8           SCILLY
1885 01 26 18 00  49.93   -6.30 1006.8           SCILLY
1885 01 27 08 00  49.93   -6.30 1008.5           SCILLY
1885 01 27 14 00  49.93   -6.30 1012.9           SCILLY
1885 01 27 18 00  49.93   -6.30 1013.2           SCILLY
1885 01 28 08 00  49.93   -6.30 1004.7           SCILLY
1885 01 28 14 00  49.93   -6.30 1001.0           SCILLY
1885 01 28 18 00  49.93   -6.30  999.0           SCILLY
1885 01 29 08 00  49.93   -6.30  991.5           SCILLY
1885 01 29 14 00  49.93   -6.30  992.6           SCILLY
1885 01 29 18 00  49.93   -6.30  991.2           SCILLY
1885 01 30 08 00  49.93   -6.30  985.8           SCILLY
1885 01 30 14 00  49.93   -6.30  986.1           SCILLY
1885 01 30 18 00  49.93   -6.30  985.1           SCILLY
1885 01 31 08 00  49.93   -6.30  974.3           SCILLY
1885 01 31 14 00  49.93   -6.30  978.3           SCILLY
1885 01 31 18 00  49.93   -6.30  979.7           SCILLY
