1885 05 01 08 00  49.92   -6.30 1001.0           SCILLY
1885 05 01 08 00  56.82   -5.11 1000.4      FORTWILLIAM
1885 05 01 09 00  56.82   -5.11 1000.6      FORTWILLIAM
1885 05 01 14 00  49.92   -6.30 1001.4           SCILLY
1885 05 01 14 00  56.82   -5.11  998.6      FORTWILLIAM
1885 05 01 18 00  49.92   -6.30 1000.7           SCILLY
1885 05 01 18 00  56.82   -5.11  997.6      FORTWILLIAM
1885 05 01 21 00  56.82   -5.11  997.9      FORTWILLIAM
1885 05 02 08 00  49.92   -6.30 1000.7           SCILLY
1885 05 02 08 00  56.82   -5.11  999.7      FORTWILLIAM
1885 05 02 09 00  56.82   -5.11 1000.7      FORTWILLIAM
1885 05 02 14 00  49.92   -6.30 1000.3           SCILLY
1885 05 02 14 00  56.82   -5.11 1001.8      FORTWILLIAM
1885 05 02 18 00  49.92   -6.30 1000.0           SCILLY
1885 05 02 18 00  56.82   -5.11 1003.7      FORTWILLIAM
1885 05 02 21 00  56.82   -5.11 1006.6      FORTWILLIAM
1885 05 03 08 00  49.92   -6.30  999.7           SCILLY
1885 05 03 08 00  56.82   -5.11 1009.9      FORTWILLIAM
1885 05 03 09 00  56.82   -5.11 1010.6      FORTWILLIAM
1885 05 03 14 00  49.92   -6.30 1000.7           SCILLY
1885 05 03 14 00  56.82   -5.11 1012.4      FORTWILLIAM
1885 05 03 18 00  49.92   -6.30 1001.0           SCILLY
1885 05 03 18 00  56.82   -5.11 1012.6      FORTWILLIAM
1885 05 03 21 00  56.82   -5.11 1013.2      FORTWILLIAM
1885 05 04 08 00  49.92   -6.30 1000.3           SCILLY
1885 05 04 08 00  56.82   -5.11 1010.7      FORTWILLIAM
1885 05 04 09 00  56.82   -5.11 1010.5      FORTWILLIAM
1885 05 04 14 00  49.92   -6.30 1001.4           SCILLY
1885 05 04 14 00  56.82   -5.11 1009.2      FORTWILLIAM
1885 05 04 18 00  49.92   -6.30 1001.4           SCILLY
1885 05 04 18 00  56.82   -5.11 1007.9      FORTWILLIAM
1885 05 04 21 00  56.82   -5.11 1008.0      FORTWILLIAM
1885 05 05 08 00  49.92   -6.30 1001.0           SCILLY
1885 05 05 08 00  56.82   -5.11 1005.5      FORTWILLIAM
1885 05 05 09 00  56.82   -5.11 1004.7      FORTWILLIAM
1885 05 05 14 00  49.92   -6.30 1000.0           SCILLY
1885 05 05 14 00  56.82   -5.11 1003.0      FORTWILLIAM
1885 05 05 18 00  49.92   -6.30  998.3           SCILLY
1885 05 05 18 00  56.82   -5.11 1002.4      FORTWILLIAM
1885 05 05 21 00  56.82   -5.11 1002.4      FORTWILLIAM
1885 05 06 08 00  49.92   -6.30  993.6           SCILLY
1885 05 06 08 00  56.82   -5.11 1001.2      FORTWILLIAM
1885 05 06 09 00  56.82   -5.11 1001.2      FORTWILLIAM
1885 05 06 14 00  49.92   -6.30  996.3           SCILLY
1885 05 06 14 00  56.82   -5.11 1000.6      FORTWILLIAM
1885 05 06 18 00  49.92   -6.30  998.6           SCILLY
1885 05 06 18 00  56.82   -5.11 1000.8      FORTWILLIAM
1885 05 06 21 00  56.82   -5.11 1001.5      FORTWILLIAM
1885 05 07 08 00  49.92   -6.30 1005.1           SCILLY
1885 05 07 08 00  56.82   -5.11 1003.6      FORTWILLIAM
1885 05 07 09 00  56.82   -5.11 1003.7      FORTWILLIAM
1885 05 07 14 00  49.92   -6.30 1009.1           SCILLY
1885 05 07 14 00  56.82   -5.11 1003.9      FORTWILLIAM
1885 05 07 18 00  49.92   -6.30 1010.5           SCILLY
1885 05 07 18 00  56.82   -5.11 1004.8      FORTWILLIAM
1885 05 07 21 00  56.82   -5.11 1006.3      FORTWILLIAM
1885 05 08 08 00  49.92   -6.30 1015.2           SCILLY
1885 05 08 08 00  56.82   -5.11 1007.2      FORTWILLIAM
1885 05 08 09 00  56.82   -5.11 1007.2      FORTWILLIAM
1885 05 08 14 00  49.92   -6.30 1016.9           SCILLY
1885 05 08 14 00  56.82   -5.11 1007.2      FORTWILLIAM
1885 05 08 18 00  49.92   -6.30 1016.6           SCILLY
1885 05 08 18 00  56.82   -5.11 1005.6      FORTWILLIAM
1885 05 08 21 00  56.82   -5.11 1004.5      FORTWILLIAM
1885 05 09 08 00  49.92   -6.30 1015.9           SCILLY
1885 05 09 08 00  56.82   -5.11 1004.7      FORTWILLIAM
1885 05 09 09 00  56.82   -5.11 1004.9      FORTWILLIAM
1885 05 09 14 00  49.92   -6.30 1015.9           SCILLY
1885 05 09 14 00  56.82   -5.11 1002.3      FORTWILLIAM
1885 05 09 18 00  49.92   -6.30 1014.9           SCILLY
1885 05 09 18 00  56.82   -5.11  999.7      FORTWILLIAM
1885 05 09 21 00  56.82   -5.11  999.9      FORTWILLIAM
1885 05 10 08 00  49.92   -6.30 1018.3           SCILLY
1885 05 10 08 00  56.82   -5.11 1006.1      FORTWILLIAM
1885 05 10 09 00  56.82   -5.11 1006.3      FORTWILLIAM
1885 05 10 14 00  49.92   -6.30 1017.6           SCILLY
1885 05 10 14 00  56.82   -5.11 1008.9      FORTWILLIAM
1885 05 10 18 00  49.92   -6.30 1018.3           SCILLY
1885 05 10 18 00  56.82   -5.11 1011.2      FORTWILLIAM
1885 05 10 21 00  56.82   -5.11 1012.8      FORTWILLIAM
1885 05 11 08 00  49.92   -6.30 1021.3           SCILLY
1885 05 11 08 00  56.82   -5.11 1019.2      FORTWILLIAM
1885 05 11 09 00  56.82   -5.11 1019.5      FORTWILLIAM
1885 05 11 14 00  49.92   -6.30 1021.7           SCILLY
1885 05 11 14 00  56.82   -5.11 1021.0      FORTWILLIAM
1885 05 11 18 00  49.92   -6.30 1022.7           SCILLY
1885 05 11 18 00  56.82   -5.11 1021.7      FORTWILLIAM
1885 05 11 21 00  56.82   -5.11 1022.5      FORTWILLIAM
1885 05 12 08 00  49.92   -6.30 1018.6           SCILLY
1885 05 12 08 00  56.82   -5.11 1019.9      FORTWILLIAM
1885 05 12 09 00  56.82   -5.11 1019.2      FORTWILLIAM
1885 05 12 14 00  49.92   -6.30 1017.9           SCILLY
1885 05 12 14 00  56.82   -5.11 1017.2      FORTWILLIAM
1885 05 12 18 00  49.92   -6.30 1016.6           SCILLY
1885 05 12 18 00  56.82   -5.11 1013.9      FORTWILLIAM
1885 05 12 21 00  56.82   -5.11 1013.0      FORTWILLIAM
1885 05 13 08 00  49.92   -6.30 1007.8           SCILLY
1885 05 13 08 00  56.82   -5.11 1012.7      FORTWILLIAM
1885 05 13 09 00  56.82   -5.11 1012.7      FORTWILLIAM
1885 05 13 14 00  49.92   -6.30 1006.4           SCILLY
1885 05 13 14 00  56.82   -5.11 1012.6      FORTWILLIAM
1885 05 13 18 00  49.92   -6.30 1006.4           SCILLY
1885 05 13 18 00  56.82   -5.11 1012.8      FORTWILLIAM
1885 05 13 21 00  56.82   -5.11 1013.0      FORTWILLIAM
1885 05 14 08 00  49.92   -6.30 1013.5           SCILLY
1885 05 14 08 00  56.82   -5.11 1010.2      FORTWILLIAM
1885 05 14 09 00  56.82   -5.11 1010.2      FORTWILLIAM
1885 05 14 14 00  49.92   -6.30 1014.9           SCILLY
1885 05 14 14 00  56.82   -5.11 1010.7      FORTWILLIAM
1885 05 14 18 00  49.92   -6.30 1016.3           SCILLY
1885 05 14 18 00  56.82   -5.11 1011.7      FORTWILLIAM
1885 05 14 21 00  56.82   -5.11 1012.1      FORTWILLIAM
1885 05 15 08 00  49.92   -6.30 1016.9           SCILLY
1885 05 15 08 00  56.82   -5.11 1009.3      FORTWILLIAM
1885 05 15 09 00  56.82   -5.11 1008.9      FORTWILLIAM
1885 05 15 14 00  49.92   -6.30 1017.9           SCILLY
1885 05 15 14 00  56.82   -5.11 1006.1      FORTWILLIAM
1885 05 15 18 00  49.92   -6.30 1017.9           SCILLY
1885 05 15 18 00  56.82   -5.11 1004.3      FORTWILLIAM
1885 05 15 21 00  56.82   -5.11 1002.1      FORTWILLIAM
1885 05 16 08 00  49.92   -6.30 1016.3           SCILLY
1885 05 16 08 00  56.82   -5.11 1003.6      FORTWILLIAM
1885 05 16 09 00  56.82   -5.11 1003.6      FORTWILLIAM
1885 05 16 14 00  49.92   -6.30 1015.9           SCILLY
1885 05 16 14 00  56.82   -5.11 1004.0      FORTWILLIAM
1885 05 16 18 00  49.92   -6.30 1015.9           SCILLY
1885 05 16 18 00  56.82   -5.11 1005.1      FORTWILLIAM
1885 05 16 21 00  56.82   -5.11 1007.1      FORTWILLIAM
1885 05 17 08 00  49.92   -6.30 1013.5           SCILLY
1885 05 17 08 00  56.82   -5.11 1012.3      FORTWILLIAM
1885 05 17 09 00  56.82   -5.11 1012.3      FORTWILLIAM
1885 05 17 14 00  49.92   -6.30 1013.9           SCILLY
1885 05 17 14 00  56.82   -5.11 1014.0      FORTWILLIAM
1885 05 17 18 00  49.92   -6.30 1015.6           SCILLY
1885 05 17 18 00  56.82   -5.11 1014.8      FORTWILLIAM
1885 05 17 21 00  56.82   -5.11 1015.2      FORTWILLIAM
1885 05 18 08 00  49.92   -6.30 1016.3           SCILLY
1885 05 18 08 00  56.82   -5.11 1016.5      FORTWILLIAM
1885 05 18 09 00  56.82   -5.11 1016.4      FORTWILLIAM
1885 05 18 14 00  49.92   -6.30 1017.6           SCILLY
1885 05 18 14 00  56.82   -5.11 1016.1      FORTWILLIAM
1885 05 18 18 00  49.92   -6.30 1018.6           SCILLY
1885 05 18 18 00  56.82   -5.11 1015.4      FORTWILLIAM
1885 05 18 21 00  56.82   -5.11 1014.8      FORTWILLIAM
1885 05 19 08 00  49.92   -6.30 1014.2           SCILLY
1885 05 19 08 00  56.82   -5.11 1012.4      FORTWILLIAM
1885 05 19 09 00  56.82   -5.11 1011.8      FORTWILLIAM
1885 05 19 14 00  56.82   -5.11 1009.3      FORTWILLIAM
1885 05 19 18 00  49.92   -6.30 1010.5           SCILLY
1885 05 19 18 00  56.82   -5.11 1007.1      FORTWILLIAM
1885 05 19 21 00  56.82   -5.11 1005.5      FORTWILLIAM
1885 05 20 08 00  49.92   -6.30  994.9           SCILLY
1885 05 20 08 00  56.82   -5.11  996.6      FORTWILLIAM
1885 05 20 09 00  56.82   -5.11  996.1      FORTWILLIAM
1885 05 20 14 00  49.92   -6.30  994.9           SCILLY
1885 05 20 14 00  56.82   -5.11  995.4      FORTWILLIAM
1885 05 20 18 00  49.92   -6.30  989.5           SCILLY
1885 05 20 18 00  56.82   -5.11  993.2      FORTWILLIAM
1885 05 20 21 00  56.82   -5.11  992.4      FORTWILLIAM
1885 05 21 08 00  49.92   -6.30  993.2           SCILLY
1885 05 21 08 00  56.82   -5.11  988.4      FORTWILLIAM
1885 05 21 09 00  56.82   -5.11  988.1      FORTWILLIAM
1885 05 21 14 00  49.92   -6.30  997.0           SCILLY
1885 05 21 14 00  56.82   -5.11  987.1      FORTWILLIAM
1885 05 21 18 00  49.92   -6.30  996.3           SCILLY
1885 05 21 18 00  56.82   -5.11  987.4      FORTWILLIAM
1885 05 21 21 00  56.82   -5.11  987.3      FORTWILLIAM
1885 05 22 08 00  49.92   -6.30  996.3           SCILLY
1885 05 22 08 00  56.82   -5.11  988.6      FORTWILLIAM
1885 05 22 09 00  56.82   -5.11  988.5      FORTWILLIAM
1885 05 22 14 00  49.92   -6.30  999.3           SCILLY
1885 05 22 14 00  56.82   -5.11  991.2      FORTWILLIAM
1885 05 22 18 00  49.92   -6.30 1000.7           SCILLY
1885 05 22 18 00  56.82   -5.11  993.1      FORTWILLIAM
1885 05 22 21 00  56.82   -5.11  994.6      FORTWILLIAM
1885 05 23 08 00  49.92   -6.30 1007.1           SCILLY
1885 05 23 08 00  56.82   -5.11  998.1      FORTWILLIAM
1885 05 23 09 00  56.82   -5.11  998.0      FORTWILLIAM
1885 05 23 14 00  56.82   -5.11  999.8      FORTWILLIAM
1885 05 23 18 00  49.92   -6.30 1012.5           SCILLY
1885 05 23 18 00  56.82   -5.11 1002.2      FORTWILLIAM
1885 05 23 21 00  56.82   -5.11 1003.9      FORTWILLIAM
1885 05 24 08 00  49.92   -6.30 1017.3           SCILLY
1885 05 24 08 00  56.82   -5.11 1009.0      FORTWILLIAM
1885 05 24 09 00  56.82   -5.11 1009.4      FORTWILLIAM
1885 05 24 14 00  49.92   -6.30 1018.6           SCILLY
1885 05 24 14 00  56.82   -5.11 1011.1      FORTWILLIAM
1885 05 24 18 00  49.92   -6.30 1019.0           SCILLY
1885 05 24 18 00  56.82   -5.11 1011.4      FORTWILLIAM
1885 05 24 21 00  56.82   -5.11 1011.9      FORTWILLIAM
1885 05 25 08 00  49.92   -6.30 1010.5           SCILLY
1885 05 25 08 00  56.82   -5.11 1011.8      FORTWILLIAM
1885 05 25 09 00  56.82   -5.11 1011.3      FORTWILLIAM
1885 05 25 14 00  49.92   -6.30 1011.2           SCILLY
1885 05 25 14 00  56.82   -5.11 1010.4      FORTWILLIAM
1885 05 25 18 00  49.92   -6.30 1011.9           SCILLY
1885 05 25 18 00  56.82   -5.11 1009.3      FORTWILLIAM
1885 05 25 21 00  56.82   -5.11 1009.6      FORTWILLIAM
1885 05 26 08 00  49.92   -6.30 1013.5           SCILLY
1885 05 26 08 00  56.82   -5.11 1009.5      FORTWILLIAM
1885 05 26 09 00  56.82   -5.11 1009.4      FORTWILLIAM
1885 05 26 14 00  49.92   -6.30 1014.9           SCILLY
1885 05 26 14 00  56.82   -5.11 1008.1      FORTWILLIAM
1885 05 26 18 00  49.92   -6.30 1014.9           SCILLY
1885 05 26 18 00  56.82   -5.11 1008.0      FORTWILLIAM
1885 05 26 21 00  56.82   -5.11 1008.9      FORTWILLIAM
1885 05 27 08 00  49.92   -6.30 1010.8           SCILLY
1885 05 27 08 00  56.82   -5.11 1006.6      FORTWILLIAM
1885 05 27 09 00  56.82   -5.11 1006.5      FORTWILLIAM
1885 05 27 14 00  49.92   -6.30 1009.8           SCILLY
1885 05 27 14 00  56.82   -5.11 1005.4      FORTWILLIAM
1885 05 27 18 00  49.92   -6.30 1008.1           SCILLY
1885 05 27 18 00  56.82   -5.11 1004.1      FORTWILLIAM
1885 05 27 21 00  56.82   -5.11 1003.8      FORTWILLIAM
1885 05 28 08 00  49.92   -6.30 1006.4           SCILLY
1885 05 28 08 00  56.82   -5.11  999.0      FORTWILLIAM
1885 05 28 09 00  56.82   -5.11 1000.2      FORTWILLIAM
1885 05 28 14 00  49.92   -6.30 1007.1           SCILLY
1885 05 28 14 00  56.82   -5.11  999.3      FORTWILLIAM
1885 05 28 18 00  49.92   -6.30 1007.8           SCILLY
1885 05 28 18 00  56.82   -5.11  998.2      FORTWILLIAM
1885 05 28 21 00  56.82   -5.11  999.3      FORTWILLIAM
1885 05 29 08 00  49.92   -6.30 1008.8           SCILLY
1885 05 29 08 00  56.82   -5.11 1001.3      FORTWILLIAM
1885 05 29 09 00  56.82   -5.11 1000.9      FORTWILLIAM
1885 05 29 14 00  49.92   -6.30 1012.5           SCILLY
1885 05 29 14 00  56.82   -5.11 1000.4      FORTWILLIAM
1885 05 29 18 00  49.92   -6.30 1014.2           SCILLY
1885 05 29 18 00  56.82   -5.11 1001.0      FORTWILLIAM
1885 05 29 21 00  56.82   -5.11 1003.5      FORTWILLIAM
1885 05 30 08 00  49.92   -6.30 1015.9           SCILLY
1885 05 30 08 00  56.82   -5.11 1005.3      FORTWILLIAM
1885 05 30 09 00  56.82   -5.11 1005.4      FORTWILLIAM
1885 05 30 14 00  49.92   -6.30 1015.9           SCILLY
1885 05 30 14 00  56.82   -5.11 1007.1      FORTWILLIAM
1885 05 30 18 00  49.92   -6.30 1015.9           SCILLY
1885 05 30 18 00  56.82   -5.11 1007.1      FORTWILLIAM
1885 05 30 21 00  56.82   -5.11 1007.5      FORTWILLIAM
1885 05 31 08 00  49.92   -6.30 1019.3           SCILLY
1885 05 31 08 00  56.82   -5.11 1011.3      FORTWILLIAM
1885 05 31 09 00  56.82   -5.11 1012.0      FORTWILLIAM
1885 05 31 14 00  49.92   -6.30 1021.0           SCILLY
1885 05 31 14 00  56.82   -5.11 1014.8      FORTWILLIAM
1885 05 31 18 00  49.92   -6.30 1021.7           SCILLY
1885 05 31 18 00  56.82   -5.11 1016.3      FORTWILLIAM
1885 05 31 21 00  56.82   -5.11 1017.8      FORTWILLIAM
