1878 06 01 08 00  49.93   -6.30 1015.6           SCILLY
1878 06 01 14 00  49.93   -6.30 1015.9           SCILLY
1878 06 01 18 00  49.93   -6.30 1014.9           SCILLY
1878 06 02 08 00  49.93   -6.30 1013.5           SCILLY
1878 06 02 14 00  49.93   -6.30 1013.9           SCILLY
1878 06 02 18 00  49.93   -6.30 1014.2           SCILLY
1878 06 03 08 00  49.93   -6.30 1014.6           SCILLY
1878 06 03 14 00  49.93   -6.30 1014.6           SCILLY
1878 06 03 18 00  49.93   -6.30 1012.9           SCILLY
1878 06 04 08 00  49.93   -6.30 1009.8           SCILLY
1878 06 04 14 00  49.93   -6.30 1012.9           SCILLY
1878 06 04 18 00  49.93   -6.30 1014.2           SCILLY
1878 06 05 08 00  49.93   -6.30 1019.6           SCILLY
1878 06 05 14 00  49.93   -6.30 1022.4           SCILLY
1878 06 05 18 00  49.93   -6.30 1023.0           SCILLY
1878 06 06 08 00  49.93   -6.30 1024.7           SCILLY
1878 06 06 14 00  49.93   -6.30 1025.1           SCILLY
1878 06 06 18 00  49.93   -6.30 1024.7           SCILLY
1878 06 07 08 00  49.93   -6.30 1019.6           SCILLY
1878 06 07 14 00  49.93   -6.30 1015.9           SCILLY
1878 06 07 18 00  49.93   -6.30 1013.2           SCILLY
1878 06 08 08 00  49.93   -6.30 1005.1           SCILLY
1878 06 08 14 00  49.93   -6.30 1003.0           SCILLY
1878 06 08 18 00  49.93   -6.30 1002.7           SCILLY
1878 06 09 08 00  49.93   -6.30 1000.0           SCILLY
1878 06 09 14 00  49.93   -6.30 1001.0           SCILLY
1878 06 09 18 00  49.93   -6.30 1003.7           SCILLY
1878 06 10 08 00  49.93   -6.30 1008.5           SCILLY
1878 06 10 14 00  49.93   -6.30 1009.8           SCILLY
1878 06 10 18 00  49.93   -6.30 1008.5           SCILLY
1878 06 11 08 00  49.93   -6.30  994.9           SCILLY
1878 06 11 14 00  49.93   -6.30  997.6           SCILLY
1878 06 11 18 00  49.93   -6.30 1001.4           SCILLY
1878 06 12 08 00  49.93   -6.30 1003.7           SCILLY
1878 06 12 14 00  49.93   -6.30 1009.1           SCILLY
1878 06 12 18 00  49.93   -6.30 1010.5           SCILLY
1878 06 13 08 00  49.93   -6.30 1010.2           SCILLY
1878 06 13 14 00  49.93   -6.30 1009.5           SCILLY
1878 06 13 18 00  49.93   -6.30 1008.8           SCILLY
1878 06 14 08 00  49.93   -6.30 1011.2           SCILLY
1878 06 14 14 00  49.93   -6.30 1014.6           SCILLY
1878 06 14 18 00  49.93   -6.30 1013.5           SCILLY
1878 06 15 08 00  49.93   -6.30 1012.2           SCILLY
1878 06 15 14 00  49.93   -6.30 1010.8           SCILLY
1878 06 15 18 00  49.93   -6.30 1010.2           SCILLY
1878 06 16 08 00  49.93   -6.30 1012.5           SCILLY
1878 06 16 14 00  49.93   -6.30 1013.2           SCILLY
1878 06 16 18 00  49.93   -6.30 1013.9           SCILLY
1878 06 17 08 00  49.93   -6.30 1011.9           SCILLY
1878 06 17 14 00  49.93   -6.30 1013.2           SCILLY
1878 06 17 18 00  49.93   -6.30 1014.2           SCILLY
1878 06 18 08 00  49.93   -6.30 1014.2           SCILLY
1878 06 18 14 00  49.93   -6.30 1014.9           SCILLY
1878 06 18 18 00  49.93   -6.30 1014.9           SCILLY
1878 06 19 08 00  49.93   -6.30 1017.6           SCILLY
1878 06 19 14 00  49.93   -6.30 1019.0           SCILLY
1878 06 19 18 00  49.93   -6.30 1020.0           SCILLY
1878 06 20 08 00  49.93   -6.30 1017.6           SCILLY
1878 06 20 14 00  49.93   -6.30 1017.3           SCILLY
1878 06 20 18 00  49.93   -6.30 1016.9           SCILLY
1878 06 21 08 00  49.93   -6.30 1018.3           SCILLY
1878 06 21 14 00  49.93   -6.30 1020.0           SCILLY
1878 06 21 18 00  49.93   -6.30 1020.7           SCILLY
1878 06 22 08 00  49.93   -6.30 1022.4           SCILLY
1878 06 22 14 00  49.93   -6.30 1022.0           SCILLY
1878 06 22 18 00  49.93   -6.30 1021.3           SCILLY
1878 06 23 08 00  49.93   -6.30 1019.6           SCILLY
1878 06 23 14 00  49.93   -6.30 1019.6           SCILLY
1878 06 23 18 00  49.93   -6.30 1019.3           SCILLY
1878 06 24 08 00  49.93   -6.30 1019.6           SCILLY
1878 06 24 14 00  49.93   -6.30 1020.3           SCILLY
1878 06 24 18 00  49.93   -6.30 1020.7           SCILLY
1878 06 25 08 00  49.93   -6.30 1021.3           SCILLY
1878 06 25 14 00  49.93   -6.30 1022.0           SCILLY
1878 06 25 18 00  49.93   -6.30 1021.3           SCILLY
1878 06 26 08 00  49.93   -6.30 1020.7           SCILLY
1878 06 26 14 00  49.93   -6.30 1020.3           SCILLY
1878 06 26 18 00  49.93   -6.30 1019.3           SCILLY
1878 06 27 08 00  49.93   -6.30 1015.6           SCILLY
1878 06 27 14 00  49.93   -6.30 1013.5           SCILLY
1878 06 27 18 00  49.93   -6.30 1011.5           SCILLY
1878 06 28 08 00  49.93   -6.30 1012.9           SCILLY
1878 06 28 14 00  49.93   -6.30 1014.2           SCILLY
1878 06 28 18 00  49.93   -6.30 1013.9           SCILLY
1878 06 29 08 00  49.93   -6.30 1012.2           SCILLY
1878 06 29 14 00  49.93   -6.30 1011.5           SCILLY
1878 06 29 18 00  49.93   -6.30 1010.5           SCILLY
1878 06 30 08 00  49.93   -6.30 1012.2           SCILLY
1878 06 30 14 00  49.93   -6.30 1013.9           SCILLY
1878 06 30 18 00  49.93   -6.30 1013.9           SCILLY
