1876 02 01 08 00  49.93   -6.30 1017.3           SCILLY
1876 02 01 14 00  49.93   -6.30 1015.9           SCILLY
1876 02 01 18 00  49.93   -6.30 1016.3           SCILLY
1876 02 02 08 00  49.93   -6.30 1023.4           SCILLY
1876 02 02 14 00  49.93   -6.30 1026.4           SCILLY
1876 02 02 18 00  49.93   -6.30 1027.4           SCILLY
1876 02 03 08 00  49.93   -6.30 1028.1           SCILLY
1876 02 03 14 00  49.93   -6.30 1027.1           SCILLY
1876 02 03 18 00  49.93   -6.30 1026.4           SCILLY
1876 02 04 08 00  49.93   -6.30 1023.4           SCILLY
1876 02 04 14 00  49.93   -6.30 1022.7           SCILLY
1876 02 04 18 00  49.93   -6.30 1022.0           SCILLY
1876 02 05 08 00  49.93   -6.30 1019.6           SCILLY
1876 02 05 14 00  49.93   -6.30 1019.6           SCILLY
1876 02 05 18 00  49.93   -6.30 1018.3           SCILLY
1876 02 06 08 00  49.93   -6.30 1016.9           SCILLY
1876 02 06 14 00  49.93   -6.30 1017.3           SCILLY
1876 02 06 18 00  49.93   -6.30 1017.3           SCILLY
1876 02 07 08 00  49.93   -6.30 1016.9           SCILLY
1876 02 07 14 00  49.93   -6.30 1015.9           SCILLY
1876 02 07 18 00  49.93   -6.30 1015.9           SCILLY
1876 02 08 08 00  49.93   -6.30 1015.9           SCILLY
1876 02 08 14 00  49.93   -6.30 1015.9           SCILLY
1876 02 08 18 00  49.93   -6.30 1015.6           SCILLY
1876 02 09 08 00  49.93   -6.30 1011.5           SCILLY
1876 02 09 14 00  49.93   -6.30 1011.5           SCILLY
1876 02 09 18 00  49.93   -6.30 1011.5           SCILLY
1876 02 10 08 00  49.93   -6.30 1012.2           SCILLY
1876 02 10 14 00  49.93   -6.30 1011.5           SCILLY
1876 02 10 18 00  49.93   -6.30 1009.8           SCILLY
1876 02 11 08 00  49.93   -6.30 1008.8           SCILLY
1876 02 11 14 00  49.93   -6.30 1008.1           SCILLY
1876 02 11 18 00  49.93   -6.30 1007.8           SCILLY
1876 02 12 08 00  49.93   -6.30 1008.8           SCILLY
1876 02 12 14 00  49.93   -6.30 1008.8           SCILLY
1876 02 12 18 00  49.93   -6.30 1008.1           SCILLY
1876 02 13 08 00  49.93   -6.30 1000.3           SCILLY
1876 02 13 14 00  49.93   -6.30  997.3           SCILLY
1876 02 13 18 00  49.93   -6.30  998.0           SCILLY
1876 02 14 08 00  49.93   -6.30 1003.4           SCILLY
1876 02 14 14 00  49.93   -6.30 1002.7           SCILLY
1876 02 14 18 00  49.93   -6.30 1002.0           SCILLY
1876 02 15 08 00  49.93   -6.30  996.6           SCILLY
1876 02 15 14 00  49.93   -6.30  999.0           SCILLY
1876 02 15 18 00  49.93   -6.30 1002.7           SCILLY
1876 02 16 08 00  49.93   -6.30 1008.1           SCILLY
1876 02 16 14 00  49.93   -6.30 1009.5           SCILLY
1876 02 16 18 00  49.93   -6.30 1008.8           SCILLY
1876 02 17 08 00  49.93   -6.30 1006.4           SCILLY
1876 02 17 14 00  49.93   -6.30 1007.8           SCILLY
1876 02 17 18 00  49.93   -6.30 1007.1           SCILLY
1876 02 18 08 00  49.93   -6.30  996.6           SCILLY
1876 02 18 14 00  49.93   -6.30  991.9           SCILLY
1876 02 18 18 00  49.93   -6.30  989.2           SCILLY
1876 02 19 08 00  49.93   -6.30  999.0           SCILLY
1876 02 19 14 00  49.93   -6.30  999.0           SCILLY
1876 02 19 18 00  49.93   -6.30  996.3           SCILLY
1876 02 20 08 00  49.93   -6.30 1001.7           SCILLY
1876 02 20 14 00  49.93   -6.30 1006.8           SCILLY
1876 02 20 18 00  49.93   -6.30 1007.8           SCILLY
1876 02 21 08 00  49.93   -6.30 1008.1           SCILLY
1876 02 21 14 00  49.93   -6.30 1003.4           SCILLY
1876 02 21 18 00  49.93   -6.30 1004.1           SCILLY
1876 02 22 08 00  49.93   -6.30 1011.9           SCILLY
1876 02 22 14 00  49.93   -6.30 1011.5           SCILLY
1876 02 22 18 00  49.93   -6.30 1011.2           SCILLY
1876 02 23 08 00  49.93   -6.30 1014.6           SCILLY
1876 02 23 14 00  49.93   -6.30 1017.6           SCILLY
1876 02 23 18 00  49.93   -6.30 1020.7           SCILLY
1876 02 24 08 00  49.93   -6.30 1021.7           SCILLY
1876 02 24 14 00  49.93   -6.30 1021.0           SCILLY
1876 02 24 18 00  49.93   -6.30 1019.3           SCILLY
1876 02 25 08 00  49.93   -6.30 1007.5           SCILLY
1876 02 25 14 00  49.93   -6.30 1003.4           SCILLY
1876 02 25 18 00  49.93   -6.30 1003.0           SCILLY
1876 02 26 08 00  49.93   -6.30 1002.0           SCILLY
1876 02 26 14 00  49.93   -6.30 1002.0           SCILLY
1876 02 26 18 00  49.93   -6.30 1002.7           SCILLY
1876 02 27 08 00  49.93   -6.30 1001.0           SCILLY
1876 02 27 14 00  49.93   -6.30 1003.7           SCILLY
1876 02 27 18 00  49.93   -6.30 1006.1           SCILLY
1876 02 28 08 00  49.93   -6.30 1011.5           SCILLY
1876 02 28 14 00  49.93   -6.30 1013.5           SCILLY
1876 02 28 18 00  49.93   -6.30 1013.2           SCILLY
1876 02 29 08 00  49.93   -6.30 1009.5           SCILLY
1876 02 29 14 00  49.93   -6.30 1011.5           SCILLY
1876 02 29 18 00  49.93   -6.30 1010.5           SCILLY
