1879 02 01 08 00  49.93   -6.30 1005.1           SCILLY
1879 02 01 14 00  49.93   -6.30 1002.4           SCILLY
1879 02 01 18 00  49.93   -6.30 1001.4           SCILLY
1879 02 02 08 00  49.93   -6.30 1001.4           SCILLY
1879 02 02 14 00  49.93   -6.30 1000.7           SCILLY
1879 02 02 18 00  49.93   -6.30 1000.3           SCILLY
1879 02 03 08 00  49.93   -6.30  998.6           SCILLY
1879 02 03 14 00  49.93   -6.30 1001.0           SCILLY
1879 02 03 18 00  49.93   -6.30 1002.7           SCILLY
1879 02 04 08 00  49.93   -6.30 1013.9           SCILLY
1879 02 04 14 00  49.93   -6.30 1015.6           SCILLY
1879 02 04 18 00  49.93   -6.30 1016.9           SCILLY
1879 02 05 08 00  49.93   -6.30 1007.8           SCILLY
1879 02 05 14 00  49.93   -6.30 1006.1           SCILLY
1879 02 05 18 00  49.93   -6.30 1006.1           SCILLY
1879 02 06 08 00  49.93   -6.30 1002.0           SCILLY
1879 02 06 14 00  49.93   -6.30 1004.4           SCILLY
1879 02 06 18 00  49.93   -6.30 1006.8           SCILLY
1879 02 07 08 00  49.93   -6.30  994.2           SCILLY
1879 02 07 14 00  49.93   -6.30  993.9           SCILLY
1879 02 07 18 00  49.93   -6.30  993.6           SCILLY
1879 02 08 08 00  49.93   -6.30 1001.0           SCILLY
1879 02 08 14 00  49.93   -6.30 1001.7           SCILLY
1879 02 08 18 00  49.93   -6.30 1000.0           SCILLY
1879 02 09 08 00  49.93   -6.30  992.2           SCILLY
1879 02 09 14 00  49.93   -6.30  988.5           SCILLY
1879 02 09 18 00  49.93   -6.30  985.1           SCILLY
1879 02 10 08 00  49.93   -6.30  976.6           SCILLY
1879 02 10 14 00  49.93   -6.30  977.0           SCILLY
1879 02 10 18 00  49.93   -6.30  978.7           SCILLY
1879 02 11 08 00  49.93   -6.30  975.6           SCILLY
1879 02 11 14 00  49.93   -6.30  976.3           SCILLY
1879 02 11 18 00  49.93   -6.30  980.4           SCILLY
1879 02 12 08 00  49.93   -6.30 1004.4           SCILLY
1879 02 12 14 00  49.93   -6.30 1010.5           SCILLY
1879 02 12 18 00  49.93   -6.30 1012.2           SCILLY
1879 02 13 08 00  49.93   -6.30 1000.0           SCILLY
1879 02 13 14 00  49.93   -6.30  995.3           SCILLY
1879 02 13 18 00  49.93   -6.30  991.5           SCILLY
1879 02 14 08 00  49.93   -6.30  991.5           SCILLY
1879 02 14 14 00  49.93   -6.30  997.0           SCILLY
1879 02 14 18 00  49.93   -6.30  999.0           SCILLY
1879 02 15 08 00  49.93   -6.30 1002.4           SCILLY
1879 02 15 14 00  49.93   -6.30  999.3           SCILLY
1879 02 15 18 00  49.93   -6.30  994.2           SCILLY
1879 02 16 08 00  49.93   -6.30  994.6           SCILLY
1879 02 16 14 00  49.93   -6.30  993.2           SCILLY
1879 02 16 18 00  49.93   -6.30  990.9           SCILLY
1879 02 17 08 00  49.93   -6.30  986.8           SCILLY
1879 02 17 14 00  49.93   -6.30  987.8           SCILLY
1879 02 17 18 00  49.93   -6.30  987.8           SCILLY
1879 02 18 08 00  49.93   -6.30  992.6           SCILLY
1879 02 18 14 00  49.93   -6.30  996.3           SCILLY
1879 02 18 18 00  49.93   -6.30  998.6           SCILLY
1879 02 19 08 00  49.93   -6.30 1002.4           SCILLY
1879 02 19 14 00  49.93   -6.30  997.3           SCILLY
1879 02 19 18 00  49.93   -6.30  993.2           SCILLY
1879 02 20 08 00  49.93   -6.30  988.8           SCILLY
1879 02 20 14 00  49.93   -6.30  990.5           SCILLY
1879 02 20 18 00  49.93   -6.30  991.5           SCILLY
1879 02 21 08 00  49.93   -6.30  992.9           SCILLY
1879 02 21 14 00  49.93   -6.30  993.2           SCILLY
1879 02 21 18 00  49.93   -6.30  992.6           SCILLY
1879 02 22 08 00  49.93   -6.30  991.2           SCILLY
1879 02 22 14 00  49.93   -6.30  993.2           SCILLY
1879 02 22 18 00  49.93   -6.30  995.3           SCILLY
1879 02 23 08 00  49.93   -6.30 1005.1           SCILLY
1879 02 23 14 00  49.93   -6.30 1006.1           SCILLY
1879 02 23 18 00  49.93   -6.30 1005.8           SCILLY
1879 02 24 08 00  49.93   -6.30 1010.2           SCILLY
1879 02 24 14 00  49.93   -6.30 1010.5           SCILLY
1879 02 24 18 00  49.93   -6.30 1009.1           SCILLY
1879 02 25 08 00  49.93   -6.30 1019.0           SCILLY
1879 02 25 14 00  49.93   -6.30 1020.3           SCILLY
1879 02 25 18 00  49.93   -6.30 1020.3           SCILLY
1879 02 26 08 00  49.93   -6.30 1022.0           SCILLY
1879 02 26 14 00  49.93   -6.30 1024.4           SCILLY
1879 02 26 18 00  49.93   -6.30 1024.4           SCILLY
1879 02 27 08 00  49.93   -6.30 1018.6           SCILLY
1879 02 27 14 00  49.93   -6.30 1016.6           SCILLY
1879 02 27 18 00  49.93   -6.30 1013.9           SCILLY
1879 02 28 08 00  49.93   -6.30 1006.8           SCILLY
1879 02 28 14 00  49.93   -6.30 1009.1           SCILLY
1879 02 28 18 00  49.93   -6.30 1011.5           SCILLY
