1889 10 01 08 00  49.93   -6.30 1016.3           SCILLY
1889 10 01 14 00  49.93   -6.30 1017.3           SCILLY
1889 10 01 18 00  49.93   -6.30 1017.3           SCILLY
1889 10 02 08 00  49.93   -6.30 1015.9           SCILLY
1889 10 02 14 00  49.93   -6.30 1013.5           SCILLY
1889 10 02 18 00  49.93   -6.30 1014.6           SCILLY
1889 10 03 08 00  49.93   -6.30 1013.5           SCILLY
1889 10 03 14 00  49.93   -6.30 1010.8           SCILLY
1889 10 03 18 00  49.93   -6.30 1007.5           SCILLY
1889 10 04 08 00  49.93   -6.30 1003.0           SCILLY
1889 10 04 14 00  49.93   -6.30 1004.1           SCILLY
1889 10 04 18 00  49.93   -6.30 1005.1           SCILLY
1889 10 05 08 00  49.93   -6.30 1006.1           SCILLY
1889 10 05 14 00  49.93   -6.30 1007.5           SCILLY
1889 10 05 18 00  49.93   -6.30 1009.1           SCILLY
1889 10 06 08 00  49.93   -6.30 1011.2           SCILLY
1889 10 06 14 00  49.93   -6.30 1011.9           SCILLY
1889 10 06 18 00  49.93   -6.30 1010.5           SCILLY
1889 10 07 08 00  49.93   -6.30 1002.7           SCILLY
1889 10 07 14 00  49.93   -6.30 1005.1           SCILLY
1889 10 07 18 00  49.93   -6.30 1005.1           SCILLY
1889 10 08 08 00  49.93   -6.30 1002.0           SCILLY
1889 10 08 14 00  49.93   -6.30  995.3           SCILLY
1889 10 08 18 00  49.93   -6.30  992.2           SCILLY
1889 10 09 08 00  49.93   -6.30  989.2           SCILLY
1889 10 09 14 00  49.93   -6.30  989.5           SCILLY
1889 10 09 18 00  49.93   -6.30  990.5           SCILLY
1889 10 10 08 00  49.93   -6.30  991.9           SCILLY
1889 10 10 14 00  49.93   -6.30  992.9           SCILLY
1889 10 10 18 00  49.93   -6.30  994.2           SCILLY
1889 10 11 08 00  49.93   -6.30  998.3           SCILLY
1889 10 11 14 00  49.93   -6.30 1000.7           SCILLY
1889 10 11 18 00  49.93   -6.30 1002.7           SCILLY
1889 10 12 08 00  49.93   -6.30 1005.4           SCILLY
1889 10 12 14 00  49.93   -6.30 1005.8           SCILLY
1889 10 12 18 00  49.93   -6.30 1005.8           SCILLY
1889 10 13 08 00  49.93   -6.30 1010.2           SCILLY
1889 10 13 14 00  49.93   -6.30 1011.9           SCILLY
1889 10 13 18 00  49.93   -6.30 1013.5           SCILLY
1889 10 14 08 00  49.93   -6.30 1013.2           SCILLY
1889 10 14 14 00  49.93   -6.30 1011.2           SCILLY
1889 10 14 18 00  49.93   -6.30 1009.5           SCILLY
1889 10 15 08 00  49.93   -6.30 1008.8           SCILLY
1889 10 15 14 00  49.93   -6.30 1008.1           SCILLY
1889 10 15 18 00  49.93   -6.30 1008.1           SCILLY
1889 10 16 08 00  49.93   -6.30 1006.8           SCILLY
1889 10 16 14 00  49.93   -6.30 1009.1           SCILLY
1889 10 16 18 00  49.93   -6.30 1010.5           SCILLY
1889 10 17 08 00  49.93   -6.30 1012.2           SCILLY
1889 10 17 14 00  49.93   -6.30 1010.8           SCILLY
1889 10 17 18 00  49.93   -6.30 1009.1           SCILLY
1889 10 18 08 00  49.93   -6.30  994.9           SCILLY
1889 10 18 14 00  49.93   -6.30  986.5           SCILLY
1889 10 18 18 00  49.93   -6.30  985.1           SCILLY
1889 10 19 08 00  49.93   -6.30  991.5           SCILLY
1889 10 19 14 00  49.93   -6.30  989.8           SCILLY
1889 10 19 18 00  49.93   -6.30  986.5           SCILLY
1889 10 20 08 00  49.93   -6.30  984.1           SCILLY
1889 10 20 14 00  49.93   -6.30  984.8           SCILLY
1889 10 20 18 00  49.93   -6.30  985.8           SCILLY
1889 10 21 08 00  49.93   -6.30  988.8           SCILLY
1889 10 21 14 00  49.93   -6.30  990.9           SCILLY
1889 10 21 18 00  49.93   -6.30  991.5           SCILLY
1889 10 22 08 00  49.93   -6.30  994.2           SCILLY
1889 10 22 14 00  49.93   -6.30  997.3           SCILLY
1889 10 22 18 00  49.93   -6.30  998.3           SCILLY
1889 10 23 08 00  49.93   -6.30 1004.7           SCILLY
1889 10 23 14 00  49.93   -6.30 1007.8           SCILLY
1889 10 23 18 00  49.93   -6.30 1008.1           SCILLY
1889 10 24 08 00  49.93   -6.30 1014.9           SCILLY
1889 10 24 14 00  49.93   -6.30 1016.6           SCILLY
1889 10 24 18 00  49.93   -6.30 1017.6           SCILLY
1889 10 25 08 00  49.93   -6.30 1019.3           SCILLY
1889 10 25 14 00  49.93   -6.30 1019.6           SCILLY
1889 10 25 18 00  49.93   -6.30 1019.0           SCILLY
1889 10 26 08 00  49.93   -6.30 1016.6           SCILLY
1889 10 26 14 00  49.93   -6.30 1014.9           SCILLY
1889 10 26 18 00  49.93   -6.30 1013.2           SCILLY
1889 10 27 08 00  49.93   -6.30 1006.1           SCILLY
1889 10 27 14 00  49.93   -6.30 1004.7           SCILLY
1889 10 27 18 00  49.93   -6.30 1004.4           SCILLY
1889 10 28 08 00  49.93   -6.30 1005.8           SCILLY
1889 10 28 14 00  49.93   -6.30 1006.8           SCILLY
1889 10 28 18 00  49.93   -6.30 1007.8           SCILLY
1889 10 29 08 00  49.93   -6.30 1011.9           SCILLY
1889 10 29 14 00  49.93   -6.30 1012.9           SCILLY
1889 10 29 18 00  49.93   -6.30 1013.2           SCILLY
1889 10 30 08 00  49.93   -6.30 1010.2           SCILLY
1889 10 30 14 00  49.93   -6.30 1005.4           SCILLY
1889 10 30 18 00  49.93   -6.30 1003.7           SCILLY
1889 10 31 08 00  49.93   -6.30 1016.6           SCILLY
1889 10 31 14 00  49.93   -6.30 1016.9           SCILLY
1889 10 31 18 00  49.93   -6.30 1014.2           SCILLY
