1885 08 01 08 00  49.93   -6.30 1019.3           SCILLY
1885 08 01 14 00  49.93   -6.30 1018.6           SCILLY
1885 08 01 18 00  49.93   -6.30 1017.6           SCILLY
1885 08 02 08 00  49.93   -6.30 1017.9           SCILLY
1885 08 02 14 00  49.93   -6.30 1018.6           SCILLY
1885 08 02 18 00  49.93   -6.30 1018.3           SCILLY
1885 08 03 08 00  49.93   -6.30 1019.0           SCILLY
1885 08 03 14 00  49.93   -6.30 1018.6           SCILLY
1885 08 03 18 00  49.93   -6.30 1018.3           SCILLY
1885 08 04 08 00  49.93   -6.30 1015.9           SCILLY
1885 08 04 14 00  49.93   -6.30 1015.2           SCILLY
1885 08 04 18 00  49.93   -6.30 1014.6           SCILLY
1885 08 05 08 00  49.93   -6.30 1011.5           SCILLY
1885 08 05 14 00  49.93   -6.30 1012.2           SCILLY
1885 08 05 18 00  49.93   -6.30 1012.2           SCILLY
1885 08 06 08 00  49.93   -6.30 1009.8           SCILLY
1885 08 06 14 00  49.93   -6.30 1009.5           SCILLY
1885 08 06 18 00  49.93   -6.30 1009.1           SCILLY
1885 08 07 08 00  49.93   -6.30 1010.5           SCILLY
1885 08 07 14 00  49.93   -6.30 1012.9           SCILLY
1885 08 07 18 00  49.93   -6.30 1013.9           SCILLY
1885 08 08 08 00  49.93   -6.30 1015.9           SCILLY
1885 08 08 14 00  49.93   -6.30 1016.9           SCILLY
1885 08 08 18 00  49.93   -6.30 1015.6           SCILLY
1885 08 09 08 00  49.93   -6.30 1009.1           SCILLY
1885 08 09 14 00  49.93   -6.30 1004.1           SCILLY
1885 08 09 18 00  49.93   -6.30 1002.4           SCILLY
1885 08 10 08 00  49.93   -6.30 1002.0           SCILLY
1885 08 10 14 00  49.93   -6.30 1004.1           SCILLY
1885 08 10 18 00  49.93   -6.30 1004.4           SCILLY
1885 08 11 08 00  49.93   -6.30 1009.5           SCILLY
1885 08 11 14 00  49.93   -6.30 1011.9           SCILLY
1885 08 11 18 00  49.93   -6.30 1011.9           SCILLY
1885 08 12 08 00  49.93   -6.30 1007.8           SCILLY
1885 08 12 14 00  49.93   -6.30 1008.5           SCILLY
1885 08 12 18 00  49.93   -6.30 1008.8           SCILLY
1885 08 13 08 00  49.93   -6.30 1020.7           SCILLY
1885 08 13 14 00  49.93   -6.30 1024.4           SCILLY
1885 08 13 18 00  49.93   -6.30 1025.1           SCILLY
1885 08 14 08 00  49.93   -6.30 1016.9           SCILLY
1885 08 14 14 00  49.93   -6.30 1026.1           SCILLY
1885 08 14 18 00  49.93   -6.30 1025.1           SCILLY
1885 08 15 08 00  49.93   -6.30 1024.0           SCILLY
1885 08 15 14 00  49.93   -6.30 1024.0           SCILLY
1885 08 15 18 00  49.93   -6.30 1023.7           SCILLY
1885 08 16 08 00  49.93   -6.30 1023.7           SCILLY
1885 08 16 14 00  49.93   -6.30 1024.4           SCILLY
1885 08 16 18 00  49.93   -6.30 1024.0           SCILLY
1885 08 17 08 00  49.93   -6.30 1022.7           SCILLY
1885 08 17 14 00  49.93   -6.30 1023.0           SCILLY
1885 08 17 18 00  49.93   -6.30 1021.7           SCILLY
1885 08 18 08 00  49.93   -6.30 1021.3           SCILLY
1885 08 18 14 00  49.93   -6.30 1021.3           SCILLY
1885 08 18 18 00  49.93   -6.30 1020.7           SCILLY
1885 08 19 08 00  49.93   -6.30 1018.6           SCILLY
1885 08 19 14 00  49.93   -6.30 1018.6           SCILLY
1885 08 19 18 00  49.93   -6.30 1017.9           SCILLY
1885 08 20 08 00  49.93   -6.30 1015.9           SCILLY
1885 08 20 14 00  49.93   -6.30 1015.6           SCILLY
1885 08 20 18 00  49.93   -6.30 1014.6           SCILLY
1885 08 21 08 00  49.93   -6.30 1014.9           SCILLY
1885 08 21 14 00  49.93   -6.30 1014.6           SCILLY
1885 08 21 18 00  49.93   -6.30 1013.9           SCILLY
1885 08 22 08 00  49.93   -6.30 1012.9           SCILLY
1885 08 22 14 00  49.93   -6.30 1012.9           SCILLY
1885 08 22 18 00  49.93   -6.30 1012.5           SCILLY
1885 08 23 08 00  49.93   -6.30 1012.2           SCILLY
1885 08 23 14 00  49.93   -6.30 1013.2           SCILLY
1885 08 23 18 00  49.93   -6.30 1013.2           SCILLY
1885 08 24 08 00  49.93   -6.30 1014.6           SCILLY
1885 08 24 14 00  49.93   -6.30 1014.9           SCILLY
1885 08 24 18 00  49.93   -6.30 1014.2           SCILLY
1885 08 25 08 00  49.93   -6.30 1012.2           SCILLY
1885 08 25 14 00  49.93   -6.30 1011.5           SCILLY
1885 08 25 18 00  49.93   -6.30 1010.8           SCILLY
1885 08 26 08 00  49.93   -6.30 1011.9           SCILLY
1885 08 26 14 00  49.93   -6.30 1011.2           SCILLY
1885 08 26 18 00  49.93   -6.30 1007.1           SCILLY
1885 08 27 08 00  49.93   -6.30 1008.1           SCILLY
1885 08 27 14 00  49.93   -6.30 1008.1           SCILLY
1885 08 27 18 00  49.93   -6.30 1014.6           SCILLY
1885 08 28 08 00  49.93   -6.30 1005.4           SCILLY
1885 08 28 14 00  49.93   -6.30 1006.4           SCILLY
1885 08 28 18 00  49.93   -6.30 1007.1           SCILLY
1885 08 29 08 00  49.93   -6.30 1011.9           SCILLY
1885 08 29 14 00  49.93   -6.30 1011.2           SCILLY
1885 08 29 18 00  49.93   -6.30 1012.5           SCILLY
1885 08 30 08 00  49.93   -6.30 1017.3           SCILLY
1885 08 30 14 00  49.93   -6.30 1017.9           SCILLY
1885 08 30 18 00  49.93   -6.30 1015.9           SCILLY
1885 08 31 08 00  49.93   -6.30 1012.5           SCILLY
1885 08 31 14 00  49.93   -6.30 1012.9           SCILLY
1885 08 31 18 00  49.93   -6.30 1012.9           SCILLY
