1886 11 01 08 00  49.92   -6.30 1015.9           SCILLY
1886 11 01 08 00  56.82   -5.11 1003.4      FORTWILLIAM
1886 11 01 09 00  56.82   -5.11 1003.3      FORTWILLIAM
1886 11 01 14 00  49.92   -6.30 1017.3           SCILLY
1886 11 01 14 00  56.82   -5.11 1005.8      FORTWILLIAM
1886 11 01 18 00  49.92   -6.30 1017.3           SCILLY
1886 11 01 18 00  56.82   -5.11 1005.6      FORTWILLIAM
1886 11 01 21 00  56.82   -5.11 1003.6      FORTWILLIAM
1886 11 02 08 00  49.92   -6.30 1020.3           SCILLY
1886 11 02 08 00  56.82   -5.11 1010.8      FORTWILLIAM
1886 11 02 09 00  56.82   -5.11 1011.9      FORTWILLIAM
1886 11 02 14 00  49.92   -6.30 1023.7           SCILLY
1886 11 02 14 00  56.82   -5.11 1014.6      FORTWILLIAM
1886 11 02 18 00  49.92   -6.30 1024.7           SCILLY
1886 11 02 18 00  56.82   -5.11 1014.6      FORTWILLIAM
1886 11 02 21 00  56.82   -5.11 1012.6      FORTWILLIAM
1886 11 03 08 00  49.92   -6.30 1016.6           SCILLY
1886 11 03 08 00  56.82   -5.11  995.8      FORTWILLIAM
1886 11 03 09 00  56.82   -5.11  993.8      FORTWILLIAM
1886 11 03 14 00  49.92   -6.30 1009.8           SCILLY
1886 11 03 14 00  56.82   -5.11  991.9      FORTWILLIAM
1886 11 03 18 00  49.92   -6.30 1009.5           SCILLY
1886 11 03 18 00  56.82   -5.11  993.5      FORTWILLIAM
1886 11 03 21 00  56.82   -5.11  996.0      FORTWILLIAM
1886 11 04 08 00  49.92   -6.30 1013.9           SCILLY
1886 11 04 08 00  56.82   -5.11  997.6      FORTWILLIAM
1886 11 04 09 00  56.82   -5.11  997.6      FORTWILLIAM
1886 11 04 14 00  49.92   -6.30 1012.9           SCILLY
1886 11 04 14 00  56.82   -5.11  996.1      FORTWILLIAM
1886 11 04 18 00  49.92   -6.30 1011.5           SCILLY
1886 11 04 18 00  56.82   -5.11  996.1      FORTWILLIAM
1886 11 04 21 00  56.82   -5.11  998.5      FORTWILLIAM
1886 11 05 08 00  49.92   -6.30  997.6           SCILLY
1886 11 05 08 00  56.82   -5.11  995.8      FORTWILLIAM
1886 11 05 09 00  56.82   -5.11  996.0      FORTWILLIAM
1886 11 05 14 00  49.92   -6.30  993.9           SCILLY
1886 11 05 14 00  56.82   -5.11  993.8      FORTWILLIAM
1886 11 05 18 00  49.92   -6.30  992.6           SCILLY
1886 11 05 18 00  56.82   -5.11  993.4      FORTWILLIAM
1886 11 05 21 00  56.82   -5.11  993.2      FORTWILLIAM
1886 11 06 08 00  49.92   -6.30  991.5           SCILLY
1886 11 06 08 00  56.82   -5.11  993.2      FORTWILLIAM
1886 11 06 09 00  56.82   -5.11  993.9      FORTWILLIAM
1886 11 06 14 00  49.92   -6.30  992.6           SCILLY
1886 11 06 14 00  56.82   -5.11  992.4      FORTWILLIAM
1886 11 06 18 00  49.92   -6.30  994.2           SCILLY
1886 11 06 18 00  56.82   -5.11  995.8      FORTWILLIAM
1886 11 06 21 00  56.82   -5.11  997.9      FORTWILLIAM
1886 11 07 08 00  49.92   -6.30 1002.7           SCILLY
1886 11 07 08 00  56.82   -5.11 1001.9      FORTWILLIAM
1886 11 07 09 00  56.82   -5.11 1002.6      FORTWILLIAM
1886 11 07 14 00  49.92   -6.30 1005.1           SCILLY
1886 11 07 14 00  56.82   -5.11 1002.7      FORTWILLIAM
1886 11 07 18 00  49.92   -6.30 1006.4           SCILLY
1886 11 07 18 00  56.82   -5.11 1002.0      FORTWILLIAM
1886 11 07 21 00  56.82   -5.11 1001.2      FORTWILLIAM
1886 11 08 08 00  49.92   -6.30 1007.8           SCILLY
1886 11 08 08 00  56.82   -5.11  990.7      FORTWILLIAM
1886 11 08 09 00  56.82   -5.11  993.6      FORTWILLIAM
1886 11 08 14 00  49.92   -6.30 1002.0           SCILLY
1886 11 08 14 00  56.82   -5.11  991.6      FORTWILLIAM
1886 11 08 18 00  49.92   -6.30  997.3           SCILLY
1886 11 08 18 00  56.82   -5.11  991.9      FORTWILLIAM
1886 11 08 21 00  56.82   -5.11  993.0      FORTWILLIAM
1886 11 09 08 00  49.92   -6.30  989.2           SCILLY
1886 11 09 08 00  56.82   -5.11  992.2      FORTWILLIAM
1886 11 09 09 00  56.82   -5.11  996.2      FORTWILLIAM
1886 11 09 14 00  49.92   -6.30  988.5           SCILLY
1886 11 09 14 00  56.82   -5.11  999.4      FORTWILLIAM
1886 11 09 18 00  49.92   -6.30  988.5           SCILLY
1886 11 09 18 00  56.82   -5.11 1003.0      FORTWILLIAM
1886 11 09 21 00  56.82   -5.11 1005.7      FORTWILLIAM
1886 11 10 08 00  49.92   -6.30  995.6           SCILLY
1886 11 10 08 00  56.82   -5.11 1006.7      FORTWILLIAM
1886 11 10 09 00  56.82   -5.11 1006.9      FORTWILLIAM
1886 11 10 14 00  49.92   -6.30  993.2           SCILLY
1886 11 10 14 00  56.82   -5.11 1006.5      FORTWILLIAM
1886 11 10 18 00  49.92   -6.30  994.9           SCILLY
1886 11 10 18 00  56.82   -5.11 1008.6      FORTWILLIAM
1886 11 10 21 00  56.82   -5.11 1009.4      FORTWILLIAM
1886 11 11 08 00  49.92   -6.30 1001.7           SCILLY
1886 11 11 08 00  56.82   -5.11 1010.6      FORTWILLIAM
1886 11 11 09 00  56.82   -5.11 1011.3      FORTWILLIAM
1886 11 11 14 00  49.92   -6.30 1004.1           SCILLY
1886 11 11 14 00  56.82   -5.11 1007.9      FORTWILLIAM
1886 11 11 18 00  49.92   -6.30 1005.4           SCILLY
1886 11 11 18 00  56.82   -5.11 1003.8      FORTWILLIAM
1886 11 11 21 00  56.82   -5.11 1000.2      FORTWILLIAM
1886 11 12 08 00  49.92   -6.30  999.3           SCILLY
1886 11 12 08 00  56.82   -5.11  998.0      FORTWILLIAM
1886 11 12 09 00  56.82   -5.11  998.1      FORTWILLIAM
1886 11 12 14 00  49.92   -6.30  999.3           SCILLY
1886 11 12 14 00  56.82   -5.11  997.8      FORTWILLIAM
1886 11 12 18 00  49.92   -6.30 1000.7           SCILLY
1886 11 12 18 00  56.82   -5.11  998.2      FORTWILLIAM
1886 11 12 21 00  56.82   -5.11  998.4      FORTWILLIAM
1886 11 13 08 00  49.92   -6.30 1002.0           SCILLY
1886 11 13 08 00  56.82   -5.11  993.4      FORTWILLIAM
1886 11 13 09 00  56.82   -5.11  993.0      FORTWILLIAM
1886 11 13 14 00  49.92   -6.30 1003.7           SCILLY
1886 11 13 14 00  56.82   -5.11  993.5      FORTWILLIAM
1886 11 13 18 00  49.92   -6.30 1004.4           SCILLY
1886 11 13 18 00  56.82   -5.11  993.5      FORTWILLIAM
1886 11 13 21 00  56.82   -5.11  994.1      FORTWILLIAM
1886 11 14 08 00  49.92   -6.30 1005.8           SCILLY
1886 11 14 08 00  56.82   -5.11  997.4      FORTWILLIAM
1886 11 14 09 00  56.82   -5.11  998.0      FORTWILLIAM
1886 11 14 14 00  49.92   -6.30 1006.4           SCILLY
1886 11 14 14 00  56.82   -5.11  996.0      FORTWILLIAM
1886 11 14 18 00  49.92   -6.30 1005.1           SCILLY
1886 11 14 18 00  56.82   -5.11  994.0      FORTWILLIAM
1886 11 14 21 00  56.82   -5.11  992.9      FORTWILLIAM
1886 11 15 08 00  49.92   -6.30  996.3           SCILLY
1886 11 15 08 00  56.82   -5.11  989.0      FORTWILLIAM
1886 11 15 09 00  56.82   -5.11  988.1      FORTWILLIAM
1886 11 15 14 00  49.92   -6.30  996.3           SCILLY
1886 11 15 14 00  56.82   -5.11  984.1      FORTWILLIAM
1886 11 15 18 00  49.92   -6.30  997.3           SCILLY
1886 11 15 18 00  56.82   -5.11  983.1      FORTWILLIAM
1886 11 15 21 00  56.82   -5.11  985.0      FORTWILLIAM
1886 11 16 08 00  49.92   -6.30 1003.7           SCILLY
1886 11 16 08 00  56.82   -5.11  994.8      FORTWILLIAM
1886 11 16 09 00  56.82   -5.11  995.5      FORTWILLIAM
1886 11 16 14 00  49.92   -6.30 1006.1           SCILLY
1886 11 16 14 00  56.82   -5.11  994.9      FORTWILLIAM
1886 11 16 18 00  49.92   -6.30 1005.4           SCILLY
1886 11 16 18 00  56.82   -5.11  994.0      FORTWILLIAM
1886 11 16 21 00  56.82   -5.11  993.0      FORTWILLIAM
1886 11 17 08 00  49.92   -6.30 1001.7           SCILLY
1886 11 17 08 00  56.82   -5.11  993.0      FORTWILLIAM
1886 11 17 09 00  56.82   -5.11  993.6      FORTWILLIAM
1886 11 17 14 00  49.92   -6.30 1007.5           SCILLY
1886 11 17 14 00  56.82   -5.11  995.6      FORTWILLIAM
1886 11 17 18 00  49.92   -6.30 1010.8           SCILLY
1886 11 17 18 00  56.82   -5.11  997.8      FORTWILLIAM
1886 11 17 21 00  56.82   -5.11  998.5      FORTWILLIAM
1886 11 18 08 00  49.92   -6.30 1019.3           SCILLY
1886 11 18 08 00  56.82   -5.11 1012.3      FORTWILLIAM
1886 11 18 09 00  56.82   -5.11 1013.8      FORTWILLIAM
1886 11 18 14 00  49.92   -6.30 1021.0           SCILLY
1886 11 18 14 00  56.82   -5.11 1015.6      FORTWILLIAM
1886 11 18 18 00  49.92   -6.30 1021.3           SCILLY
1886 11 18 18 00  56.82   -5.11 1015.2      FORTWILLIAM
1886 11 18 21 00  56.82   -5.11 1014.8      FORTWILLIAM
1886 11 19 08 00  49.92   -6.30 1021.0           SCILLY
1886 11 19 08 00  56.82   -5.11 1011.7      FORTWILLIAM
1886 11 19 09 00  56.82   -5.11 1011.9      FORTWILLIAM
1886 11 19 14 00  49.92   -6.30 1021.7           SCILLY
1886 11 19 14 00  56.82   -5.11 1012.4      FORTWILLIAM
1886 11 19 18 00  49.92   -6.30 1021.7           SCILLY
1886 11 19 18 00  56.82   -5.11 1013.4      FORTWILLIAM
1886 11 19 21 00  56.82   -5.11 1014.7      FORTWILLIAM
1886 11 20 08 00  49.92   -6.30 1024.4           SCILLY
1886 11 20 08 00  56.82   -5.11 1014.0      FORTWILLIAM
1886 11 20 09 00  56.82   -5.11 1014.0      FORTWILLIAM
1886 11 20 14 00  49.92   -6.30 1025.4           SCILLY
1886 11 20 14 00  56.82   -5.11 1012.9      FORTWILLIAM
1886 11 20 18 00  49.92   -6.30 1025.4           SCILLY
1886 11 20 18 00  56.82   -5.11 1017.8      FORTWILLIAM
1886 11 20 21 00  56.82   -5.11 1021.6      FORTWILLIAM
1886 11 21 08 00  49.92   -6.30 1027.8           SCILLY
1886 11 21 08 00  56.82   -5.11 1028.5      FORTWILLIAM
1886 11 21 09 00  56.82   -5.11 1028.8      FORTWILLIAM
1886 11 21 14 00  49.92   -6.30 1028.1           SCILLY
1886 11 21 14 00  56.82   -5.11 1028.7      FORTWILLIAM
1886 11 21 18 00  49.92   -6.30 1027.8           SCILLY
1886 11 21 18 00  56.82   -5.11 1028.7      FORTWILLIAM
1886 11 21 21 00  56.82   -5.11 1028.6      FORTWILLIAM
1886 11 22 08 00  49.92   -6.30 1029.8           SCILLY
1886 11 22 08 00  56.82   -5.11 1026.6      FORTWILLIAM
1886 11 22 09 00  56.82   -5.11 1026.8      FORTWILLIAM
1886 11 22 14 00  49.92   -6.30 1029.8           SCILLY
1886 11 22 14 00  56.82   -5.11 1026.7      FORTWILLIAM
1886 11 22 18 00  49.92   -6.30 1030.5           SCILLY
1886 11 22 18 00  56.82   -5.11 1027.8      FORTWILLIAM
1886 11 22 21 00  56.82   -5.11 1028.1      FORTWILLIAM
1886 11 23 08 00  49.92   -6.30 1033.5           SCILLY
1886 11 23 08 00  56.82   -5.11 1031.3      FORTWILLIAM
1886 11 23 09 00  56.82   -5.11 1031.8      FORTWILLIAM
1886 11 23 14 00  49.92   -6.30 1033.5           SCILLY
1886 11 23 14 00  56.82   -5.11 1033.1      FORTWILLIAM
1886 11 23 18 00  49.92   -6.30 1035.2           SCILLY
1886 11 23 18 00  56.82   -5.11 1034.9      FORTWILLIAM
1886 11 23 21 00  56.82   -5.11 1035.9      FORTWILLIAM
1886 11 24 08 00  49.92   -6.30 1038.3           SCILLY
1886 11 24 08 00  56.82   -5.11 1038.8      FORTWILLIAM
1886 11 24 09 00  56.82   -5.11 1039.0      FORTWILLIAM
1886 11 24 14 00  49.92   -6.30 1038.9           SCILLY
1886 11 24 14 00  56.82   -5.11 1039.5      FORTWILLIAM
1886 11 24 18 00  49.92   -6.30 1038.9           SCILLY
1886 11 24 18 00  56.82   -5.11 1039.7      FORTWILLIAM
1886 11 24 21 00  56.82   -5.11 1040.2      FORTWILLIAM
1886 11 25 08 00  49.92   -6.30 1037.6           SCILLY
1886 11 25 08 00  56.82   -5.11 1038.8      FORTWILLIAM
1886 11 25 09 00  56.82   -5.11 1038.8      FORTWILLIAM
1886 11 25 14 00  49.92   -6.30 1035.9           SCILLY
1886 11 25 14 00  56.82   -5.11 1037.5      FORTWILLIAM
1886 11 25 18 00  49.92   -6.30 1034.9           SCILLY
1886 11 25 18 00  56.82   -5.11 1037.0      FORTWILLIAM
1886 11 25 21 00  56.82   -5.11 1036.3      FORTWILLIAM
1886 11 26 08 00  49.92   -6.30 1031.8           SCILLY
1886 11 26 08 00  56.82   -5.11 1033.1      FORTWILLIAM
1886 11 26 09 00  56.82   -5.11 1032.6      FORTWILLIAM
1886 11 26 14 00  49.92   -6.30 1029.8           SCILLY
1886 11 26 14 00  56.82   -5.11 1031.4      FORTWILLIAM
1886 11 26 18 00  49.92   -6.30 1028.8           SCILLY
1886 11 26 18 00  56.82   -5.11 1031.6      FORTWILLIAM
1886 11 26 21 00  56.82   -5.11 1031.4      FORTWILLIAM
1886 11 27 08 00  49.92   -6.30 1028.8           SCILLY
1886 11 27 08 00  56.82   -5.11 1029.5      FORTWILLIAM
1886 11 27 09 00  56.82   -5.11 1029.4      FORTWILLIAM
1886 11 27 14 00  49.92   -6.30 1028.8           SCILLY
1886 11 27 14 00  56.82   -5.11 1027.2      FORTWILLIAM
1886 11 27 18 00  49.92   -6.30 1028.8           SCILLY
1886 11 27 18 00  56.82   -5.11 1025.1      FORTWILLIAM
1886 11 27 21 00  56.82   -5.11 1024.0      FORTWILLIAM
1886 11 28 08 00  49.92   -6.30 1027.8           SCILLY
1886 11 28 08 00  56.82   -5.11 1017.3      FORTWILLIAM
1886 11 28 09 00  56.82   -5.11 1016.5      FORTWILLIAM
1886 11 28 14 00  49.92   -6.30 1025.7           SCILLY
1886 11 28 14 00  56.82   -5.11 1013.3      FORTWILLIAM
1886 11 28 18 00  49.92   -6.30 1023.4           SCILLY
1886 11 28 18 00  56.82   -5.11 1004.0      FORTWILLIAM
1886 11 28 21 00  56.82   -5.11  998.5      FORTWILLIAM
1886 11 29 08 00  49.92   -6.30 1013.9           SCILLY
1886 11 29 08 00  56.82   -5.11  991.6      FORTWILLIAM
1886 11 29 09 00  56.82   -5.11  991.6      FORTWILLIAM
1886 11 29 14 00  49.92   -6.30 1013.2           SCILLY
1886 11 29 14 00  56.82   -5.11  990.1      FORTWILLIAM
1886 11 29 18 00  49.92   -6.30 1012.5           SCILLY
1886 11 29 18 00  56.82   -5.11  992.4      FORTWILLIAM
1886 11 29 21 00  56.82   -5.11  993.8      FORTWILLIAM
1886 11 30 08 00  49.92   -6.30 1011.2           SCILLY
1886 11 30 08 00  56.82   -5.11 1001.6      FORTWILLIAM
1886 11 30 09 00  56.82   -5.11 1003.0      FORTWILLIAM
1886 11 30 14 00  49.92   -6.30 1012.5           SCILLY
1886 11 30 14 00  56.82   -5.11 1005.8      FORTWILLIAM
1886 11 30 18 00  49.92   -6.30 1013.9           SCILLY
1886 11 30 18 00  56.82   -5.11 1007.9      FORTWILLIAM
1886 11 30 21 00  56.82   -5.11 1007.8      FORTWILLIAM
