1887 01 01 08 00  49.92   -6.30 1027.1           SCILLY
1887 01 01 08 00  56.82   -5.11 1022.1      FORTWILLIAM
1887 01 01 09 00  56.82   -5.11 1022.1      FORTWILLIAM
1887 01 01 14 00  49.92   -6.30 1024.7           SCILLY
1887 01 01 14 00  56.82   -5.11 1020.3      FORTWILLIAM
1887 01 01 18 00  49.92   -6.30 1023.4           SCILLY
1887 01 01 18 00  56.82   -5.11 1018.2      FORTWILLIAM
1887 01 01 21 00  56.82   -5.11 1017.9      FORTWILLIAM
1887 01 02 08 00  49.92   -6.30 1020.0           SCILLY
1887 01 02 08 00  56.82   -5.11 1011.2      FORTWILLIAM
1887 01 02 09 00  56.82   -5.11 1010.8      FORTWILLIAM
1887 01 02 14 00  49.92   -6.30 1018.3           SCILLY
1887 01 02 14 00  56.82   -5.11 1008.1      FORTWILLIAM
1887 01 02 18 00  49.92   -6.30 1016.9           SCILLY
1887 01 02 18 00  56.82   -5.11 1006.6      FORTWILLIAM
1887 01 02 21 00  56.82   -5.11 1005.0      FORTWILLIAM
1887 01 03 08 00  49.92   -6.30 1007.1           SCILLY
1887 01 03 08 00  56.82   -5.11  990.3      FORTWILLIAM
1887 01 03 09 00  56.82   -5.11  988.5      FORTWILLIAM
1887 01 03 14 00  49.92   -6.30  995.3           SCILLY
1887 01 03 14 00  56.82   -5.11  978.7      FORTWILLIAM
1887 01 03 18 00  49.92   -6.30  991.9           SCILLY
1887 01 03 18 00  56.82   -5.11  984.0      FORTWILLIAM
1887 01 03 21 00  56.82   -5.11  985.5      FORTWILLIAM
1887 01 04 08 00  49.92   -6.30  997.6           SCILLY
1887 01 04 08 00  56.82   -5.11  993.0      FORTWILLIAM
1887 01 04 09 00  56.82   -5.11  993.7      FORTWILLIAM
1887 01 04 14 00  49.92   -6.30  999.3           SCILLY
1887 01 04 14 00  56.82   -5.11  993.5      FORTWILLIAM
1887 01 04 18 00  49.92   -6.30  999.0           SCILLY
1887 01 04 18 00  56.82   -5.11  989.7      FORTWILLIAM
1887 01 04 21 00  56.82   -5.11  983.5      FORTWILLIAM
1887 01 05 08 00  49.92   -6.30  987.1           SCILLY
1887 01 05 08 00  56.82   -5.11  975.3      FORTWILLIAM
1887 01 05 09 00  56.82   -5.11  975.6      FORTWILLIAM
1887 01 05 14 00  49.92   -6.30  985.8           SCILLY
1887 01 05 14 00  56.82   -5.11  974.7      FORTWILLIAM
1887 01 05 18 00  49.92   -6.30  984.4           SCILLY
1887 01 05 18 00  56.82   -5.11  971.8      FORTWILLIAM
1887 01 05 21 00  56.82   -5.11  975.2      FORTWILLIAM
1887 01 06 08 00  49.92   -6.30  982.1           SCILLY
1887 01 06 08 00  56.82   -5.11  979.4      FORTWILLIAM
1887 01 06 09 00  56.82   -5.11  979.8      FORTWILLIAM
1887 01 06 14 00  49.92   -6.30  982.4           SCILLY
1887 01 06 14 00  56.82   -5.11  980.4      FORTWILLIAM
1887 01 06 18 00  49.92   -6.30  983.1           SCILLY
1887 01 06 18 00  56.82   -5.11  980.6      FORTWILLIAM
1887 01 06 21 00  56.82   -5.11  981.2      FORTWILLIAM
1887 01 07 08 00  49.92   -6.30  982.4           SCILLY
1887 01 07 08 00  56.82   -5.11  979.3      FORTWILLIAM
1887 01 07 09 00  56.82   -5.11  980.2      FORTWILLIAM
1887 01 07 14 00  49.92   -6.30  978.0           SCILLY
1887 01 07 14 00  56.82   -5.11  982.8      FORTWILLIAM
1887 01 07 18 00  49.92   -6.30  980.0           SCILLY
1887 01 07 18 00  56.82   -5.11  985.1      FORTWILLIAM
1887 01 07 21 00  56.82   -5.11  987.2      FORTWILLIAM
1887 01 08 08 00  49.92   -6.30  985.1           SCILLY
1887 01 08 08 00  56.82   -5.11  990.3      FORTWILLIAM
1887 01 08 09 00  56.82   -5.11  990.5      FORTWILLIAM
1887 01 08 14 00  49.92   -6.30  988.1           SCILLY
1887 01 08 14 00  56.82   -5.11  990.6      FORTWILLIAM
1887 01 08 18 00  49.92   -6.30  989.8           SCILLY
1887 01 08 18 00  56.82   -5.11  992.0      FORTWILLIAM
1887 01 08 21 00  56.82   -5.11  993.1      FORTWILLIAM
1887 01 09 08 00  49.92   -6.30  996.3           SCILLY
1887 01 09 08 00  56.82   -5.11  996.3      FORTWILLIAM
1887 01 09 09 00  56.82   -5.11  996.9      FORTWILLIAM
1887 01 09 14 00  49.92   -6.30  998.6           SCILLY
1887 01 09 14 00  56.82   -5.11  998.4      FORTWILLIAM
1887 01 09 18 00  49.92   -6.30  999.7           SCILLY
1887 01 09 18 00  56.82   -5.11 1000.5      FORTWILLIAM
1887 01 09 21 00  56.82   -5.11 1002.2      FORTWILLIAM
1887 01 10 08 00  49.92   -6.30 1007.1           SCILLY
1887 01 10 08 00  56.82   -5.11 1004.0      FORTWILLIAM
1887 01 10 09 00  56.82   -5.11 1004.5      FORTWILLIAM
1887 01 10 14 00  49.92   -6.30 1007.1           SCILLY
1887 01 10 14 00  56.82   -5.11 1005.1      FORTWILLIAM
1887 01 10 18 00  49.92   -6.30 1006.1           SCILLY
1887 01 10 18 00  56.82   -5.11 1004.5      FORTWILLIAM
1887 01 10 21 00  56.82   -5.11 1003.1      FORTWILLIAM
1887 01 11 08 00  49.92   -6.30 1000.0           SCILLY
1887 01 11 08 00  56.82   -5.11  987.8      FORTWILLIAM
1887 01 11 09 00  56.82   -5.11  987.1      FORTWILLIAM
1887 01 11 14 00  49.92   -6.30 1002.0           SCILLY
1887 01 11 14 00  56.82   -5.11  993.2      FORTWILLIAM
1887 01 11 18 00  49.92   -6.30 1008.8           SCILLY
1887 01 11 18 00  56.82   -5.11 1001.2      FORTWILLIAM
1887 01 11 21 00  56.82   -5.11 1005.1      FORTWILLIAM
1887 01 12 08 00  49.92   -6.30 1024.7           SCILLY
1887 01 12 08 00  56.82   -5.11 1018.3      FORTWILLIAM
1887 01 12 09 00  56.82   -5.11 1019.4      FORTWILLIAM
1887 01 12 14 00  49.92   -6.30 1027.4           SCILLY
1887 01 12 14 00  56.82   -5.11 1022.0      FORTWILLIAM
1887 01 12 18 00  49.92   -6.30 1017.3           SCILLY
1887 01 12 18 00  56.82   -5.11 1023.3      FORTWILLIAM
1887 01 12 21 00  56.82   -5.11 1023.2      FORTWILLIAM
1887 01 13 08 00  49.92   -6.30 1029.5           SCILLY
1887 01 13 08 00  56.82   -5.11 1018.2      FORTWILLIAM
1887 01 13 09 00  56.82   -5.11 1018.0      FORTWILLIAM
1887 01 13 14 00  49.92   -6.30 1028.1           SCILLY
1887 01 13 14 00  56.82   -5.11 1017.2      FORTWILLIAM
1887 01 13 18 00  49.92   -6.30 1028.1           SCILLY
1887 01 13 18 00  56.82   -5.11 1019.6      FORTWILLIAM
1887 01 13 21 00  56.82   -5.11 1021.0      FORTWILLIAM
1887 01 14 08 00  49.92   -6.30 1024.0           SCILLY
1887 01 14 08 00  56.82   -5.11 1026.1      FORTWILLIAM
1887 01 14 09 00  56.82   -5.11 1027.1      FORTWILLIAM
1887 01 14 14 00  49.92   -6.30 1024.4           SCILLY
1887 01 14 14 00  56.82   -5.11 1028.3      FORTWILLIAM
1887 01 14 18 00  49.92   -6.30 1024.4           SCILLY
1887 01 14 18 00  56.82   -5.11 1029.6      FORTWILLIAM
1887 01 14 21 00  56.82   -5.11 1029.5      FORTWILLIAM
1887 01 15 08 00  49.92   -6.30 1020.7           SCILLY
1887 01 15 08 00  56.82   -5.11 1028.3      FORTWILLIAM
1887 01 15 09 00  56.82   -5.11 1028.4      FORTWILLIAM
1887 01 15 14 00  49.92   -6.30 1017.6           SCILLY
1887 01 15 14 00  56.82   -5.11 1024.3      FORTWILLIAM
1887 01 15 18 00  49.92   -6.30 1014.9           SCILLY
1887 01 15 18 00  56.82   -5.11 1022.0      FORTWILLIAM
1887 01 15 21 00  56.82   -5.11 1020.0      FORTWILLIAM
1887 01 16 08 00  49.92   -6.30 1012.5           SCILLY
1887 01 16 08 00  56.82   -5.11 1014.7      FORTWILLIAM
1887 01 16 09 00  56.82   -5.11 1014.7      FORTWILLIAM
1887 01 16 14 00  49.92   -6.30 1013.2           SCILLY
1887 01 16 14 00  56.82   -5.11 1013.6      FORTWILLIAM
1887 01 16 18 00  49.92   -6.30 1013.5           SCILLY
1887 01 16 18 00  56.82   -5.11 1014.2      FORTWILLIAM
1887 01 16 21 00  56.82   -5.11 1013.9      FORTWILLIAM
1887 01 17 08 00  49.92   -6.30 1012.2           SCILLY
1887 01 17 08 00  56.82   -5.11 1001.7      FORTWILLIAM
1887 01 17 09 00  56.82   -5.11 1001.3      FORTWILLIAM
1887 01 17 14 00  49.92   -6.30 1005.4           SCILLY
1887 01 17 14 00  56.82   -5.11  993.4      FORTWILLIAM
1887 01 17 18 00  49.92   -6.30 1012.5           SCILLY
1887 01 17 18 00  56.82   -5.11  993.2      FORTWILLIAM
1887 01 17 21 00  56.82   -5.11  994.5      FORTWILLIAM
1887 01 18 08 00  49.92   -6.30 1011.5           SCILLY
1887 01 18 08 00  56.82   -5.11 1006.2      FORTWILLIAM
1887 01 18 09 00  56.82   -5.11 1006.8      FORTWILLIAM
1887 01 18 14 00  49.92   -6.30 1013.2           SCILLY
1887 01 18 14 00  56.82   -5.11 1008.5      FORTWILLIAM
1887 01 18 18 00  49.92   -6.30 1015.2           SCILLY
1887 01 18 18 00  56.82   -5.11 1006.3      FORTWILLIAM
1887 01 18 21 00  56.82   -5.11 1002.7      FORTWILLIAM
1887 01 19 08 00  49.92   -6.30 1019.6           SCILLY
1887 01 19 08 00  56.82   -5.11  995.5      FORTWILLIAM
1887 01 19 09 00  56.82   -5.11  995.8      FORTWILLIAM
1887 01 19 14 00  49.92   -6.30 1019.6           SCILLY
1887 01 19 14 00  56.82   -5.11 1003.0      FORTWILLIAM
1887 01 19 18 00  49.92   -6.30 1019.3           SCILLY
1887 01 19 18 00  56.82   -5.11 1011.8      FORTWILLIAM
1887 01 19 21 00  56.82   -5.11 1013.6      FORTWILLIAM
1887 01 20 08 00  49.92   -6.30 1034.2           SCILLY
1887 01 20 08 00  56.82   -5.11 1026.8      FORTWILLIAM
1887 01 20 09 00  56.82   -5.11 1027.5      FORTWILLIAM
1887 01 20 14 00  49.92   -6.30 1037.6           SCILLY
1887 01 20 14 00  56.82   -5.11 1028.4      FORTWILLIAM
1887 01 20 18 00  49.92   -6.30 1038.3           SCILLY
1887 01 20 18 00  56.82   -5.11 1027.7      FORTWILLIAM
1887 01 20 21 00  56.82   -5.11 1027.6      FORTWILLIAM
1887 01 21 08 00  49.92   -6.30 1039.6           SCILLY
1887 01 21 08 00  56.82   -5.11 1026.7      FORTWILLIAM
1887 01 21 09 00  56.82   -5.11 1027.3      FORTWILLIAM
1887 01 21 14 00  49.92   -6.30 1039.6           SCILLY
1887 01 21 14 00  56.82   -5.11 1026.3      FORTWILLIAM
1887 01 21 18 00  49.92   -6.30 1038.3           SCILLY
1887 01 21 18 00  56.82   -5.11 1025.7      FORTWILLIAM
1887 01 21 21 00  56.82   -5.11 1025.0      FORTWILLIAM
1887 01 22 08 00  49.92   -6.30 1035.6           SCILLY
1887 01 22 08 00  56.82   -5.11 1021.8      FORTWILLIAM
1887 01 22 09 00  56.82   -5.11 1022.5      FORTWILLIAM
1887 01 22 14 00  49.92   -6.30 1033.9           SCILLY
1887 01 22 14 00  56.82   -5.11 1024.0      FORTWILLIAM
1887 01 22 18 00  49.92   -6.30 1033.2           SCILLY
1887 01 22 18 00  56.82   -5.11 1024.6      FORTWILLIAM
1887 01 22 21 00  56.82   -5.11 1025.3      FORTWILLIAM
1887 01 23 08 00  49.92   -6.30 1029.5           SCILLY
1887 01 23 08 00  56.82   -5.11 1025.5      FORTWILLIAM
1887 01 23 09 00  56.82   -5.11 1025.7      FORTWILLIAM
1887 01 23 14 00  49.92   -6.30 1028.4           SCILLY
1887 01 23 14 00  56.82   -5.11 1025.3      FORTWILLIAM
1887 01 23 18 00  49.92   -6.30 1027.1           SCILLY
1887 01 23 18 00  56.82   -5.11 1024.5      FORTWILLIAM
1887 01 23 21 00  56.82   -5.11 1023.3      FORTWILLIAM
1887 01 24 08 00  49.92   -6.30 1020.3           SCILLY
1887 01 24 08 00  56.82   -5.11 1015.8      FORTWILLIAM
1887 01 24 09 00  56.82   -5.11 1015.1      FORTWILLIAM
1887 01 24 14 00  49.92   -6.30 1018.3           SCILLY
1887 01 24 14 00  56.82   -5.11 1010.2      FORTWILLIAM
1887 01 24 18 00  49.92   -6.30 1016.6           SCILLY
1887 01 24 18 00  56.82   -5.11 1006.6      FORTWILLIAM
1887 01 24 21 00  56.82   -5.11 1005.9      FORTWILLIAM
1887 01 25 08 00  49.92   -6.30 1014.6           SCILLY
1887 01 25 08 00  56.82   -5.11 1005.5      FORTWILLIAM
1887 01 25 09 00  56.82   -5.11 1005.5      FORTWILLIAM
1887 01 25 14 00  49.92   -6.30 1015.6           SCILLY
1887 01 25 14 00  56.82   -5.11 1005.4      FORTWILLIAM
1887 01 25 18 00  49.92   -6.30 1015.2           SCILLY
1887 01 25 18 00  56.82   -5.11 1006.8      FORTWILLIAM
1887 01 25 21 00  56.82   -5.11 1008.3      FORTWILLIAM
1887 01 26 08 00  49.92   -6.30 1018.6           SCILLY
1887 01 26 08 00  56.82   -5.11 1008.3      FORTWILLIAM
1887 01 26 09 00  56.82   -5.11 1012.1      FORTWILLIAM
1887 01 26 14 00  49.92   -6.30 1021.3           SCILLY
1887 01 26 14 00  56.82   -5.11 1015.2      FORTWILLIAM
1887 01 26 18 00  49.92   -6.30 1022.0           SCILLY
1887 01 26 18 00  56.82   -5.11 1016.1      FORTWILLIAM
1887 01 26 21 00  56.82   -5.11 1016.9      FORTWILLIAM
1887 01 27 08 00  49.92   -6.30 1022.4           SCILLY
1887 01 27 08 00  56.82   -5.11 1014.4      FORTWILLIAM
1887 01 27 09 00  56.82   -5.11 1014.2      FORTWILLIAM
1887 01 27 14 00  49.92   -6.30 1022.0           SCILLY
1887 01 27 14 00  56.82   -5.11 1012.4      FORTWILLIAM
1887 01 27 18 00  49.92   -6.30 1022.0           SCILLY
1887 01 27 18 00  56.82   -5.11 1011.0      FORTWILLIAM
1887 01 27 21 00  56.82   -5.11 1009.3      FORTWILLIAM
1887 01 28 08 00  49.92   -6.30 1027.8           SCILLY
1887 01 28 08 00  56.82   -5.11 1011.1      FORTWILLIAM
1887 01 28 09 00  56.82   -5.11 1012.2      FORTWILLIAM
1887 01 28 14 00  49.92   -6.30 1030.1           SCILLY
1887 01 28 14 00  56.82   -5.11 1012.6      FORTWILLIAM
1887 01 28 18 00  49.92   -6.30 1030.5           SCILLY
1887 01 28 18 00  56.82   -5.11 1012.3      FORTWILLIAM
1887 01 28 21 00  56.82   -5.11 1012.7      FORTWILLIAM
1887 01 29 08 00  49.92   -6.30 1030.5           SCILLY
1887 01 29 08 00  56.82   -5.11 1013.6      FORTWILLIAM
1887 01 29 09 00  56.82   -5.11 1013.9      FORTWILLIAM
1887 01 29 14 00  49.92   -6.30 1029.1           SCILLY
1887 01 29 14 00  56.82   -5.11 1015.5      FORTWILLIAM
1887 01 29 18 00  49.92   -6.30 1027.8           SCILLY
1887 01 29 18 00  56.82   -5.11 1015.8      FORTWILLIAM
1887 01 29 21 00  56.82   -5.11 1015.0      FORTWILLIAM
1887 01 30 08 00  49.92   -6.30 1022.0           SCILLY
1887 01 30 08 00  56.82   -5.11 1011.5      FORTWILLIAM
1887 01 30 09 00  56.82   -5.11 1011.1      FORTWILLIAM
1887 01 30 14 00  49.92   -6.30 1020.3           SCILLY
1887 01 30 14 00  56.82   -5.11 1009.6      FORTWILLIAM
1887 01 30 18 00  49.92   -6.30 1019.6           SCILLY
1887 01 30 18 00  56.82   -5.11 1013.1      FORTWILLIAM
1887 01 30 21 00  56.82   -5.11 1010.1      FORTWILLIAM
1887 01 31 08 00  49.92   -6.30 1019.3           SCILLY
1887 01 31 08 00  56.82   -5.11 1006.5      FORTWILLIAM
1887 01 31 09 00  56.82   -5.11 1005.9      FORTWILLIAM
1887 01 31 14 00  49.92   -6.30 1019.0           SCILLY
1887 01 31 14 00  56.82   -5.11  998.5      FORTWILLIAM
1887 01 31 18 00  49.92   -6.30 1017.6           SCILLY
1887 01 31 18 00  56.82   -5.11  994.5      FORTWILLIAM
1887 01 31 21 00  56.82   -5.11  997.8      FORTWILLIAM
