1886 09 01 08 00  49.92   -6.30 1020.7           SCILLY
1886 09 01 08 00  56.82   -5.11 1013.8      FORTWILLIAM
1886 09 01 09 00  56.82   -5.11 1014.4      FORTWILLIAM
1886 09 01 14 00  49.92   -6.30 1021.3           SCILLY
1886 09 01 14 00  56.82   -5.11 1015.4      FORTWILLIAM
1886 09 01 18 00  49.92   -6.30 1021.3           SCILLY
1886 09 01 18 00  56.82   -5.11 1015.5      FORTWILLIAM
1886 09 01 21 00  56.82   -5.11 1016.1      FORTWILLIAM
1886 09 02 08 00  49.92   -6.30 1021.7           SCILLY
1886 09 02 08 00  56.82   -5.11 1018.8      FORTWILLIAM
1886 09 02 09 00  56.82   -5.11 1019.1      FORTWILLIAM
1886 09 02 14 00  49.92   -6.30 1021.0           SCILLY
1886 09 02 14 00  56.82   -5.11 1019.4      FORTWILLIAM
1886 09 02 18 00  49.92   -6.30 1020.0           SCILLY
1886 09 02 18 00  56.82   -5.11 1021.0      FORTWILLIAM
1886 09 02 21 00  56.82   -5.11 1022.4      FORTWILLIAM
1886 09 03 08 00  49.92   -6.30 1018.3           SCILLY
1886 09 03 08 00  56.82   -5.11 1024.7      FORTWILLIAM
1886 09 03 09 00  56.82   -5.11 1024.6      FORTWILLIAM
1886 09 03 14 00  49.92   -6.30 1016.3           SCILLY
1886 09 03 14 00  56.82   -5.11 1023.8      FORTWILLIAM
1886 09 03 18 00  49.92   -6.30 1014.9           SCILLY
1886 09 03 18 00  56.82   -5.11 1023.1      FORTWILLIAM
1886 09 03 21 00  56.82   -5.11 1023.7      FORTWILLIAM
1886 09 04 08 00  49.92   -6.30 1014.9           SCILLY
1886 09 04 08 00  56.82   -5.11 1022.5      FORTWILLIAM
1886 09 04 09 00  56.82   -5.11 1021.8      FORTWILLIAM
1886 09 04 14 00  49.92   -6.30 1014.6           SCILLY
1886 09 04 14 00  56.82   -5.11 1018.3      FORTWILLIAM
1886 09 04 18 00  49.92   -6.30 1013.2           SCILLY
1886 09 04 18 00  56.82   -5.11 1016.0      FORTWILLIAM
1886 09 04 21 00  56.82   -5.11 1016.2      FORTWILLIAM
1886 09 05 08 00  49.92   -6.30 1009.8           SCILLY
1886 09 05 08 00  56.82   -5.11 1011.1      FORTWILLIAM
1886 09 05 09 00  56.82   -5.11 1010.5      FORTWILLIAM
1886 09 05 14 00  49.92   -6.30 1010.5           SCILLY
1886 09 05 14 00  56.82   -5.11 1009.0      FORTWILLIAM
1886 09 05 18 00  49.92   -6.30 1011.2           SCILLY
1886 09 05 18 00  56.82   -5.11 1006.5      FORTWILLIAM
1886 09 05 21 00  56.82   -5.11 1005.4      FORTWILLIAM
1886 09 06 08 00  49.92   -6.30 1012.9           SCILLY
1886 09 06 08 00  56.82   -5.11 1004.3      FORTWILLIAM
1886 09 06 09 00  56.82   -5.11 1004.3      FORTWILLIAM
1886 09 06 14 00  49.92   -6.30 1012.2           SCILLY
1886 09 06 14 00  56.82   -5.11 1004.0      FORTWILLIAM
1886 09 06 18 00  49.92   -6.30 1012.5           SCILLY
1886 09 06 18 00  56.82   -5.11 1001.2      FORTWILLIAM
1886 09 06 21 00  56.82   -5.11  997.9      FORTWILLIAM
1886 09 07 08 00  49.92   -6.30 1016.6           SCILLY
1886 09 07 08 00  56.82   -5.11 1004.5      FORTWILLIAM
1886 09 07 09 00  56.82   -5.11 1004.9      FORTWILLIAM
1886 09 07 14 00  49.92   -6.30 1021.0           SCILLY
1886 09 07 14 00  56.82   -5.11 1004.1      FORTWILLIAM
1886 09 07 18 00  49.92   -6.30 1015.2           SCILLY
1886 09 07 18 00  56.82   -5.11 1005.0      FORTWILLIAM
1886 09 07 21 00  56.82   -5.11 1002.0      FORTWILLIAM
1886 09 08 08 00  49.92   -6.30 1010.5           SCILLY
1886 09 08 08 00  56.82   -5.11  994.1      FORTWILLIAM
1886 09 08 09 00  56.82   -5.11  992.5      FORTWILLIAM
1886 09 08 14 00  49.92   -6.30 1010.2           SCILLY
1886 09 08 14 00  56.82   -5.11  992.6      FORTWILLIAM
1886 09 08 18 00  49.92   -6.30 1010.2           SCILLY
1886 09 08 18 00  56.82   -5.11  995.5      FORTWILLIAM
1886 09 08 21 00  56.82   -5.11  997.6      FORTWILLIAM
1886 09 09 08 00  49.92   -6.30 1009.8           SCILLY
1886 09 09 08 00  56.82   -5.11  999.9      FORTWILLIAM
1886 09 09 09 00  56.82   -5.11  998.8      FORTWILLIAM
1886 09 09 14 00  49.92   -6.30 1008.8           SCILLY
1886 09 09 14 00  56.82   -5.11  989.6      FORTWILLIAM
1886 09 09 18 00  49.92   -6.30 1006.8           SCILLY
1886 09 09 18 00  56.82   -5.11  992.8      FORTWILLIAM
1886 09 09 21 00  56.82   -5.11  995.1      FORTWILLIAM
1886 09 10 08 00  49.92   -6.30 1006.1           SCILLY
1886 09 10 08 00  56.82   -5.11  998.7      FORTWILLIAM
1886 09 10 09 00  56.82   -5.11  999.0      FORTWILLIAM
1886 09 10 14 00  49.92   -6.30 1010.5           SCILLY
1886 09 10 14 00  56.82   -5.11 1000.7      FORTWILLIAM
1886 09 10 18 00  49.92   -6.30 1011.5           SCILLY
1886 09 10 18 00  56.82   -5.11 1001.4      FORTWILLIAM
1886 09 10 21 00  56.82   -5.11 1002.1      FORTWILLIAM
1886 09 11 08 00  49.92   -6.30 1013.9           SCILLY
1886 09 11 08 00  56.82   -5.11  998.7      FORTWILLIAM
1886 09 11 09 00  56.82   -5.11  998.5      FORTWILLIAM
1886 09 11 14 00  49.92   -6.30 1013.5           SCILLY
1886 09 11 14 00  56.82   -5.11  997.1      FORTWILLIAM
1886 09 11 18 00  49.92   -6.30 1012.5           SCILLY
1886 09 11 18 00  56.82   -5.11  996.8      FORTWILLIAM
1886 09 11 21 00  56.82   -5.11  998.6      FORTWILLIAM
1886 09 12 08 00  49.92   -6.30 1013.2           SCILLY
1886 09 12 08 00  56.82   -5.11 1004.9      FORTWILLIAM
1886 09 12 09 00  56.82   -5.11 1005.4      FORTWILLIAM
1886 09 12 14 00  49.92   -6.30 1013.9           SCILLY
1886 09 12 14 00  56.82   -5.11 1008.6      FORTWILLIAM
1886 09 12 18 00  49.92   -6.30 1014.2           SCILLY
1886 09 12 18 00  56.82   -5.11 1012.0      FORTWILLIAM
1886 09 12 21 00  56.82   -5.11 1013.8      FORTWILLIAM
1886 09 13 08 00  49.92   -6.30 1014.2           SCILLY
1886 09 13 08 00  56.82   -5.11 1015.9      FORTWILLIAM
1886 09 13 09 00  56.82   -5.11 1016.4      FORTWILLIAM
1886 09 13 14 00  49.92   -6.30 1014.2           SCILLY
1886 09 13 14 00  56.82   -5.11 1015.5      FORTWILLIAM
1886 09 13 18 00  49.92   -6.30 1013.9           SCILLY
1886 09 13 18 00  56.82   -5.11 1012.3      FORTWILLIAM
1886 09 13 21 00  56.82   -5.11 1013.4      FORTWILLIAM
1886 09 14 08 00  49.92   -6.30 1017.3           SCILLY
1886 09 14 08 00  56.82   -5.11 1018.7      FORTWILLIAM
1886 09 14 09 00  56.82   -5.11 1019.6      FORTWILLIAM
1886 09 14 14 00  49.92   -6.30 1018.6           SCILLY
1886 09 14 14 00  56.82   -5.11 1023.0      FORTWILLIAM
1886 09 14 18 00  49.92   -6.30 1019.6           SCILLY
1886 09 14 18 00  56.82   -5.11 1025.0      FORTWILLIAM
1886 09 14 21 00  56.82   -5.11 1028.8      FORTWILLIAM
1886 09 15 08 00  49.92   -6.30 1023.0           SCILLY
1886 09 15 08 00  56.82   -5.11 1035.3      FORTWILLIAM
1886 09 15 09 00  56.82   -5.11 1035.7      FORTWILLIAM
1886 09 15 14 00  49.92   -6.30 1024.4           SCILLY
1886 09 15 14 00  56.82   -5.11 1035.4      FORTWILLIAM
1886 09 15 18 00  49.92   -6.30 1024.4           SCILLY
1886 09 15 18 00  56.82   -5.11 1035.3      FORTWILLIAM
1886 09 15 21 00  56.82   -5.11 1036.0      FORTWILLIAM
1886 09 16 08 00  49.92   -6.30 1025.4           SCILLY
1886 09 16 08 00  56.82   -5.11 1036.3      FORTWILLIAM
1886 09 16 09 00  56.82   -5.11 1035.6      FORTWILLIAM
1886 09 16 14 00  49.92   -6.30 1024.7           SCILLY
1886 09 16 14 00  56.82   -5.11 1032.7      FORTWILLIAM
1886 09 16 18 00  49.92   -6.30 1023.7           SCILLY
1886 09 16 18 00  56.82   -5.11 1031.4      FORTWILLIAM
1886 09 16 21 00  56.82   -5.11 1031.3      FORTWILLIAM
1886 09 17 08 00  49.92   -6.30 1019.6           SCILLY
1886 09 17 08 00  56.82   -5.11 1029.5      FORTWILLIAM
1886 09 17 09 00  56.82   -5.11 1029.4      FORTWILLIAM
1886 09 17 14 00  49.92   -6.30 1019.3           SCILLY
1886 09 17 14 00  56.82   -5.11 1026.8      FORTWILLIAM
1886 09 17 18 00  49.92   -6.30 1019.0           SCILLY
1886 09 17 18 00  56.82   -5.11 1025.8      FORTWILLIAM
1886 09 17 21 00  56.82   -5.11 1026.1      FORTWILLIAM
1886 09 18 08 00  49.92   -6.30 1016.3           SCILLY
1886 09 18 08 00  56.82   -5.11 1025.4      FORTWILLIAM
1886 09 18 09 00  56.82   -5.11 1025.3      FORTWILLIAM
1886 09 18 14 00  49.92   -6.30 1015.9           SCILLY
1886 09 18 14 00  56.82   -5.11 1023.5      FORTWILLIAM
1886 09 18 18 00  49.92   -6.30 1015.9           SCILLY
1886 09 18 18 00  56.82   -5.11 1022.9      FORTWILLIAM
1886 09 18 21 00  56.82   -5.11 1023.3      FORTWILLIAM
1886 09 19 08 00  49.92   -6.30 1015.9           SCILLY
1886 09 19 08 00  56.82   -5.11 1022.2      FORTWILLIAM
1886 09 19 09 00  56.82   -5.11 1022.2      FORTWILLIAM
1886 09 19 14 00  49.92   -6.30 1015.9           SCILLY
1886 09 19 14 00  56.82   -5.11 1019.6      FORTWILLIAM
1886 09 19 18 00  49.92   -6.30 1015.2           SCILLY
1886 09 19 18 00  56.82   -5.11 1018.9      FORTWILLIAM
1886 09 19 21 00  56.82   -5.11 1019.4      FORTWILLIAM
1886 09 20 08 00  49.92   -6.30 1011.5           SCILLY
1886 09 20 08 00  56.82   -5.11 1018.3      FORTWILLIAM
1886 09 20 09 00  56.82   -5.11 1018.0      FORTWILLIAM
1886 09 20 14 00  49.92   -6.30 1008.8           SCILLY
1886 09 20 14 00  56.82   -5.11 1016.8      FORTWILLIAM
1886 09 20 18 00  49.92   -6.30 1005.8           SCILLY
1886 09 20 18 00  56.82   -5.11 1015.5      FORTWILLIAM
1886 09 20 21 00  56.82   -5.11 1015.5      FORTWILLIAM
1886 09 21 08 00  49.92   -6.30  999.3           SCILLY
1886 09 21 08 00  56.82   -5.11 1015.1      FORTWILLIAM
1886 09 21 09 00  56.82   -5.11 1015.1      FORTWILLIAM
1886 09 21 14 00  49.92   -6.30  998.6           SCILLY
1886 09 21 14 00  56.82   -5.11 1014.4      FORTWILLIAM
1886 09 21 18 00  49.92   -6.30  998.3           SCILLY
1886 09 21 18 00  56.82   -5.11 1014.5      FORTWILLIAM
1886 09 21 21 00  56.82   -5.11 1015.5      FORTWILLIAM
1886 09 22 08 00  49.92   -6.30 1003.0           SCILLY
1886 09 22 08 00  56.82   -5.11 1018.6      FORTWILLIAM
1886 09 22 09 00  56.82   -5.11 1018.7      FORTWILLIAM
1886 09 22 14 00  49.92   -6.30 1007.1           SCILLY
1886 09 22 14 00  56.82   -5.11 1018.6      FORTWILLIAM
1886 09 22 18 00  49.92   -6.30 1009.8           SCILLY
1886 09 22 18 00  56.82   -5.11 1019.0      FORTWILLIAM
1886 09 22 21 00  56.82   -5.11 1019.9      FORTWILLIAM
1886 09 23 08 00  49.92   -6.30 1017.6           SCILLY
1886 09 23 08 00  56.82   -5.11 1021.9      FORTWILLIAM
1886 09 23 09 00  56.82   -5.11 1021.9      FORTWILLIAM
1886 09 23 14 00  49.92   -6.30 1019.0           SCILLY
1886 09 23 14 00  56.82   -5.11 1021.3      FORTWILLIAM
1886 09 23 18 00  49.92   -6.30 1020.0           SCILLY
1886 09 23 18 00  56.82   -5.11 1021.2      FORTWILLIAM
1886 09 23 21 00  56.82   -5.11 1021.2      FORTWILLIAM
1886 09 24 08 00  49.92   -6.30 1022.0           SCILLY
1886 09 24 08 00  56.82   -5.11 1020.8      FORTWILLIAM
1886 09 24 09 00  56.82   -5.11 1020.6      FORTWILLIAM
1886 09 24 14 00  49.92   -6.30 1022.0           SCILLY
1886 09 24 14 00  56.82   -5.11 1019.5      FORTWILLIAM
1886 09 24 18 00  49.92   -6.30 1021.3           SCILLY
1886 09 24 18 00  56.82   -5.11 1018.7      FORTWILLIAM
1886 09 24 21 00  56.82   -5.11 1018.3      FORTWILLIAM
1886 09 25 08 00  49.92   -6.30 1018.6           SCILLY
1886 09 25 08 00  56.82   -5.11 1015.6      FORTWILLIAM
1886 09 25 09 00  56.82   -5.11 1015.1      FORTWILLIAM
1886 09 25 14 00  49.92   -6.30 1017.3           SCILLY
1886 09 25 14 00  56.82   -5.11 1012.8      FORTWILLIAM
1886 09 25 18 00  49.92   -6.30 1015.9           SCILLY
1886 09 25 18 00  56.82   -5.11 1010.8      FORTWILLIAM
1886 09 25 21 00  56.82   -5.11 1010.5      FORTWILLIAM
1886 09 26 08 00  49.92   -6.30 1020.0           SCILLY
1886 09 26 08 00  56.82   -5.11 1013.8      FORTWILLIAM
1886 09 26 09 00  56.82   -5.11 1012.5      FORTWILLIAM
1886 09 26 14 00  49.92   -6.30 1021.7           SCILLY
1886 09 26 14 00  56.82   -5.11 1014.9      FORTWILLIAM
1886 09 26 18 00  49.92   -6.30 1022.0           SCILLY
1886 09 26 18 00  56.82   -5.11 1012.4      FORTWILLIAM
1886 09 26 21 00  56.82   -5.11 1008.9      FORTWILLIAM
1886 09 27 08 00  49.92   -6.30 1016.6           SCILLY
1886 09 27 08 00  56.82   -5.11  994.8      FORTWILLIAM
1886 09 27 09 00  56.82   -5.11  994.8      FORTWILLIAM
1886 09 27 14 00  49.92   -6.30 1014.9           SCILLY
1886 09 27 14 00  56.82   -5.11  996.6      FORTWILLIAM
1886 09 27 18 00  49.92   -6.30 1015.6           SCILLY
1886 09 27 18 00  56.82   -5.11  997.0      FORTWILLIAM
1886 09 27 21 00  56.82   -5.11  997.5      FORTWILLIAM
1886 09 28 08 00  49.92   -6.30 1021.7           SCILLY
1886 09 28 08 00  56.82   -5.11 1003.2      FORTWILLIAM
1886 09 28 09 00  56.82   -5.11 1004.0      FORTWILLIAM
1886 09 28 14 00  49.92   -6.30 1020.0           SCILLY
1886 09 28 14 00  56.82   -5.11 1006.5      FORTWILLIAM
1886 09 28 18 00  49.92   -6.30 1019.3           SCILLY
1886 09 28 18 00  56.82   -5.11 1007.6      FORTWILLIAM
1886 09 28 21 00  56.82   -5.11 1004.8      FORTWILLIAM
1886 09 29 08 00  49.92   -6.30 1018.3           SCILLY
1886 09 29 08 00  56.82   -5.11 1004.5      FORTWILLIAM
1886 09 29 09 00  56.82   -5.11 1003.9      FORTWILLIAM
1886 09 29 14 00  49.92   -6.30 1016.6           SCILLY
1886 09 29 14 00  56.82   -5.11 1001.1      FORTWILLIAM
1886 09 29 18 00  49.92   -6.30 1015.2           SCILLY
1886 09 29 18 00  56.82   -5.11 1000.1      FORTWILLIAM
1886 09 29 21 00  56.82   -5.11  999.8      FORTWILLIAM
1886 09 30 08 00  49.92   -6.30 1011.5           SCILLY
1886 09 30 08 00  56.82   -5.11 1002.5      FORTWILLIAM
1886 09 30 09 00  56.82   -5.11 1002.5      FORTWILLIAM
1886 09 30 14 00  49.92   -6.30 1008.8           SCILLY
1886 09 30 14 00  56.82   -5.11 1001.4      FORTWILLIAM
1886 09 30 18 00  49.92   -6.30 1007.8           SCILLY
1886 09 30 18 00  56.82   -5.11  998.4      FORTWILLIAM
1886 09 30 21 00  56.82   -5.11  997.0      FORTWILLIAM
