1886 08 01 08 00  49.92   -6.30 1008.5           SCILLY
1886 08 01 08 00  56.82   -5.11 1005.3      FORTWILLIAM
1886 08 01 09 00  56.82   -5.11 1005.3      FORTWILLIAM
1886 08 01 14 00  49.92   -6.30 1004.4           SCILLY
1886 08 01 14 00  56.82   -5.11 1004.7      FORTWILLIAM
1886 08 01 18 00  49.92   -6.30 1001.7           SCILLY
1886 08 01 18 00  56.82   -5.11 1004.0      FORTWILLIAM
1886 08 01 21 00  56.82   -5.11 1004.0      FORTWILLIAM
1886 08 02 08 00  49.92   -6.30 1008.1           SCILLY
1886 08 02 08 00  56.82   -5.11 1007.2      FORTWILLIAM
1886 08 02 09 00  56.82   -5.11 1007.3      FORTWILLIAM
1886 08 02 14 00  49.92   -6.30 1012.2           SCILLY
1886 08 02 14 00  56.82   -5.11 1008.3      FORTWILLIAM
1886 08 02 18 00  49.92   -6.30 1014.2           SCILLY
1886 08 02 18 00  56.82   -5.11 1010.5      FORTWILLIAM
1886 08 02 21 00  56.82   -5.11 1012.9      FORTWILLIAM
1886 08 03 08 00  49.92   -6.30 1018.3           SCILLY
1886 08 03 08 00  56.82   -5.11 1017.2      FORTWILLIAM
1886 08 03 09 00  56.82   -5.11 1017.6      FORTWILLIAM
1886 08 03 14 00  49.92   -6.30 1019.3           SCILLY
1886 08 03 14 00  56.82   -5.11 1018.2      FORTWILLIAM
1886 08 03 18 00  49.92   -6.30 1019.0           SCILLY
1886 08 03 18 00  56.82   -5.11 1018.9      FORTWILLIAM
1886 08 03 21 00  56.82   -5.11 1019.5      FORTWILLIAM
1886 08 04 08 00  49.92   -6.30 1020.3           SCILLY
1886 08 04 08 00  56.82   -5.11 1020.3      FORTWILLIAM
1886 08 04 09 00  56.82   -5.11 1019.8      FORTWILLIAM
1886 08 04 14 00  49.92   -6.30 1021.0           SCILLY
1886 08 04 14 00  56.82   -5.11 1018.7      FORTWILLIAM
1886 08 04 18 00  49.92   -6.30 1020.0           SCILLY
1886 08 04 18 00  56.82   -5.11 1017.4      FORTWILLIAM
1886 08 04 21 00  56.82   -5.11 1017.6      FORTWILLIAM
1886 08 05 08 00  49.92   -6.30 1016.6           SCILLY
1886 08 05 08 00  56.82   -5.11 1012.8      FORTWILLIAM
1886 08 05 09 00  56.82   -5.11 1012.4      FORTWILLIAM
1886 08 05 14 00  49.92   -6.30 1014.9           SCILLY
1886 08 05 14 00  56.82   -5.11 1008.4      FORTWILLIAM
1886 08 05 18 00  49.92   -6.30 1014.2           SCILLY
1886 08 05 18 00  56.82   -5.11 1007.6      FORTWILLIAM
1886 08 05 21 00  56.82   -5.11 1007.8      FORTWILLIAM
1886 08 06 08 00  49.92   -6.30 1016.6           SCILLY
1886 08 06 08 00  56.82   -5.11 1009.9      FORTWILLIAM
1886 08 06 09 00  56.82   -5.11 1010.0      FORTWILLIAM
1886 08 06 14 00  49.92   -6.30 1017.9           SCILLY
1886 08 06 14 00  56.82   -5.11 1008.9      FORTWILLIAM
1886 08 06 18 00  49.92   -6.30 1018.3           SCILLY
1886 08 06 18 00  56.82   -5.11 1009.5      FORTWILLIAM
1886 08 06 21 00  56.82   -5.11 1009.9      FORTWILLIAM
1886 08 07 08 00  49.92   -6.30 1018.3           SCILLY
1886 08 07 08 00  56.82   -5.11 1005.0      FORTWILLIAM
1886 08 07 09 00  56.82   -5.11 1004.6      FORTWILLIAM
1886 08 07 14 00  49.92   -6.30 1019.0           SCILLY
1886 08 07 14 00  56.82   -5.11 1006.6      FORTWILLIAM
1886 08 07 18 00  49.92   -6.30 1019.0           SCILLY
1886 08 07 18 00  56.82   -5.11 1008.0      FORTWILLIAM
1886 08 07 21 00  56.82   -5.11 1008.7      FORTWILLIAM
1886 08 08 08 00  49.92   -6.30 1018.6           SCILLY
1886 08 08 08 00  56.82   -5.11 1009.8      FORTWILLIAM
1886 08 08 09 00  56.82   -5.11 1009.6      FORTWILLIAM
1886 08 08 14 00  49.92   -6.30 1018.6           SCILLY
1886 08 08 14 00  56.82   -5.11 1010.0      FORTWILLIAM
1886 08 08 18 00  49.92   -6.30 1018.6           SCILLY
1886 08 08 18 00  56.82   -5.11 1010.1      FORTWILLIAM
1886 08 08 21 00  56.82   -5.11 1010.8      FORTWILLIAM
1886 08 09 08 00  49.92   -6.30 1016.3           SCILLY
1886 08 09 08 00  56.82   -5.11 1011.6      FORTWILLIAM
1886 08 09 09 00  56.82   -5.11 1011.4      FORTWILLIAM
1886 08 09 14 00  49.92   -6.30 1015.9           SCILLY
1886 08 09 14 00  56.82   -5.11 1011.2      FORTWILLIAM
1886 08 09 18 00  49.92   -6.30 1014.6           SCILLY
1886 08 09 18 00  56.82   -5.11 1011.2      FORTWILLIAM
1886 08 09 21 00  56.82   -5.11 1011.1      FORTWILLIAM
1886 08 10 08 00  49.92   -6.30 1009.8           SCILLY
1886 08 10 08 00  56.82   -5.11 1007.9      FORTWILLIAM
1886 08 10 09 00  56.82   -5.11 1007.1      FORTWILLIAM
1886 08 10 14 00  49.92   -6.30 1011.2           SCILLY
1886 08 10 14 00  56.82   -5.11 1003.6      FORTWILLIAM
1886 08 10 18 00  49.92   -6.30 1011.5           SCILLY
1886 08 10 18 00  56.82   -5.11 1002.5      FORTWILLIAM
1886 08 10 21 00  56.82   -5.11 1001.7      FORTWILLIAM
1886 08 11 08 00  49.92   -6.30 1016.3           SCILLY
1886 08 11 08 00  56.82   -5.11 1004.6      FORTWILLIAM
1886 08 11 09 00  56.82   -5.11 1004.6      FORTWILLIAM
1886 08 11 14 00  49.92   -6.30 1017.6           SCILLY
1886 08 11 14 00  56.82   -5.11 1004.7      FORTWILLIAM
1886 08 11 18 00  49.92   -6.30 1017.9           SCILLY
1886 08 11 18 00  56.82   -5.11 1006.1      FORTWILLIAM
1886 08 11 21 00  56.82   -5.11 1006.5      FORTWILLIAM
1886 08 12 08 00  49.92   -6.30 1013.2           SCILLY
1886 08 12 08 00  56.82   -5.11 1006.9      FORTWILLIAM
1886 08 12 09 00  56.82   -5.11 1006.5      FORTWILLIAM
1886 08 12 14 00  49.92   -6.30 1007.8           SCILLY
1886 08 12 14 00  56.82   -5.11 1005.3      FORTWILLIAM
1886 08 12 18 00  49.92   -6.30 1003.4           SCILLY
1886 08 12 18 00  56.82   -5.11 1004.4      FORTWILLIAM
1886 08 12 21 00  56.82   -5.11 1003.0      FORTWILLIAM
1886 08 13 08 00  49.92   -6.30  997.0           SCILLY
1886 08 13 08 00  56.82   -5.11  999.3      FORTWILLIAM
1886 08 13 09 00  56.82   -5.11  999.0      FORTWILLIAM
1886 08 13 14 00  49.92   -6.30  996.6           SCILLY
1886 08 13 14 00  56.82   -5.11 1000.1      FORTWILLIAM
1886 08 13 18 00  49.92   -6.30  997.6           SCILLY
1886 08 13 18 00  56.82   -5.11 1002.5      FORTWILLIAM
1886 08 13 21 00  56.82   -5.11 1004.2      FORTWILLIAM
1886 08 14 08 00  49.92   -6.30 1011.5           SCILLY
1886 08 14 08 00  56.82   -5.11 1011.1      FORTWILLIAM
1886 08 14 09 00  56.82   -5.11 1011.3      FORTWILLIAM
1886 08 14 14 00  49.92   -6.30 1016.3           SCILLY
1886 08 14 14 00  56.82   -5.11 1011.7      FORTWILLIAM
1886 08 14 18 00  49.92   -6.30 1017.6           SCILLY
1886 08 14 18 00  56.82   -5.11 1013.0      FORTWILLIAM
1886 08 14 21 00  56.82   -5.11 1013.6      FORTWILLIAM
1886 08 15 08 00  49.92   -6.30 1018.6           SCILLY
1886 08 15 08 00  56.82   -5.11 1008.4      FORTWILLIAM
1886 08 15 09 00  56.82   -5.11 1007.5      FORTWILLIAM
1886 08 15 14 00  49.92   -6.30 1017.3           SCILLY
1886 08 15 14 00  56.82   -5.11 1004.8      FORTWILLIAM
1886 08 15 18 00  49.92   -6.30 1015.2           SCILLY
1886 08 15 18 00  56.82   -5.11 1003.3      FORTWILLIAM
1886 08 15 21 00  56.82   -5.11 1001.1      FORTWILLIAM
1886 08 16 08 00  49.92   -6.30 1014.9           SCILLY
1886 08 16 08 00  56.82   -5.11  997.1      FORTWILLIAM
1886 08 16 09 00  56.82   -5.11  997.8      FORTWILLIAM
1886 08 16 14 00  49.92   -6.30 1016.6           SCILLY
1886 08 16 14 00  56.82   -5.11  998.1      FORTWILLIAM
1886 08 16 18 00  49.92   -6.30 1016.6           SCILLY
1886 08 16 18 00  56.82   -5.11 1000.9      FORTWILLIAM
1886 08 16 21 00  56.82   -5.11 1004.3      FORTWILLIAM
1886 08 17 08 00  49.92   -6.30 1021.3           SCILLY
1886 08 17 08 00  56.82   -5.11 1014.7      FORTWILLIAM
1886 08 17 09 00  56.82   -5.11 1015.5      FORTWILLIAM
1886 08 17 14 00  49.92   -6.30 1022.7           SCILLY
1886 08 17 14 00  56.82   -5.11 1017.1      FORTWILLIAM
1886 08 17 18 00  49.92   -6.30 1023.0           SCILLY
1886 08 17 18 00  56.82   -5.11 1018.0      FORTWILLIAM
1886 08 17 21 00  56.82   -5.11 1019.9      FORTWILLIAM
1886 08 18 08 00  49.92   -6.30 1023.4           SCILLY
1886 08 18 08 00  56.82   -5.11 1020.5      FORTWILLIAM
1886 08 18 09 00  56.82   -5.11 1020.7      FORTWILLIAM
1886 08 18 14 00  49.92   -6.30 1024.7           SCILLY
1886 08 18 14 00  56.82   -5.11 1019.8      FORTWILLIAM
1886 08 18 18 00  49.92   -6.30 1024.4           SCILLY
1886 08 18 18 00  56.82   -5.11 1019.1      FORTWILLIAM
1886 08 18 21 00  56.82   -5.11 1019.0      FORTWILLIAM
1886 08 19 08 00  49.92   -6.30 1026.1           SCILLY
1886 08 19 08 00  56.82   -5.11 1022.4      FORTWILLIAM
1886 08 19 09 00  56.82   -5.11 1023.0      FORTWILLIAM
1886 08 19 14 00  49.92   -6.30 1026.4           SCILLY
1886 08 19 14 00  56.82   -5.11 1022.9      FORTWILLIAM
1886 08 19 18 00  49.92   -6.30 1025.4           SCILLY
1886 08 19 18 00  56.82   -5.11 1023.0      FORTWILLIAM
1886 08 19 21 00  56.82   -5.11 1023.6      FORTWILLIAM
1886 08 20 08 00  49.92   -6.30 1024.4           SCILLY
1886 08 20 08 00  56.82   -5.11 1020.4      FORTWILLIAM
1886 08 20 09 00  56.82   -5.11 1020.4      FORTWILLIAM
1886 08 20 14 00  49.92   -6.30 1024.0           SCILLY
1886 08 20 14 00  56.82   -5.11 1018.4      FORTWILLIAM
1886 08 20 18 00  49.92   -6.30 1022.7           SCILLY
1886 08 20 18 00  56.82   -5.11 1018.6      FORTWILLIAM
1886 08 20 21 00  56.82   -5.11 1018.9      FORTWILLIAM
1886 08 21 08 00  49.92   -6.30 1020.7           SCILLY
1886 08 21 08 00  56.82   -5.11 1021.9      FORTWILLIAM
1886 08 21 09 00  56.82   -5.11 1021.4      FORTWILLIAM
1886 08 21 14 00  49.92   -6.30 1018.6           SCILLY
1886 08 21 14 00  56.82   -5.11 1021.2      FORTWILLIAM
1886 08 21 18 00  49.92   -6.30 1018.3           SCILLY
1886 08 21 18 00  56.82   -5.11 1021.0      FORTWILLIAM
1886 08 21 21 00  56.82   -5.11 1021.6      FORTWILLIAM
1886 08 22 08 00  49.92   -6.30 1016.9           SCILLY
1886 08 22 08 00  56.82   -5.11 1022.2      FORTWILLIAM
1886 08 22 09 00  56.82   -5.11 1022.3      FORTWILLIAM
1886 08 22 14 00  49.92   -6.30 1016.9           SCILLY
1886 08 22 14 00  56.82   -5.11 1020.5      FORTWILLIAM
1886 08 22 18 00  49.92   -6.30 1016.3           SCILLY
1886 08 22 18 00  56.82   -5.11 1019.8      FORTWILLIAM
1886 08 22 21 00  56.82   -5.11 1019.2      FORTWILLIAM
1886 08 23 08 00  49.92   -6.30 1014.9           SCILLY
1886 08 23 08 00  56.82   -5.11 1017.2      FORTWILLIAM
1886 08 23 09 00  56.82   -5.11 1015.9      FORTWILLIAM
1886 08 23 14 00  49.92   -6.30 1014.2           SCILLY
1886 08 23 14 00  56.82   -5.11 1014.0      FORTWILLIAM
1886 08 23 18 00  49.92   -6.30 1013.5           SCILLY
1886 08 23 18 00  56.82   -5.11 1012.9      FORTWILLIAM
1886 08 23 21 00  56.82   -5.11 1012.0      FORTWILLIAM
1886 08 24 08 00  49.92   -6.30 1015.2           SCILLY
1886 08 24 08 00  56.82   -5.11 1010.6      FORTWILLIAM
1886 08 24 09 00  56.82   -5.11 1010.6      FORTWILLIAM
1886 08 24 14 00  49.92   -6.30 1016.3           SCILLY
1886 08 24 14 00  56.82   -5.11 1010.1      FORTWILLIAM
1886 08 24 18 00  49.92   -6.30 1016.3           SCILLY
1886 08 24 18 00  56.82   -5.11 1009.8      FORTWILLIAM
1886 08 24 21 00  56.82   -5.11 1009.0      FORTWILLIAM
1886 08 25 08 00  49.92   -6.30 1017.9           SCILLY
1886 08 25 08 00  56.82   -5.11 1008.5      FORTWILLIAM
1886 08 25 09 00  56.82   -5.11 1008.5      FORTWILLIAM
1886 08 25 14 00  49.92   -6.30 1018.3           SCILLY
1886 08 25 14 00  56.82   -5.11 1007.7      FORTWILLIAM
1886 08 25 18 00  49.92   -6.30 1017.9           SCILLY
1886 08 25 18 00  56.82   -5.11 1006.0      FORTWILLIAM
1886 08 25 21 00  56.82   -5.11 1004.2      FORTWILLIAM
1886 08 26 08 00  49.92   -6.30 1018.3           SCILLY
1886 08 26 08 00  56.82   -5.11 1007.5      FORTWILLIAM
1886 08 26 09 00  56.82   -5.11 1007.2      FORTWILLIAM
1886 08 26 14 00  49.92   -6.30 1019.3           SCILLY
1886 08 26 14 00  56.82   -5.11 1006.2      FORTWILLIAM
1886 08 26 18 00  49.92   -6.30 1019.6           SCILLY
1886 08 26 18 00  56.82   -5.11 1007.8      FORTWILLIAM
1886 08 26 21 00  56.82   -5.11 1010.4      FORTWILLIAM
1886 08 27 08 00  49.92   -6.30 1021.0           SCILLY
1886 08 27 08 00  56.82   -5.11 1016.7      FORTWILLIAM
1886 08 27 09 00  56.82   -5.11 1017.3      FORTWILLIAM
1886 08 27 14 00  49.92   -6.30 1024.7           SCILLY
1886 08 27 14 00  56.82   -5.11 1018.8      FORTWILLIAM
1886 08 27 18 00  49.92   -6.30 1020.7           SCILLY
1886 08 27 18 00  56.82   -5.11 1018.6      FORTWILLIAM
1886 08 27 21 00  56.82   -5.11 1018.2      FORTWILLIAM
1886 08 28 08 00  49.92   -6.30 1017.9           SCILLY
1886 08 28 08 00  56.82   -5.11 1013.5      FORTWILLIAM
1886 08 28 09 00  56.82   -5.11 1013.5      FORTWILLIAM
1886 08 28 14 00  49.92   -6.30 1017.9           SCILLY
1886 08 28 14 00  56.82   -5.11 1010.7      FORTWILLIAM
1886 08 28 18 00  49.92   -6.30 1016.9           SCILLY
1886 08 28 18 00  56.82   -5.11 1009.6      FORTWILLIAM
1886 08 28 21 00  56.82   -5.11 1009.8      FORTWILLIAM
1886 08 29 08 00  49.92   -6.30 1016.6           SCILLY
1886 08 29 08 00  56.82   -5.11 1009.7      FORTWILLIAM
1886 08 29 09 00  56.82   -5.11 1009.9      FORTWILLIAM
1886 08 29 14 00  49.92   -6.30 1016.6           SCILLY
1886 08 29 14 00  56.82   -5.11 1011.1      FORTWILLIAM
1886 08 29 18 00  49.92   -6.30 1015.9           SCILLY
1886 08 29 18 00  56.82   -5.11 1011.2      FORTWILLIAM
1886 08 29 21 00  56.82   -5.11 1010.6      FORTWILLIAM
1886 08 30 08 00  49.92   -6.30 1014.2           SCILLY
1886 08 30 08 00  56.82   -5.11 1008.8      FORTWILLIAM
1886 08 30 09 00  56.82   -5.11 1008.6      FORTWILLIAM
1886 08 30 14 00  49.92   -6.30 1015.2           SCILLY
1886 08 30 14 00  56.82   -5.11 1008.3      FORTWILLIAM
1886 08 30 18 00  49.92   -6.30 1015.6           SCILLY
1886 08 30 18 00  56.82   -5.11 1007.4      FORTWILLIAM
1886 08 30 21 00  56.82   -5.11 1006.6      FORTWILLIAM
1886 08 31 08 00  49.92   -6.30 1016.3           SCILLY
1886 08 31 08 00  56.82   -5.11 1008.8      FORTWILLIAM
1886 08 31 09 00  56.82   -5.11 1009.2      FORTWILLIAM
1886 08 31 14 00  49.92   -6.30 1016.9           SCILLY
1886 08 31 14 00  56.82   -5.11 1011.4      FORTWILLIAM
1886 08 31 18 00  49.92   -6.30 1017.3           SCILLY
1886 08 31 18 00  56.82   -5.11 1012.2      FORTWILLIAM
1886 08 31 21 00  56.82   -5.11 1012.8      FORTWILLIAM
