1888 03 01 08 00  49.92   -6.30 1021.3           SCILLY
1888 03 01 08 00  56.82   -5.11 1034.4      FORTWILLIAM
1888 03 01 09 00  56.82   -5.11 1034.8      FORTWILLIAM
1888 03 01 14 00  49.92   -6.30 1022.0           SCILLY
1888 03 01 14 00  56.82   -5.11 1031.9      FORTWILLIAM
1888 03 01 18 00  49.92   -6.30 1022.0           SCILLY
1888 03 01 18 00  56.82   -5.11 1030.2      FORTWILLIAM
1888 03 01 21 00  56.82   -5.11 1029.4      FORTWILLIAM
1888 03 02 08 00  49.92   -6.30 1023.0           SCILLY
1888 03 02 08 00  56.82   -5.11 1023.3      FORTWILLIAM
1888 03 02 09 00  56.82   -5.11 1022.0      FORTWILLIAM
1888 03 02 14 00  49.92   -6.30 1022.0           SCILLY
1888 03 02 14 00  56.82   -5.11 1017.8      FORTWILLIAM
1888 03 02 18 00  49.92   -6.30 1020.3           SCILLY
1888 03 02 18 00  56.82   -5.11 1016.1      FORTWILLIAM
1888 03 02 21 00  56.82   -5.11 1017.1      FORTWILLIAM
1888 03 03 08 00  49.92   -6.30 1016.9           SCILLY
1888 03 03 08 00  56.82   -5.11 1021.0      FORTWILLIAM
1888 03 03 09 00  56.82   -5.11 1021.1      FORTWILLIAM
1888 03 03 14 00  49.92   -6.30 1017.9           SCILLY
1888 03 03 14 00  56.82   -5.11 1021.1      FORTWILLIAM
1888 03 03 18 00  49.92   -6.30 1018.6           SCILLY
1888 03 03 18 00  56.82   -5.11 1020.1      FORTWILLIAM
1888 03 03 21 00  56.82   -5.11 1018.9      FORTWILLIAM
1888 03 04 08 00  49.92   -6.30 1018.6           SCILLY
1888 03 04 08 00  56.82   -5.11 1013.8      FORTWILLIAM
1888 03 04 09 00  56.82   -5.11 1013.8      FORTWILLIAM
1888 03 04 14 00  49.92   -6.30 1018.3           SCILLY
1888 03 04 14 00  56.82   -5.11 1014.1      FORTWILLIAM
1888 03 04 18 00  49.92   -6.30 1018.3           SCILLY
1888 03 04 18 00  56.82   -5.11 1014.8      FORTWILLIAM
1888 03 04 21 00  56.82   -5.11 1015.6      FORTWILLIAM
1888 03 05 08 00  49.92   -6.30 1020.0           SCILLY
1888 03 05 08 00  56.82   -5.11 1015.1      FORTWILLIAM
1888 03 05 09 00  56.82   -5.11 1014.7      FORTWILLIAM
1888 03 05 14 00  49.92   -6.30 1020.7           SCILLY
1888 03 05 14 00  56.82   -5.11 1011.1      FORTWILLIAM
1888 03 05 18 00  49.92   -6.30 1020.3           SCILLY
1888 03 05 18 00  56.82   -5.11 1009.2      FORTWILLIAM
1888 03 05 21 00  56.82   -5.11 1009.0      FORTWILLIAM
1888 03 06 08 00  49.92   -6.30 1021.0           SCILLY
1888 03 06 08 00  56.82   -5.11 1010.9      FORTWILLIAM
1888 03 06 09 00  56.82   -5.11 1010.8      FORTWILLIAM
1888 03 06 14 00  49.92   -6.30 1022.4           SCILLY
1888 03 06 14 00  56.82   -5.11 1010.1      FORTWILLIAM
1888 03 06 18 00  49.92   -6.30 1023.0           SCILLY
1888 03 06 18 00  56.82   -5.11 1010.2      FORTWILLIAM
1888 03 06 21 00  56.82   -5.11 1009.7      FORTWILLIAM
1888 03 07 08 00  49.92   -6.30 1020.7           SCILLY
1888 03 07 08 00  56.82   -5.11 1000.8      FORTWILLIAM
1888 03 07 09 00  56.82   -5.11 1000.5      FORTWILLIAM
1888 03 07 14 00  49.92   -6.30 1018.3           SCILLY
1888 03 07 14 00  56.82   -5.11 1000.8      FORTWILLIAM
1888 03 07 18 00  49.92   -6.30 1015.2           SCILLY
1888 03 07 18 00  56.82   -5.11 1000.5      FORTWILLIAM
1888 03 07 21 00  56.82   -5.11  999.9      FORTWILLIAM
1888 03 08 08 00  49.92   -6.30 1007.5           SCILLY
1888 03 08 08 00  56.82   -5.11  994.4      FORTWILLIAM
1888 03 08 09 00  56.82   -5.11  994.2      FORTWILLIAM
1888 03 08 14 00  49.92   -6.30 1005.8           SCILLY
1888 03 08 14 00  56.82   -5.11  990.1      FORTWILLIAM
1888 03 08 18 00  49.92   -6.30 1004.7           SCILLY
1888 03 08 18 00  56.82   -5.11  986.2      FORTWILLIAM
1888 03 08 21 00  56.82   -5.11  985.2      FORTWILLIAM
1888 03 09 08 00  49.92   -6.30  997.3           SCILLY
1888 03 09 08 00  56.82   -5.11  980.4      FORTWILLIAM
1888 03 09 09 00  56.82   -5.11  979.9      FORTWILLIAM
1888 03 09 14 00  49.92   -6.30  995.6           SCILLY
1888 03 09 14 00  56.82   -5.11  978.0      FORTWILLIAM
1888 03 09 18 00  49.92   -6.30  995.6           SCILLY
1888 03 09 18 00  56.82   -5.11  977.2      FORTWILLIAM
1888 03 09 21 00  56.82   -5.11  978.4      FORTWILLIAM
1888 03 10 08 00  49.92   -6.30  996.6           SCILLY
1888 03 10 08 00  56.82   -5.11  985.7      FORTWILLIAM
1888 03 10 09 00  56.82   -5.11  986.3      FORTWILLIAM
1888 03 10 14 00  49.92   -6.30  998.6           SCILLY
1888 03 10 14 00  56.82   -5.11  989.3      FORTWILLIAM
1888 03 10 18 00  49.92   -6.30  999.7           SCILLY
1888 03 10 18 00  56.82   -5.11  991.0      FORTWILLIAM
1888 03 10 21 00  56.82   -5.11  992.0      FORTWILLIAM
1888 03 11 08 00  49.92   -6.30  982.7           SCILLY
1888 03 11 08 00  56.82   -5.11  989.0      FORTWILLIAM
1888 03 11 09 00  56.82   -5.11  988.8      FORTWILLIAM
1888 03 11 14 00  49.92   -6.30  993.6           SCILLY
1888 03 11 14 00  56.82   -5.11  988.1      FORTWILLIAM
1888 03 11 18 00  49.92   -6.30  994.6           SCILLY
1888 03 11 18 00  56.82   -5.11  989.7      FORTWILLIAM
1888 03 11 21 00  56.82   -5.11  991.1      FORTWILLIAM
1888 03 12 08 00  49.92   -6.30  994.2           SCILLY
1888 03 12 08 00  56.82   -5.11  998.6      FORTWILLIAM
1888 03 12 09 00  56.82   -5.11  999.6      FORTWILLIAM
1888 03 12 14 00  49.92   -6.30  994.9           SCILLY
1888 03 12 14 00  56.82   -5.11 1001.3      FORTWILLIAM
1888 03 12 18 00  49.92   -6.30  994.2           SCILLY
1888 03 12 18 00  56.82   -5.11 1003.2      FORTWILLIAM
1888 03 12 21 00  56.82   -5.11 1004.3      FORTWILLIAM
1888 03 13 08 00  49.92   -6.30  995.9           SCILLY
1888 03 13 08 00  56.82   -5.11 1005.1      FORTWILLIAM
1888 03 13 09 00  56.82   -5.11 1004.9      FORTWILLIAM
1888 03 13 14 00  49.92   -6.30  993.9           SCILLY
1888 03 13 14 00  56.82   -5.11 1002.0      FORTWILLIAM
1888 03 13 18 00  49.92   -6.30  992.6           SCILLY
1888 03 13 18 00  56.82   -5.11  999.5      FORTWILLIAM
1888 03 13 21 00  56.82   -5.11  997.4      FORTWILLIAM
1888 03 14 08 00  49.92   -6.30  990.5           SCILLY
1888 03 14 08 00  56.82   -5.11  991.5      FORTWILLIAM
1888 03 14 09 00  56.82   -5.11  991.7      FORTWILLIAM
1888 03 14 14 00  49.92   -6.30  990.2           SCILLY
1888 03 14 14 00  56.82   -5.11  990.9      FORTWILLIAM
1888 03 14 18 00  49.92   -6.30  988.8           SCILLY
1888 03 14 18 00  56.82   -5.11  990.9      FORTWILLIAM
1888 03 14 21 00  56.82   -5.11  991.7      FORTWILLIAM
1888 03 15 08 00  49.92   -6.30  987.8           SCILLY
1888 03 15 08 00  56.82   -5.11  994.7      FORTWILLIAM
1888 03 15 09 00  56.82   -5.11  995.1      FORTWILLIAM
1888 03 15 14 00  49.92   -6.30  988.5           SCILLY
1888 03 15 14 00  56.82   -5.11  997.7      FORTWILLIAM
1888 03 15 18 00  49.92   -6.30  989.8           SCILLY
1888 03 15 18 00  56.82   -5.11 1000.5      FORTWILLIAM
1888 03 15 21 00  56.82   -5.11 1001.4      FORTWILLIAM
1888 03 16 08 00  49.92   -6.30  994.6           SCILLY
1888 03 16 08 00  56.82   -5.11 1009.2      FORTWILLIAM
1888 03 16 09 00  56.82   -5.11 1009.4      FORTWILLIAM
1888 03 16 14 00  49.92   -6.30 1000.7           SCILLY
1888 03 16 14 00  56.82   -5.11 1010.7      FORTWILLIAM
1888 03 16 18 00  49.92   -6.30 1004.4           SCILLY
1888 03 16 18 00  56.82   -5.11 1012.1      FORTWILLIAM
1888 03 16 21 00  56.82   -5.11 1013.6      FORTWILLIAM
1888 03 17 08 00  49.92   -6.30 1014.6           SCILLY
1888 03 17 08 00  56.82   -5.11 1016.6      FORTWILLIAM
1888 03 17 09 00  56.82   -5.11 1016.9      FORTWILLIAM
1888 03 17 14 00  49.92   -6.30 1017.3           SCILLY
1888 03 17 14 00  56.82   -5.11 1017.8      FORTWILLIAM
1888 03 17 18 00  49.92   -6.30 1019.6           SCILLY
1888 03 17 18 00  56.82   -5.11 1020.8      FORTWILLIAM
1888 03 17 21 00  56.82   -5.11 1022.6      FORTWILLIAM
1888 03 18 08 00  49.92   -6.30 1022.7           SCILLY
1888 03 18 08 00  56.82   -5.11 1029.7      FORTWILLIAM
1888 03 18 09 00  56.82   -5.11 1029.8      FORTWILLIAM
1888 03 18 14 00  49.92   -6.30 1023.4           SCILLY
1888 03 18 14 00  56.82   -5.11 1029.4      FORTWILLIAM
1888 03 18 18 00  49.92   -6.30 1023.4           SCILLY
1888 03 18 18 00  56.82   -5.11 1030.8      FORTWILLIAM
1888 03 18 21 00  56.82   -5.11 1032.3      FORTWILLIAM
1888 03 19 08 00  49.92   -6.30 1021.7           SCILLY
1888 03 19 08 00  56.82   -5.11 1032.9      FORTWILLIAM
1888 03 19 09 00  56.82   -5.11 1032.5      FORTWILLIAM
1888 03 19 14 00  49.92   -6.30 1020.0           SCILLY
1888 03 19 14 00  56.82   -5.11 1029.2      FORTWILLIAM
1888 03 19 18 00  49.92   -6.30 1019.6           SCILLY
1888 03 19 18 00  56.82   -5.11 1027.4      FORTWILLIAM
1888 03 19 21 00  56.82   -5.11 1027.8      FORTWILLIAM
1888 03 20 08 00  49.92   -6.30 1018.6           SCILLY
1888 03 20 08 00  56.82   -5.11 1028.9      FORTWILLIAM
1888 03 20 09 00  56.82   -5.11 1029.3      FORTWILLIAM
1888 03 20 14 00  49.92   -6.30 1019.3           SCILLY
1888 03 20 14 00  56.82   -5.11 1027.9      FORTWILLIAM
1888 03 20 18 00  49.92   -6.30 1020.7           SCILLY
1888 03 20 18 00  56.82   -5.11 1028.8      FORTWILLIAM
1888 03 20 21 00  56.82   -5.11 1031.0      FORTWILLIAM
1888 03 21 08 00  49.92   -6.30 1027.4           SCILLY
1888 03 21 08 00  56.82   -5.11 1030.7      FORTWILLIAM
1888 03 21 09 00  56.82   -5.11 1030.5      FORTWILLIAM
1888 03 21 14 00  49.92   -6.30 1026.8           SCILLY
1888 03 21 14 00  56.82   -5.11 1026.9      FORTWILLIAM
1888 03 21 18 00  49.92   -6.30 1026.4           SCILLY
1888 03 21 18 00  56.82   -5.11 1023.7      FORTWILLIAM
1888 03 21 21 00  56.82   -5.11 1020.3      FORTWILLIAM
1888 03 22 08 00  49.92   -6.30 1020.3           SCILLY
1888 03 22 08 00  56.82   -5.11 1010.8      FORTWILLIAM
1888 03 22 09 00  56.82   -5.11 1010.1      FORTWILLIAM
1888 03 22 14 00  49.92   -6.30 1012.2           SCILLY
1888 03 22 14 00  56.82   -5.11 1007.4      FORTWILLIAM
1888 03 22 18 00  49.92   -6.30 1007.1           SCILLY
1888 03 22 18 00  56.82   -5.11 1006.3      FORTWILLIAM
1888 03 22 21 00  56.82   -5.11 1005.4      FORTWILLIAM
1888 03 23 08 00  49.92   -6.30 1000.3           SCILLY
1888 03 23 08 00  56.82   -5.11 1003.1      FORTWILLIAM
1888 03 23 09 00  56.82   -5.11 1002.9      FORTWILLIAM
1888 03 23 14 00  49.92   -6.30  996.6           SCILLY
1888 03 23 14 00  56.82   -5.11  999.7      FORTWILLIAM
1888 03 23 18 00  49.92   -6.30  995.3           SCILLY
1888 03 23 18 00  56.82   -5.11  996.6      FORTWILLIAM
1888 03 23 21 00  56.82   -5.11  996.1      FORTWILLIAM
1888 03 24 08 00  49.92   -6.30  992.2           SCILLY
1888 03 24 08 00  56.82   -5.11  995.9      FORTWILLIAM
1888 03 24 09 00  56.82   -5.11  995.9      FORTWILLIAM
1888 03 24 14 00  49.92   -6.30  990.9           SCILLY
1888 03 24 14 00  56.82   -5.11  997.0      FORTWILLIAM
1888 03 24 18 00  49.92   -6.30  991.5           SCILLY
1888 03 24 18 00  56.82   -5.11  999.5      FORTWILLIAM
1888 03 24 21 00  56.82   -5.11  998.3      FORTWILLIAM
1888 03 25 08 00  49.92   -6.30  989.8           SCILLY
1888 03 25 08 00  56.82   -5.11  989.2      FORTWILLIAM
1888 03 25 09 00  56.82   -5.11  988.0      FORTWILLIAM
1888 03 25 14 00  49.92   -6.30  987.5           SCILLY
1888 03 25 14 00  56.82   -5.11  983.3      FORTWILLIAM
1888 03 25 18 00  49.92   -6.30  986.8           SCILLY
1888 03 25 18 00  56.82   -5.11  981.8      FORTWILLIAM
1888 03 25 21 00  56.82   -5.11  982.3      FORTWILLIAM
1888 03 26 08 00  49.92   -6.30  983.7           SCILLY
1888 03 26 08 00  56.82   -5.11  983.7      FORTWILLIAM
1888 03 26 09 00  56.82   -5.11  983.7      FORTWILLIAM
1888 03 26 14 00  49.92   -6.30  984.4           SCILLY
1888 03 26 14 00  56.82   -5.11  984.2      FORTWILLIAM
1888 03 26 18 00  49.92   -6.30  984.1           SCILLY
1888 03 26 18 00  56.82   -5.11  984.0      FORTWILLIAM
1888 03 26 21 00  56.82   -5.11  983.6      FORTWILLIAM
1888 03 27 08 00  49.92   -6.30  985.1           SCILLY
1888 03 27 08 00  56.82   -5.11  979.2      FORTWILLIAM
1888 03 27 09 00  56.82   -5.11  978.2      FORTWILLIAM
1888 03 27 14 00  49.92   -6.30  984.4           SCILLY
1888 03 27 14 00  56.82   -5.11  976.6      FORTWILLIAM
1888 03 27 18 00  49.92   -6.30  981.7           SCILLY
1888 03 27 18 00  56.82   -5.11  978.1      FORTWILLIAM
1888 03 27 21 00  56.82   -5.11  979.8      FORTWILLIAM
1888 03 28 08 00  49.92   -6.30  961.4           SCILLY
1888 03 28 08 00  56.82   -5.11  983.6      FORTWILLIAM
1888 03 28 09 00  56.82   -5.11  983.5      FORTWILLIAM
1888 03 28 14 00  49.92   -6.30  961.7           SCILLY
1888 03 28 14 00  56.82   -5.11  982.8      FORTWILLIAM
1888 03 28 18 00  49.92   -6.30  961.4           SCILLY
1888 03 28 18 00  56.82   -5.11  983.8      FORTWILLIAM
1888 03 28 21 00  56.82   -5.11  983.6      FORTWILLIAM
1888 03 29 08 00  49.92   -6.30  970.9           SCILLY
1888 03 29 08 00  56.82   -5.11  984.7      FORTWILLIAM
1888 03 29 09 00  56.82   -5.11  984.6      FORTWILLIAM
1888 03 29 14 00  49.92   -6.30  980.0           SCILLY
1888 03 29 14 00  56.82   -5.11  986.5      FORTWILLIAM
1888 03 29 18 00  49.92   -6.30  984.4           SCILLY
1888 03 29 18 00  56.82   -5.11  987.8      FORTWILLIAM
1888 03 29 21 00  56.82   -5.11  989.2      FORTWILLIAM
1888 03 30 08 00  49.92   -6.30  995.3           SCILLY
1888 03 30 08 00  56.82   -5.11  995.6      FORTWILLIAM
1888 03 30 09 00  56.82   -5.11  996.2      FORTWILLIAM
1888 03 30 14 00  49.92   -6.30 1001.0           SCILLY
1888 03 30 14 00  56.82   -5.11  998.4      FORTWILLIAM
1888 03 30 18 00  49.92   -6.30 1003.4           SCILLY
1888 03 30 18 00  56.82   -5.11 1001.7      FORTWILLIAM
1888 03 30 21 00  56.82   -5.11 1004.6      FORTWILLIAM
1888 03 31 08 00  49.92   -6.30 1008.5           SCILLY
1888 03 31 08 00  56.82   -5.11 1012.3      FORTWILLIAM
1888 03 31 09 00  56.82   -5.11 1012.8      FORTWILLIAM
1888 03 31 14 00  49.92   -6.30 1010.5           SCILLY
1888 03 31 14 00  56.82   -5.11 1015.0      FORTWILLIAM
1888 03 31 18 00  49.92   -6.30 1010.8           SCILLY
1888 03 31 18 00  56.82   -5.11 1017.0      FORTWILLIAM
1888 03 31 21 00  56.82   -5.11 1019.2      FORTWILLIAM
