1886 05 01 08 00  49.92   -6.30 1023.4           SCILLY
1886 05 01 08 00  56.82   -5.11 1025.3      FORTWILLIAM
1886 05 01 09 00  56.82   -5.11 1025.0      FORTWILLIAM
1886 05 01 14 00  49.92   -6.30 1024.0           SCILLY
1886 05 01 14 00  56.82   -5.11 1024.7      FORTWILLIAM
1886 05 01 18 00  49.92   -6.30 1023.4           SCILLY
1886 05 01 18 00  56.82   -5.11 1024.0      FORTWILLIAM
1886 05 01 21 00  56.82   -5.11 1025.1      FORTWILLIAM
1886 05 02 08 00  49.92   -6.30 1022.4           SCILLY
1886 05 02 08 00  56.82   -5.11 1024.0      FORTWILLIAM
1886 05 02 09 00  56.82   -5.11 1023.8      FORTWILLIAM
1886 05 02 14 00  49.92   -6.30 1022.7           SCILLY
1886 05 02 14 00  56.82   -5.11 1022.1      FORTWILLIAM
1886 05 02 18 00  49.92   -6.30 1023.4           SCILLY
1886 05 02 18 00  56.82   -5.11 1021.0      FORTWILLIAM
1886 05 02 21 00  56.82   -5.11 1020.7      FORTWILLIAM
1886 05 03 08 00  49.92   -6.30 1025.7           SCILLY
1886 05 03 08 00  56.82   -5.11 1021.2      FORTWILLIAM
1886 05 03 09 00  56.82   -5.11 1021.6      FORTWILLIAM
1886 05 03 14 00  49.92   -6.30 1026.4           SCILLY
1886 05 03 14 00  56.82   -5.11 1022.9      FORTWILLIAM
1886 05 03 18 00  49.92   -6.30 1025.7           SCILLY
1886 05 03 18 00  56.82   -5.11 1022.7      FORTWILLIAM
1886 05 03 21 00  56.82   -5.11 1022.8      FORTWILLIAM
1886 05 04 08 00  49.92   -6.30 1026.8           SCILLY
1886 05 04 08 00  56.82   -5.11 1020.9      FORTWILLIAM
1886 05 04 09 00  56.82   -5.11 1021.1      FORTWILLIAM
1886 05 04 14 00  49.92   -6.30 1028.4           SCILLY
1886 05 04 14 00  56.82   -5.11 1022.8      FORTWILLIAM
1886 05 04 18 00  49.92   -6.30 1028.4           SCILLY
1886 05 04 18 00  56.82   -5.11 1022.9      FORTWILLIAM
1886 05 04 21 00  56.82   -5.11 1024.0      FORTWILLIAM
1886 05 05 08 00  49.92   -6.30 1029.8           SCILLY
1886 05 05 08 00  56.82   -5.11 1026.3      FORTWILLIAM
1886 05 05 09 00  56.82   -5.11 1026.3      FORTWILLIAM
1886 05 05 14 00  49.92   -6.30 1029.8           SCILLY
1886 05 05 14 00  56.82   -5.11 1026.0      FORTWILLIAM
1886 05 05 18 00  49.92   -6.30 1028.8           SCILLY
1886 05 05 18 00  56.82   -5.11 1025.2      FORTWILLIAM
1886 05 05 21 00  56.82   -5.11 1024.9      FORTWILLIAM
1886 05 06 08 00  49.92   -6.30 1026.4           SCILLY
1886 05 06 08 00  56.82   -5.11 1025.0      FORTWILLIAM
1886 05 06 09 00  56.82   -5.11 1025.3      FORTWILLIAM
1886 05 06 14 00  49.92   -6.30 1025.4           SCILLY
1886 05 06 14 00  56.82   -5.11 1024.7      FORTWILLIAM
1886 05 06 18 00  49.92   -6.30 1023.7           SCILLY
1886 05 06 18 00  56.82   -5.11 1022.6      FORTWILLIAM
1886 05 06 21 00  56.82   -5.11 1022.4      FORTWILLIAM
1886 05 07 08 00  49.92   -6.30 1019.0           SCILLY
1886 05 07 08 00  56.82   -5.11 1019.7      FORTWILLIAM
1886 05 07 09 00  56.82   -5.11 1019.7      FORTWILLIAM
1886 05 07 14 00  49.92   -6.30 1018.3           SCILLY
1886 05 07 14 00  56.82   -5.11 1019.4      FORTWILLIAM
1886 05 07 18 00  49.92   -6.30 1016.9           SCILLY
1886 05 07 18 00  56.82   -5.11 1020.0      FORTWILLIAM
1886 05 07 21 00  56.82   -5.11 1020.0      FORTWILLIAM
1886 05 08 08 00  49.92   -6.30 1015.2           SCILLY
1886 05 08 08 00  56.82   -5.11 1020.5      FORTWILLIAM
1886 05 08 09 00  56.82   -5.11 1020.6      FORTWILLIAM
1886 05 08 14 00  49.92   -6.30 1015.2           SCILLY
1886 05 08 14 00  56.82   -5.11 1019.7      FORTWILLIAM
1886 05 08 18 00  49.92   -6.30 1015.6           SCILLY
1886 05 08 18 00  56.82   -5.11 1019.2      FORTWILLIAM
1886 05 08 21 00  56.82   -5.11 1019.2      FORTWILLIAM
1886 05 09 08 00  49.92   -6.30 1014.9           SCILLY
1886 05 09 08 00  56.82   -5.11 1017.7      FORTWILLIAM
1886 05 09 09 00  56.82   -5.11 1017.7      FORTWILLIAM
1886 05 09 14 00  49.92   -6.30 1013.2           SCILLY
1886 05 09 14 00  56.82   -5.11 1016.1      FORTWILLIAM
1886 05 09 18 00  49.92   -6.30 1011.5           SCILLY
1886 05 09 18 00  56.82   -5.11 1014.9      FORTWILLIAM
1886 05 09 21 00  56.82   -5.11 1014.6      FORTWILLIAM
1886 05 10 08 00  49.92   -6.30 1010.2           SCILLY
1886 05 10 08 00  56.82   -5.11 1013.0      FORTWILLIAM
1886 05 10 09 00  56.82   -5.11 1013.3      FORTWILLIAM
1886 05 10 14 00  49.92   -6.30 1011.5           SCILLY
1886 05 10 14 00  56.82   -5.11 1012.4      FORTWILLIAM
1886 05 10 18 00  49.92   -6.30 1011.9           SCILLY
1886 05 10 18 00  56.82   -5.11 1012.7      FORTWILLIAM
1886 05 10 21 00  56.82   -5.11 1013.2      FORTWILLIAM
1886 05 11 08 00  49.92   -6.30 1012.2           SCILLY
1886 05 11 08 00  56.82   -5.11 1014.7      FORTWILLIAM
1886 05 11 09 00  56.82   -5.11 1014.6      FORTWILLIAM
1886 05 11 14 00  49.92   -6.30 1011.2           SCILLY
1886 05 11 14 00  56.82   -5.11 1014.7      FORTWILLIAM
1886 05 11 18 00  49.92   -6.30 1007.1           SCILLY
1886 05 11 18 00  56.82   -5.11 1014.8      FORTWILLIAM
1886 05 11 21 00  56.82   -5.11 1015.2      FORTWILLIAM
1886 05 12 08 00  49.92   -6.30  998.3           SCILLY
1886 05 12 08 00  56.82   -5.11 1014.1      FORTWILLIAM
1886 05 12 09 00  56.82   -5.11 1013.0      FORTWILLIAM
1886 05 12 14 00  49.92   -6.30  995.6           SCILLY
1886 05 12 14 00  56.82   -5.11 1009.6      FORTWILLIAM
1886 05 12 18 00  49.92   -6.30  993.2           SCILLY
1886 05 12 18 00  56.82   -5.11 1007.7      FORTWILLIAM
1886 05 12 21 00  56.82   -5.11 1007.5      FORTWILLIAM
1886 05 13 08 00  49.92   -6.30  987.5           SCILLY
1886 05 13 08 00  56.82   -5.11 1004.7      FORTWILLIAM
1886 05 13 09 00  56.82   -5.11 1004.3      FORTWILLIAM
1886 05 13 14 00  49.92   -6.30  987.5           SCILLY
1886 05 13 14 00  56.82   -5.11 1003.6      FORTWILLIAM
1886 05 13 18 00  49.92   -6.30  988.1           SCILLY
1886 05 13 18 00  56.82   -5.11 1002.7      FORTWILLIAM
1886 05 13 21 00  56.82   -5.11 1001.5      FORTWILLIAM
1886 05 14 08 00  49.92   -6.30  997.0           SCILLY
1886 05 14 08 00  56.82   -5.11 1001.1      FORTWILLIAM
1886 05 14 09 00  56.82   -5.11 1001.1      FORTWILLIAM
1886 05 14 14 00  49.92   -6.30 1003.4           SCILLY
1886 05 14 14 00  56.82   -5.11  999.4      FORTWILLIAM
1886 05 14 18 00  49.92   -6.30 1006.4           SCILLY
1886 05 14 18 00  56.82   -5.11  999.2      FORTWILLIAM
1886 05 14 21 00  56.82   -5.11 1000.4      FORTWILLIAM
1886 05 15 08 00  49.92   -6.30 1013.9           SCILLY
1886 05 15 08 00  56.82   -5.11 1001.8      FORTWILLIAM
1886 05 15 09 00  56.82   -5.11 1002.2      FORTWILLIAM
1886 05 15 14 00  49.92   -6.30 1017.6           SCILLY
1886 05 15 14 00  56.82   -5.11 1005.4      FORTWILLIAM
1886 05 15 18 00  49.92   -6.30 1017.9           SCILLY
1886 05 15 18 00  56.82   -5.11 1007.2      FORTWILLIAM
1886 05 15 21 00  56.82   -5.11 1008.2      FORTWILLIAM
1886 05 16 08 00  49.92   -6.30 1014.2           SCILLY
1886 05 16 08 00  56.82   -5.11 1001.6      FORTWILLIAM
1886 05 16 09 00  56.82   -5.11 1001.3      FORTWILLIAM
1886 05 16 14 00  49.92   -6.30 1013.5           SCILLY
1886 05 16 14 00  56.82   -5.11  999.3      FORTWILLIAM
1886 05 16 18 00  49.92   -6.30 1013.5           SCILLY
1886 05 16 18 00  56.82   -5.11  999.4      FORTWILLIAM
1886 05 16 21 00  56.82   -5.11 1000.7      FORTWILLIAM
1886 05 17 08 00  49.92   -6.30 1007.1           SCILLY
1886 05 17 08 00  56.82   -5.11 1000.7      FORTWILLIAM
1886 05 17 09 00  56.82   -5.11 1000.6      FORTWILLIAM
1886 05 17 14 00  49.92   -6.30 1002.7           SCILLY
1886 05 17 14 00  56.82   -5.11  996.9      FORTWILLIAM
1886 05 17 18 00  49.92   -6.30 1004.7           SCILLY
1886 05 17 18 00  56.82   -5.11  988.3      FORTWILLIAM
1886 05 17 21 00  56.82   -5.11  985.9      FORTWILLIAM
1886 05 18 08 00  49.92   -6.30 1003.7           SCILLY
1886 05 18 08 00  56.82   -5.11  991.0      FORTWILLIAM
1886 05 18 09 00  56.82   -5.11  991.5      FORTWILLIAM
1886 05 18 14 00  49.92   -6.30 1006.1           SCILLY
1886 05 18 14 00  56.82   -5.11  994.3      FORTWILLIAM
1886 05 18 18 00  49.92   -6.30 1007.8           SCILLY
1886 05 18 18 00  56.82   -5.11  996.1      FORTWILLIAM
1886 05 18 21 00  56.82   -5.11  998.3      FORTWILLIAM
1886 05 19 08 00  49.92   -6.30 1014.6           SCILLY
1886 05 19 08 00  56.82   -5.11 1009.4      FORTWILLIAM
1886 05 19 09 00  56.82   -5.11 1010.2      FORTWILLIAM
1886 05 19 14 00  49.92   -6.30 1012.2           SCILLY
1886 05 19 14 00  56.82   -5.11 1012.9      FORTWILLIAM
1886 05 19 18 00  49.92   -6.30 1011.2           SCILLY
1886 05 19 18 00  56.82   -5.11 1015.1      FORTWILLIAM
1886 05 19 21 00  56.82   -5.11 1016.4      FORTWILLIAM
1886 05 20 08 00  49.92   -6.30 1008.8           SCILLY
1886 05 20 08 00  56.82   -5.11 1019.0      FORTWILLIAM
1886 05 20 09 00  56.82   -5.11 1018.6      FORTWILLIAM
1886 05 20 14 00  49.92   -6.30 1009.8           SCILLY
1886 05 20 14 00  56.82   -5.11 1016.3      FORTWILLIAM
1886 05 20 18 00  49.92   -6.30 1011.5           SCILLY
1886 05 20 18 00  56.82   -5.11 1015.5      FORTWILLIAM
1886 05 20 21 00  56.82   -5.11 1015.6      FORTWILLIAM
1886 05 21 08 00  49.92   -6.30 1020.7           SCILLY
1886 05 21 08 00  56.82   -5.11 1016.3      FORTWILLIAM
1886 05 21 09 00  56.82   -5.11 1016.3      FORTWILLIAM
1886 05 21 14 00  49.92   -6.30 1022.4           SCILLY
1886 05 21 14 00  56.82   -5.11 1019.3      FORTWILLIAM
1886 05 21 18 00  49.92   -6.30 1023.0           SCILLY
1886 05 21 18 00  56.82   -5.11 1021.8      FORTWILLIAM
1886 05 21 21 00  56.82   -5.11 1023.7      FORTWILLIAM
1886 05 22 08 00  49.92   -6.30 1020.7           SCILLY
1886 05 22 08 00  56.82   -5.11 1024.8      FORTWILLIAM
1886 05 22 09 00  56.82   -5.11 1024.6      FORTWILLIAM
1886 05 22 14 00  49.92   -6.30 1019.6           SCILLY
1886 05 22 14 00  56.82   -5.11 1022.9      FORTWILLIAM
1886 05 22 18 00  49.92   -6.30 1019.6           SCILLY
1886 05 22 18 00  56.82   -5.11 1022.6      FORTWILLIAM
1886 05 22 21 00  56.82   -5.11 1022.4      FORTWILLIAM
1886 05 23 08 00  49.92   -6.30 1018.6           SCILLY
1886 05 23 08 00  56.82   -5.11 1021.4      FORTWILLIAM
1886 05 23 09 00  56.82   -5.11 1021.4      FORTWILLIAM
1886 05 23 14 00  49.92   -6.30 1018.6           SCILLY
1886 05 23 14 00  56.82   -5.11 1016.9      FORTWILLIAM
1886 05 23 18 00  49.92   -6.30 1018.3           SCILLY
1886 05 23 18 00  56.82   -5.11 1017.0      FORTWILLIAM
1886 05 23 21 00  56.82   -5.11 1016.9      FORTWILLIAM
1886 05 24 08 00  49.92   -6.30 1015.9           SCILLY
1886 05 24 08 00  56.82   -5.11 1013.2      FORTWILLIAM
1886 05 24 09 00  56.82   -5.11 1013.0      FORTWILLIAM
1886 05 24 14 00  49.92   -6.30 1014.6           SCILLY
1886 05 24 14 00  56.82   -5.11 1010.1      FORTWILLIAM
1886 05 24 18 00  49.92   -6.30 1013.2           SCILLY
1886 05 24 18 00  56.82   -5.11 1007.8      FORTWILLIAM
1886 05 24 21 00  56.82   -5.11 1006.2      FORTWILLIAM
1886 05 25 08 00  49.92   -6.30 1007.5           SCILLY
1886 05 25 08 00  56.82   -5.11  999.4      FORTWILLIAM
1886 05 25 09 00  56.82   -5.11  998.8      FORTWILLIAM
1886 05 25 14 00  49.92   -6.30 1005.4           SCILLY
1886 05 25 14 00  56.82   -5.11  997.0      FORTWILLIAM
1886 05 25 18 00  49.92   -6.30 1004.7           SCILLY
1886 05 25 18 00  56.82   -5.11  995.9      FORTWILLIAM
1886 05 25 21 00  56.82   -5.11  995.8      FORTWILLIAM
1886 05 26 08 00  49.92   -6.30 1003.7           SCILLY
1886 05 26 08 00  56.82   -5.11  996.3      FORTWILLIAM
1886 05 26 09 00  56.82   -5.11  996.3      FORTWILLIAM
1886 05 26 14 00  49.92   -6.30 1002.7           SCILLY
1886 05 26 14 00  56.82   -5.11  997.2      FORTWILLIAM
1886 05 26 18 00  49.92   -6.30 1001.7           SCILLY
1886 05 26 18 00  56.82   -5.11  998.1      FORTWILLIAM
1886 05 26 21 00  56.82   -5.11  999.3      FORTWILLIAM
1886 05 27 08 00  49.92   -6.30  996.3           SCILLY
1886 05 27 08 00  56.82   -5.11 1001.1      FORTWILLIAM
1886 05 27 09 00  56.82   -5.11 1000.9      FORTWILLIAM
1886 05 27 14 00  49.92   -6.30  993.6           SCILLY
1886 05 27 14 00  56.82   -5.11  999.2      FORTWILLIAM
1886 05 27 18 00  49.92   -6.30  996.3           SCILLY
1886 05 27 18 00  56.82   -5.11  994.6      FORTWILLIAM
1886 05 27 21 00  56.82   -5.11  994.1      FORTWILLIAM
1886 05 28 08 00  49.92   -6.30 1004.4           SCILLY
1886 05 28 08 00  56.82   -5.11  989.8      FORTWILLIAM
1886 05 28 09 00  56.82   -5.11  989.7      FORTWILLIAM
1886 05 28 14 00  49.92   -6.30 1006.1           SCILLY
1886 05 28 14 00  56.82   -5.11  990.3      FORTWILLIAM
1886 05 28 18 00  49.92   -6.30 1006.4           SCILLY
1886 05 28 18 00  56.82   -5.11  993.4      FORTWILLIAM
1886 05 28 21 00  56.82   -5.11  995.7      FORTWILLIAM
1886 05 29 08 00  49.92   -6.30 1008.1           SCILLY
1886 05 29 08 00  56.82   -5.11 1003.8      FORTWILLIAM
1886 05 29 09 00  56.82   -5.11 1004.3      FORTWILLIAM
1886 05 29 14 00  49.92   -6.30 1009.8           SCILLY
1886 05 29 14 00  56.82   -5.11 1007.1      FORTWILLIAM
1886 05 29 18 00  49.92   -6.30 1010.2           SCILLY
1886 05 29 18 00  56.82   -5.11 1009.5      FORTWILLIAM
1886 05 29 21 00  56.82   -5.11 1011.2      FORTWILLIAM
1886 05 30 08 00  49.92   -6.30 1013.5           SCILLY
1886 05 30 08 00  56.82   -5.11 1017.0      FORTWILLIAM
1886 05 30 09 00  56.82   -5.11 1017.4      FORTWILLIAM
1886 05 30 14 00  49.92   -6.30 1014.2           SCILLY
1886 05 30 14 00  56.82   -5.11 1018.4      FORTWILLIAM
1886 05 30 18 00  49.92   -6.30 1013.5           SCILLY
1886 05 30 18 00  56.82   -5.11 1018.1      FORTWILLIAM
1886 05 30 21 00  56.82   -5.11 1018.9      FORTWILLIAM
1886 05 31 08 00  49.92   -6.30 1010.5           SCILLY
1886 05 31 08 00  56.82   -5.11 1020.2      FORTWILLIAM
1886 05 31 09 00  56.82   -5.11 1020.1      FORTWILLIAM
1886 05 31 14 00  49.92   -6.30 1009.8           SCILLY
1886 05 31 14 00  56.82   -5.11 1019.0      FORTWILLIAM
1886 05 31 18 00  49.92   -6.30 1008.1           SCILLY
1886 05 31 18 00  56.82   -5.11 1018.2      FORTWILLIAM
1886 05 31 21 00  56.82   -5.11 1018.5      FORTWILLIAM
