1899 09 01 08 00  49.93   -6.30 1010.2           SCILLY
1899 09 01 14 00  49.93   -6.30 1010.2           SCILLY
1899 09 01 18 00  49.93   -6.30 1009.1           SCILLY
1899 09 02 08 00  49.93   -6.30 1008.8           SCILLY
1899 09 02 14 00  49.93   -6.30 1010.2           SCILLY
1899 09 02 18 00  49.93   -6.30 1012.9           SCILLY
1899 09 03 08 00  49.93   -6.30 1016.9           SCILLY
1899 09 03 14 00  49.93   -6.30 1018.6           SCILLY
1899 09 03 18 00  49.93   -6.30 1019.3           SCILLY
1899 09 04 08 00  49.93   -6.30 1013.9           SCILLY
1899 09 04 14 00  49.93   -6.30 1013.2           SCILLY
1899 09 04 18 00  49.93   -6.30 1012.5           SCILLY
1899 09 05 08 00  49.93   -6.30 1011.2           SCILLY
1899 09 05 14 00  49.93   -6.30 1012.5           SCILLY
1899 09 05 18 00  49.93   -6.30 1013.5           SCILLY
1899 09 06 08 00  49.93   -6.30 1012.5           SCILLY
1899 09 06 14 00  49.93   -6.30 1012.5           SCILLY
1899 09 06 18 00  49.93   -6.30 1014.6           SCILLY
1899 09 07 08 00  49.93   -6.30 1013.5           SCILLY
1899 09 07 14 00  49.93   -6.30 1013.5           SCILLY
1899 09 07 18 00  49.93   -6.30 1015.9           SCILLY
1899 09 08 08 00  49.93   -6.30 1016.9           SCILLY
1899 09 08 14 00  49.93   -6.30 1019.0           SCILLY
1899 09 08 18 00  49.93   -6.30 1020.3           SCILLY
1899 09 09 08 00  49.93   -6.30 1024.7           SCILLY
1899 09 09 14 00  49.93   -6.30 1026.4           SCILLY
1899 09 09 18 00  49.93   -6.30 1026.4           SCILLY
1899 09 10 08 00  49.93   -6.30 1026.1           SCILLY
1899 09 10 14 00  49.93   -6.30 1026.1           SCILLY
1899 09 10 18 00  49.93   -6.30 1025.7           SCILLY
1899 09 11 08 00  49.93   -6.30 1025.7           SCILLY
1899 09 11 14 00  49.93   -6.30 1024.7           SCILLY
1899 09 11 18 00  49.93   -6.30 1024.4           SCILLY
1899 09 12 08 00  49.93   -6.30 1022.0           SCILLY
1899 09 12 14 00  49.93   -6.30 1021.3           SCILLY
1899 09 12 18 00  49.93   -6.30 1020.3           SCILLY
1899 09 13 08 00  49.93   -6.30 1019.3           SCILLY
1899 09 13 14 00  49.93   -6.30 1019.0           SCILLY
1899 09 13 18 00  49.93   -6.30 1019.0           SCILLY
1899 09 14 08 00  49.93   -6.30 1019.6           SCILLY
1899 09 14 14 00  49.93   -6.30 1020.7           SCILLY
1899 09 14 18 00  49.93   -6.30 1021.0           SCILLY
1899 09 15 08 00  49.93   -6.30 1020.3           SCILLY
1899 09 15 14 00  49.93   -6.30 1017.9           SCILLY
1899 09 15 18 00  49.93   -6.30 1015.6           SCILLY
1899 09 16 08 00  49.93   -6.30 1008.8           SCILLY
1899 09 16 14 00  49.93   -6.30 1010.8           SCILLY
1899 09 16 18 00  49.93   -6.30 1012.2           SCILLY
1899 09 17 08 00  49.93   -6.30 1014.6           SCILLY
1899 09 17 14 00  49.93   -6.30 1014.6           SCILLY
1899 09 17 18 00  49.93   -6.30 1014.6           SCILLY
1899 09 18 08 00  49.93   -6.30 1014.9           SCILLY
1899 09 18 14 00  49.93   -6.30 1014.6           SCILLY
1899 09 18 18 00  49.93   -6.30 1014.9           SCILLY
1899 09 19 08 00  49.93   -6.30 1013.9           SCILLY
1899 09 19 14 00  49.93   -6.30 1012.2           SCILLY
1899 09 19 18 00  49.93   -6.30 1009.8           SCILLY
1899 09 20 08 00  49.93   -6.30 1012.2           SCILLY
1899 09 20 14 00  49.93   -6.30 1013.9           SCILLY
1899 09 20 18 00  49.93   -6.30 1014.6           SCILLY
1899 09 21 08 00  49.93   -6.30 1012.5           SCILLY
1899 09 21 14 00  49.93   -6.30 1011.9           SCILLY
1899 09 21 18 00  49.93   -6.30 1009.1           SCILLY
1899 09 22 08 00  49.93   -6.30 1013.2           SCILLY
1899 09 22 14 00  49.93   -6.30 1017.9           SCILLY
1899 09 22 18 00  49.93   -6.30 1018.3           SCILLY
1899 09 23 08 00  49.93   -6.30 1020.3           SCILLY
1899 09 23 14 00  49.93   -6.30 1020.3           SCILLY
1899 09 23 18 00  49.93   -6.30 1019.3           SCILLY
1899 09 24 08 00  49.93   -6.30 1020.0           SCILLY
1899 09 24 14 00  49.93   -6.30 1018.6           SCILLY
1899 09 24 18 00  49.93   -6.30 1016.3           SCILLY
1899 09 25 08 00  49.93   -6.30 1013.5           SCILLY
1899 09 25 14 00  49.93   -6.30 1010.2           SCILLY
1899 09 25 18 00  49.93   -6.30 1008.1           SCILLY
1899 09 26 08 00  49.93   -6.30 1006.4           SCILLY
1899 09 26 14 00  49.93   -6.30 1005.4           SCILLY
1899 09 26 18 00  49.93   -6.30 1005.1           SCILLY
1899 09 27 08 00  49.93   -6.30 1000.3           SCILLY
1899 09 27 14 00  49.93   -6.30 1000.0           SCILLY
1899 09 27 18 00  49.93   -6.30 1000.0           SCILLY
1899 09 28 08 00  49.93   -6.30 1007.5           SCILLY
1899 09 28 14 00  49.93   -6.30 1009.8           SCILLY
1899 09 28 18 00  49.93   -6.30 1010.8           SCILLY
1899 09 29 08 00  49.93   -6.30 1007.5           SCILLY
1899 09 29 14 00  49.93   -6.30 1001.7           SCILLY
1899 09 29 18 00  49.93   -6.30 1001.0           SCILLY
1899 09 30 08 00  49.93   -6.30  998.0           SCILLY
1899 09 30 14 00  49.93   -6.30  997.6           SCILLY
1899 09 30 18 00  49.93   -6.30  997.0           SCILLY
