1886 03 01 08 00  49.92   -6.30  999.0           SCILLY
1886 03 01 08 00  56.82   -5.11 1014.4      FORTWILLIAM
1886 03 01 09 00  56.82   -5.11 1014.7      FORTWILLIAM
1886 03 01 14 00  49.92   -6.30  997.3           SCILLY
1886 03 01 14 00  56.82   -5.11 1010.6      FORTWILLIAM
1886 03 01 18 00  49.92   -6.30  998.3           SCILLY
1886 03 01 18 00  56.82   -5.11 1008.8      FORTWILLIAM
1886 03 01 21 00  56.82   -5.11 1008.0      FORTWILLIAM
1886 03 02 08 00  49.92   -6.30 1001.0           SCILLY
1886 03 02 08 00  56.82   -5.11 1003.0      FORTWILLIAM
1886 03 02 09 00  56.82   -5.11 1002.4      FORTWILLIAM
1886 03 02 14 00  49.92   -6.30  998.3           SCILLY
1886 03 02 14 00  56.82   -5.11 1001.8      FORTWILLIAM
1886 03 02 18 00  49.92   -6.30  998.3           SCILLY
1886 03 02 18 00  56.82   -5.11  999.9      FORTWILLIAM
1886 03 02 21 00  56.82   -5.11 1004.4      FORTWILLIAM
1886 03 03 08 00  49.92   -6.30 1003.0           SCILLY
1886 03 03 08 00  56.82   -5.11 1009.7      FORTWILLIAM
1886 03 03 09 00  56.82   -5.11 1010.0      FORTWILLIAM
1886 03 03 14 00  49.92   -6.30 1008.8           SCILLY
1886 03 03 14 00  56.82   -5.11 1010.3      FORTWILLIAM
1886 03 03 18 00  49.92   -6.30 1010.8           SCILLY
1886 03 03 18 00  56.82   -5.11 1010.0      FORTWILLIAM
1886 03 03 21 00  56.82   -5.11 1010.1      FORTWILLIAM
1886 03 04 08 00  49.92   -6.30 1010.2           SCILLY
1886 03 04 08 00  56.82   -5.11 1004.5      FORTWILLIAM
1886 03 04 09 00  56.82   -5.11 1004.3      FORTWILLIAM
1886 03 04 14 00  49.92   -6.30 1006.4           SCILLY
1886 03 04 14 00  56.82   -5.11 1003.0      FORTWILLIAM
1886 03 04 18 00  49.92   -6.30 1002.7           SCILLY
1886 03 04 18 00  56.82   -5.11 1003.2      FORTWILLIAM
1886 03 04 21 00  56.82   -5.11 1001.7      FORTWILLIAM
1886 03 05 08 00  49.92   -6.30  983.4           SCILLY
1886 03 05 08 00  56.82   -5.11  996.7      FORTWILLIAM
1886 03 05 09 00  56.82   -5.11  996.5      FORTWILLIAM
1886 03 05 14 00  49.92   -6.30  985.1           SCILLY
1886 03 05 14 00  56.82   -5.11  996.6      FORTWILLIAM
1886 03 05 18 00  49.92   -6.30  989.2           SCILLY
1886 03 05 18 00  56.82   -5.11  999.3      FORTWILLIAM
1886 03 05 21 00  56.82   -5.11 1000.3      FORTWILLIAM
1886 03 06 08 00  49.92   -6.30 1009.8           SCILLY
1886 03 06 08 00  56.82   -5.11 1008.7      FORTWILLIAM
1886 03 06 09 00  56.82   -5.11 1009.8      FORTWILLIAM
1886 03 06 14 00  49.92   -6.30 1016.9           SCILLY
1886 03 06 14 00  56.82   -5.11 1013.9      FORTWILLIAM
1886 03 06 18 00  49.92   -6.30 1019.3           SCILLY
1886 03 06 18 00  56.82   -5.11 1016.7      FORTWILLIAM
1886 03 06 21 00  56.82   -5.11 1018.8      FORTWILLIAM
1886 03 07 08 00  49.92   -6.30 1018.3           SCILLY
1886 03 07 08 00  56.82   -5.11 1022.2      FORTWILLIAM
1886 03 07 09 00  56.82   -5.11 1022.4      FORTWILLIAM
1886 03 07 14 00  49.92   -6.30 1016.9           SCILLY
1886 03 07 14 00  56.82   -5.11 1021.8      FORTWILLIAM
1886 03 07 18 00  49.92   -6.30 1016.3           SCILLY
1886 03 07 18 00  56.82   -5.11 1020.5      FORTWILLIAM
1886 03 07 21 00  56.82   -5.11 1020.2      FORTWILLIAM
1886 03 08 08 00  49.92   -6.30 1018.6           SCILLY
1886 03 08 08 00  56.82   -5.11 1018.6      FORTWILLIAM
1886 03 08 09 00  56.82   -5.11 1018.6      FORTWILLIAM
1886 03 08 14 00  49.92   -6.30 1019.6           SCILLY
1886 03 08 14 00  56.82   -5.11 1020.0      FORTWILLIAM
1886 03 08 18 00  49.92   -6.30 1019.3           SCILLY
1886 03 08 18 00  56.82   -5.11 1020.3      FORTWILLIAM
1886 03 08 21 00  56.82   -5.11 1021.7      FORTWILLIAM
1886 03 09 08 00  49.92   -6.30 1014.9           SCILLY
1886 03 09 08 00  56.82   -5.11 1022.7      FORTWILLIAM
1886 03 09 09 00  56.82   -5.11 1022.9      FORTWILLIAM
1886 03 09 14 00  49.92   -6.30 1013.2           SCILLY
1886 03 09 14 00  56.82   -5.11 1023.0      FORTWILLIAM
1886 03 09 18 00  49.92   -6.30 1014.9           SCILLY
1886 03 09 18 00  56.82   -5.11 1024.5      FORTWILLIAM
1886 03 09 21 00  56.82   -5.11 1025.9      FORTWILLIAM
1886 03 10 08 00  49.92   -6.30 1022.4           SCILLY
1886 03 10 08 00  56.82   -5.11 1029.9      FORTWILLIAM
1886 03 10 09 00  56.82   -5.11 1030.4      FORTWILLIAM
1886 03 10 14 00  49.92   -6.30 1023.4           SCILLY
1886 03 10 14 00  56.82   -5.11 1030.5      FORTWILLIAM
1886 03 10 18 00  49.92   -6.30 1024.4           SCILLY
1886 03 10 18 00  56.82   -5.11 1031.4      FORTWILLIAM
1886 03 10 21 00  56.82   -5.11 1032.2      FORTWILLIAM
1886 03 11 08 00  49.92   -6.30 1024.4           SCILLY
1886 03 11 08 00  56.82   -5.11 1033.9      FORTWILLIAM
1886 03 11 09 00  56.82   -5.11 1033.9      FORTWILLIAM
1886 03 11 14 00  49.92   -6.30 1023.7           SCILLY
1886 03 11 14 00  56.82   -5.11 1032.8      FORTWILLIAM
1886 03 11 18 00  49.92   -6.30 1022.4           SCILLY
1886 03 11 18 00  56.82   -5.11 1032.2      FORTWILLIAM
1886 03 11 21 00  56.82   -5.11 1032.6      FORTWILLIAM
1886 03 12 08 00  49.92   -6.30 1022.7           SCILLY
1886 03 12 08 00  56.82   -5.11 1029.8      FORTWILLIAM
1886 03 12 09 00  56.82   -5.11 1030.4      FORTWILLIAM
1886 03 12 14 00  49.92   -6.30 1023.4           SCILLY
1886 03 12 14 00  56.82   -5.11 1028.9      FORTWILLIAM
1886 03 12 18 00  49.92   -6.30 1024.4           SCILLY
1886 03 12 18 00  56.82   -5.11 1029.5      FORTWILLIAM
1886 03 12 21 00  56.82   -5.11 1030.9      FORTWILLIAM
1886 03 13 08 00  49.92   -6.30 1026.4           SCILLY
1886 03 13 08 00  56.82   -5.11 1031.7      FORTWILLIAM
1886 03 13 09 00  56.82   -5.11 1031.2      FORTWILLIAM
1886 03 13 14 00  49.92   -6.30 1026.4           SCILLY
1886 03 13 14 00  56.82   -5.11 1031.0      FORTWILLIAM
1886 03 13 18 00  49.92   -6.30 1026.1           SCILLY
1886 03 13 18 00  56.82   -5.11 1030.8      FORTWILLIAM
1886 03 13 21 00  56.82   -5.11 1031.0      FORTWILLIAM
1886 03 14 08 00  49.92   -6.30 1024.4           SCILLY
1886 03 14 08 00  56.82   -5.11 1028.5      FORTWILLIAM
1886 03 14 09 00  56.82   -5.11 1027.1      FORTWILLIAM
1886 03 14 14 00  49.92   -6.30 1020.7           SCILLY
1886 03 14 14 00  56.82   -5.11 1023.0      FORTWILLIAM
1886 03 14 18 00  49.92   -6.30 1018.3           SCILLY
1886 03 14 18 00  56.82   -5.11 1020.9      FORTWILLIAM
1886 03 14 21 00  56.82   -5.11 1020.6      FORTWILLIAM
1886 03 15 08 00  49.92   -6.30 1010.8           SCILLY
1886 03 15 08 00  56.82   -5.11 1021.5      FORTWILLIAM
1886 03 15 09 00  56.82   -5.11 1021.5      FORTWILLIAM
1886 03 15 14 00  49.92   -6.30 1010.2           SCILLY
1886 03 15 14 00  56.82   -5.11 1022.1      FORTWILLIAM
1886 03 15 18 00  49.92   -6.30 1009.8           SCILLY
1886 03 15 18 00  56.82   -5.11 1022.4      FORTWILLIAM
1886 03 15 21 00  56.82   -5.11 1023.1      FORTWILLIAM
1886 03 16 08 00  49.92   -6.30 1010.2           SCILLY
1886 03 16 08 00  56.82   -5.11 1022.0      FORTWILLIAM
1886 03 16 09 00  56.82   -5.11 1022.1      FORTWILLIAM
1886 03 16 14 00  49.92   -6.30 1009.8           SCILLY
1886 03 16 14 00  56.82   -5.11 1019.6      FORTWILLIAM
1886 03 16 18 00  49.92   -6.30 1009.5           SCILLY
1886 03 16 18 00  56.82   -5.11 1019.2      FORTWILLIAM
1886 03 16 21 00  56.82   -5.11 1019.3      FORTWILLIAM
1886 03 17 08 00  49.92   -6.30 1007.5           SCILLY
1886 03 17 08 00  56.82   -5.11 1019.2      FORTWILLIAM
1886 03 17 09 00  56.82   -5.11 1019.1      FORTWILLIAM
1886 03 17 14 00  49.92   -6.30 1005.4           SCILLY
1886 03 17 14 00  56.82   -5.11 1018.1      FORTWILLIAM
1886 03 17 18 00  49.92   -6.30 1004.1           SCILLY
1886 03 17 18 00  56.82   -5.11 1017.5      FORTWILLIAM
1886 03 17 21 00  56.82   -5.11 1017.4      FORTWILLIAM
1886 03 18 08 00  49.92   -6.30 1004.7           SCILLY
1886 03 18 08 00  56.82   -5.11 1014.0      FORTWILLIAM
1886 03 18 09 00  56.82   -5.11 1013.3      FORTWILLIAM
1886 03 18 14 00  49.92   -6.30 1006.4           SCILLY
1886 03 18 14 00  56.82   -5.11 1010.9      FORTWILLIAM
1886 03 18 18 00  49.92   -6.30 1007.5           SCILLY
1886 03 18 18 00  56.82   -5.11 1010.5      FORTWILLIAM
1886 03 18 21 00  56.82   -5.11 1010.6      FORTWILLIAM
1886 03 19 08 00  49.92   -6.30 1006.8           SCILLY
1886 03 19 08 00  56.82   -5.11 1008.9      FORTWILLIAM
1886 03 19 09 00  56.82   -5.11 1008.7      FORTWILLIAM
1886 03 19 14 00  49.92   -6.30 1009.5           SCILLY
1886 03 19 14 00  56.82   -5.11 1007.2      FORTWILLIAM
1886 03 19 18 00  49.92   -6.30 1010.8           SCILLY
1886 03 19 18 00  56.82   -5.11 1004.6      FORTWILLIAM
1886 03 19 21 00  56.82   -5.11 1005.7      FORTWILLIAM
1886 03 20 08 00  49.92   -6.30 1014.9           SCILLY
1886 03 20 08 00  56.82   -5.11 1005.8      FORTWILLIAM
1886 03 20 09 00  56.82   -5.11 1006.1      FORTWILLIAM
1886 03 20 14 00  49.92   -6.30 1015.6           SCILLY
1886 03 20 14 00  56.82   -5.11 1006.4      FORTWILLIAM
1886 03 20 18 00  49.92   -6.30 1015.2           SCILLY
1886 03 20 18 00  56.82   -5.11 1006.2      FORTWILLIAM
1886 03 20 21 00  56.82   -5.11 1006.8      FORTWILLIAM
1886 03 21 08 00  49.92   -6.30 1015.2           SCILLY
1886 03 21 08 00  56.82   -5.11 1006.6      FORTWILLIAM
1886 03 21 09 00  56.82   -5.11 1007.3      FORTWILLIAM
1886 03 21 14 00  49.92   -6.30 1016.6           SCILLY
1886 03 21 14 00  56.82   -5.11 1008.2      FORTWILLIAM
1886 03 21 18 00  49.92   -6.30 1016.6           SCILLY
1886 03 21 18 00  56.82   -5.11 1009.1      FORTWILLIAM
1886 03 21 21 00  56.82   -5.11 1011.7      FORTWILLIAM
1886 03 22 08 00  49.92   -6.30 1015.2           SCILLY
1886 03 22 08 00  56.82   -5.11 1013.1      FORTWILLIAM
1886 03 22 09 00  56.82   -5.11 1013.1      FORTWILLIAM
1886 03 22 14 00  49.92   -6.30 1015.6           SCILLY
1886 03 22 14 00  56.82   -5.11 1012.1      FORTWILLIAM
1886 03 22 18 00  49.92   -6.30 1014.9           SCILLY
1886 03 22 18 00  56.82   -5.11 1010.5      FORTWILLIAM
1886 03 22 21 00  56.82   -5.11 1009.4      FORTWILLIAM
1886 03 23 08 00  49.92   -6.30 1013.5           SCILLY
1886 03 23 08 00  56.82   -5.11 1010.1      FORTWILLIAM
1886 03 23 09 00  56.82   -5.11 1010.0      FORTWILLIAM
1886 03 23 14 00  49.92   -6.30 1013.9           SCILLY
1886 03 23 14 00  56.82   -5.11 1008.8      FORTWILLIAM
1886 03 23 18 00  49.92   -6.30 1013.2           SCILLY
1886 03 23 18 00  56.82   -5.11 1010.2      FORTWILLIAM
1886 03 23 21 00  56.82   -5.11 1010.4      FORTWILLIAM
1886 03 24 08 00  49.92   -6.30 1007.8           SCILLY
1886 03 24 08 00  56.82   -5.11 1012.3      FORTWILLIAM
1886 03 24 09 00  56.82   -5.11 1012.3      FORTWILLIAM
1886 03 24 14 00  49.92   -6.30 1006.4           SCILLY
1886 03 24 14 00  56.82   -5.11 1011.3      FORTWILLIAM
1886 03 24 18 00  49.92   -6.30 1006.8           SCILLY
1886 03 24 18 00  56.82   -5.11 1007.9      FORTWILLIAM
1886 03 24 21 00  56.82   -5.11 1005.4      FORTWILLIAM
1886 03 25 08 00  49.92   -6.30 1010.5           SCILLY
1886 03 25 08 00  56.82   -5.11 1001.3      FORTWILLIAM
1886 03 25 09 00  56.82   -5.11 1002.1      FORTWILLIAM
1886 03 25 14 00  49.92   -6.30 1008.8           SCILLY
1886 03 25 14 00  56.82   -5.11 1002.4      FORTWILLIAM
1886 03 25 18 00  49.92   -6.30 1007.5           SCILLY
1886 03 25 18 00  56.82   -5.11 1003.4      FORTWILLIAM
1886 03 25 21 00  56.82   -5.11 1002.8      FORTWILLIAM
1886 03 26 08 00  49.92   -6.30 1009.5           SCILLY
1886 03 26 08 00  56.82   -5.11  996.5      FORTWILLIAM
1886 03 26 09 00  56.82   -5.11  995.9      FORTWILLIAM
1886 03 26 14 00  49.92   -6.30 1006.8           SCILLY
1886 03 26 14 00  56.82   -5.11  995.3      FORTWILLIAM
1886 03 26 18 00  49.92   -6.30 1006.1           SCILLY
1886 03 26 18 00  56.82   -5.11  991.2      FORTWILLIAM
1886 03 26 21 00  56.82   -5.11  991.3      FORTWILLIAM
1886 03 27 08 00  49.92   -6.30 1006.4           SCILLY
1886 03 27 08 00  56.82   -5.11  996.2      FORTWILLIAM
1886 03 27 09 00  56.82   -5.11  996.3      FORTWILLIAM
1886 03 27 14 00  49.92   -6.30 1006.1           SCILLY
1886 03 27 14 00  56.82   -5.11  997.9      FORTWILLIAM
1886 03 27 18 00  49.92   -6.30 1006.8           SCILLY
1886 03 27 18 00  56.82   -5.11  995.7      FORTWILLIAM
1886 03 27 21 00  56.82   -5.11  997.9      FORTWILLIAM
1886 03 28 08 00  49.92   -6.30 1011.2           SCILLY
1886 03 28 08 00  56.82   -5.11 1007.6      FORTWILLIAM
1886 03 28 09 00  56.82   -5.11 1007.8      FORTWILLIAM
1886 03 28 14 00  49.92   -6.30 1015.6           SCILLY
1886 03 28 14 00  56.82   -5.11 1006.2      FORTWILLIAM
1886 03 28 18 00  49.92   -6.30 1014.9           SCILLY
1886 03 28 18 00  56.82   -5.11 1003.3      FORTWILLIAM
1886 03 28 21 00  56.82   -5.11 1000.1      FORTWILLIAM
1886 03 29 08 00  49.92   -6.30 1004.7           SCILLY
1886 03 29 08 00  56.82   -5.11  995.0      FORTWILLIAM
1886 03 29 09 00  56.82   -5.11  994.9      FORTWILLIAM
1886 03 29 14 00  49.92   -6.30 1010.8           SCILLY
1886 03 29 14 00  56.82   -5.11  993.5      FORTWILLIAM
1886 03 29 18 00  49.92   -6.30 1015.2           SCILLY
1886 03 29 18 00  56.82   -5.11  994.2      FORTWILLIAM
1886 03 29 21 00  56.82   -5.11  995.4      FORTWILLIAM
1886 03 30 08 00  49.92   -6.30 1018.3           SCILLY
1886 03 30 08 00  56.82   -5.11  999.1      FORTWILLIAM
1886 03 30 09 00  56.82   -5.11  998.8      FORTWILLIAM
1886 03 30 14 00  49.92   -6.30 1014.2           SCILLY
1886 03 30 14 00  56.82   -5.11  986.2      FORTWILLIAM
1886 03 30 18 00  49.92   -6.30 1011.9           SCILLY
1886 03 30 18 00  56.82   -5.11  979.0      FORTWILLIAM
1886 03 30 21 00  56.82   -5.11  988.7      FORTWILLIAM
1886 03 31 08 00  49.92   -6.30 1007.8           SCILLY
1886 03 31 08 00  56.82   -5.11  987.1      FORTWILLIAM
1886 03 31 09 00  56.82   -5.11  987.3      FORTWILLIAM
1886 03 31 14 00  49.92   -6.30 1012.5           SCILLY
1886 03 31 14 00  56.82   -5.11  991.3      FORTWILLIAM
1886 03 31 18 00  49.92   -6.30 1014.9           SCILLY
1886 03 31 18 00  56.82   -5.11  996.0      FORTWILLIAM
1886 03 31 21 00  56.82   -5.11  998.0      FORTWILLIAM
