1886 12 01 08 00  49.92   -6.30 1018.6           SCILLY
1886 12 01 08 00  56.82   -5.11 1007.7      FORTWILLIAM
1886 12 01 09 00  56.82   -5.11 1007.0      FORTWILLIAM
1886 12 01 14 00  49.92   -6.30 1019.0           SCILLY
1886 12 01 14 00  56.82   -5.11  999.5      FORTWILLIAM
1886 12 01 18 00  49.92   -6.30 1017.9           SCILLY
1886 12 01 18 00  56.82   -5.11 1004.3      FORTWILLIAM
1886 12 01 21 00  56.82   -5.11 1008.3      FORTWILLIAM
1886 12 02 08 00  49.92   -6.30 1016.3           SCILLY
1886 12 02 08 00  56.82   -5.11 1012.9      FORTWILLIAM
1886 12 02 09 00  56.82   -5.11 1013.0      FORTWILLIAM
1886 12 02 14 00  49.92   -6.30 1017.3           SCILLY
1886 12 02 14 00  56.82   -5.11 1013.6      FORTWILLIAM
1886 12 02 18 00  49.92   -6.30 1017.3           SCILLY
1886 12 02 18 00  56.82   -5.11 1013.6      FORTWILLIAM
1886 12 02 21 00  56.82   -5.11 1013.5      FORTWILLIAM
1886 12 03 08 00  49.92   -6.30 1016.3           SCILLY
1886 12 03 08 00  56.82   -5.11 1011.7      FORTWILLIAM
1886 12 03 09 00  56.82   -5.11 1011.2      FORTWILLIAM
1886 12 03 14 00  49.92   -6.30 1015.6           SCILLY
1886 12 03 14 00  56.82   -5.11 1008.1      FORTWILLIAM
1886 12 03 18 00  49.92   -6.30 1015.6           SCILLY
1886 12 03 18 00  56.82   -5.11 1003.7      FORTWILLIAM
1886 12 03 21 00  56.82   -5.11 1001.6      FORTWILLIAM
1886 12 04 08 00  49.92   -6.30 1007.5           SCILLY
1886 12 04 08 00  56.82   -5.11 1003.6      FORTWILLIAM
1886 12 04 09 00  56.82   -5.11 1005.1      FORTWILLIAM
1886 12 04 14 00  49.92   -6.30 1009.8           SCILLY
1886 12 04 14 00  56.82   -5.11 1008.9      FORTWILLIAM
1886 12 04 18 00  49.92   -6.30 1013.2           SCILLY
1886 12 04 18 00  56.82   -5.11 1011.9      FORTWILLIAM
1886 12 04 21 00  56.82   -5.11 1013.1      FORTWILLIAM
1886 12 05 08 00  49.92   -6.30 1019.6           SCILLY
1886 12 05 08 00  56.82   -5.11 1006.2      FORTWILLIAM
1886 12 05 09 00  56.82   -5.11 1006.0      FORTWILLIAM
1886 12 05 14 00  49.92   -6.30 1019.3           SCILLY
1886 12 05 14 00  56.82   -5.11 1004.0      FORTWILLIAM
1886 12 05 18 00  49.92   -6.30 1019.0           SCILLY
1886 12 05 18 00  56.82   -5.11  999.2      FORTWILLIAM
1886 12 05 21 00  56.82   -5.11  993.8      FORTWILLIAM
1886 12 06 08 00  49.92   -6.30 1015.9           SCILLY
1886 12 06 08 00  56.82   -5.11  993.2      FORTWILLIAM
1886 12 06 09 00  56.82   -5.11  993.9      FORTWILLIAM
1886 12 06 14 00  49.92   -6.30 1010.8           SCILLY
1886 12 06 14 00  56.82   -5.11  991.9      FORTWILLIAM
1886 12 06 18 00  49.92   -6.30 1006.8           SCILLY
1886 12 06 18 00  56.82   -5.11  989.5      FORTWILLIAM
1886 12 06 21 00  56.82   -5.11  987.8      FORTWILLIAM
1886 12 07 08 00  49.92   -6.30 1003.0           SCILLY
1886 12 07 08 00  56.82   -5.11  987.9      FORTWILLIAM
1886 12 07 09 00  56.82   -5.11  988.3      FORTWILLIAM
1886 12 07 14 00  49.92   -6.30 1007.5           SCILLY
1886 12 07 14 00  56.82   -5.11  989.3      FORTWILLIAM
1886 12 07 18 00  49.92   -6.30 1006.4           SCILLY
1886 12 07 18 00  56.82   -5.11  988.5      FORTWILLIAM
1886 12 07 21 00  56.82   -5.11  986.8      FORTWILLIAM
1886 12 08 08 00  49.92   -6.30  973.6           SCILLY
1886 12 08 08 00  56.82   -5.11  950.9      FORTWILLIAM
1886 12 08 09 00  56.82   -5.11  948.1      FORTWILLIAM
1886 12 08 14 00  49.92   -6.30  970.2           SCILLY
1886 12 08 14 00  56.82   -5.11  941.6      FORTWILLIAM
1886 12 08 18 00  49.92   -6.30  969.5           SCILLY
1886 12 08 18 00  56.82   -5.11  941.8      FORTWILLIAM
1886 12 08 21 00  56.82   -5.11  942.6      FORTWILLIAM
1886 12 09 08 00  49.92   -6.30  975.3           SCILLY
1886 12 09 08 00  56.82   -5.11  958.9      FORTWILLIAM
1886 12 09 09 00  56.82   -5.11  960.4      FORTWILLIAM
1886 12 09 14 00  49.92   -6.30  985.1           SCILLY
1886 12 09 14 00  56.82   -5.11  966.0      FORTWILLIAM
1886 12 09 18 00  49.92   -6.30  987.5           SCILLY
1886 12 09 18 00  56.82   -5.11  969.1      FORTWILLIAM
1886 12 09 21 00  56.82   -5.11  972.8      FORTWILLIAM
1886 12 10 08 00  49.92   -6.30  996.3           SCILLY
1886 12 10 08 00  56.82   -5.11  981.9      FORTWILLIAM
1886 12 10 09 00  56.82   -5.11  983.0      FORTWILLIAM
1886 12 10 14 00  49.92   -6.30  998.6           SCILLY
1886 12 10 14 00  56.82   -5.11  986.2      FORTWILLIAM
1886 12 10 18 00  49.92   -6.30  998.6           SCILLY
1886 12 10 18 00  56.82   -5.11  989.3      FORTWILLIAM
1886 12 10 21 00  56.82   -5.11  990.3      FORTWILLIAM
1886 12 11 08 00  49.92   -6.30  996.6           SCILLY
1886 12 11 08 00  56.82   -5.11  985.7      FORTWILLIAM
1886 12 11 09 00  56.82   -5.11  985.0      FORTWILLIAM
1886 12 11 14 00  49.92   -6.30  993.2           SCILLY
1886 12 11 14 00  56.82   -5.11  982.9      FORTWILLIAM
1886 12 11 18 00  49.92   -6.30  989.8           SCILLY
1886 12 11 18 00  56.82   -5.11  982.7      FORTWILLIAM
1886 12 11 21 00  56.82   -5.11  980.9      FORTWILLIAM
1886 12 12 08 00  49.92   -6.30  998.6           SCILLY
1886 12 12 08 00  56.82   -5.11  984.9      FORTWILLIAM
1886 12 12 09 00  56.82   -5.11  985.3      FORTWILLIAM
1886 12 12 14 00  49.92   -6.30 1002.7           SCILLY
1886 12 12 14 00  56.82   -5.11  989.9      FORTWILLIAM
1886 12 12 18 00  49.92   -6.30 1004.7           SCILLY
1886 12 12 18 00  56.82   -5.11  994.2      FORTWILLIAM
1886 12 12 21 00  56.82   -5.11  998.2      FORTWILLIAM
1886 12 13 08 00  49.92   -6.30 1003.7           SCILLY
1886 12 13 08 00  56.82   -5.11 1007.4      FORTWILLIAM
1886 12 13 09 00  56.82   -5.11 1008.5      FORTWILLIAM
1886 12 13 14 00  49.92   -6.30  989.5           SCILLY
1886 12 13 14 00  56.82   -5.11 1008.8      FORTWILLIAM
1886 12 13 18 00  49.92   -6.30  991.9           SCILLY
1886 12 13 18 00  56.82   -5.11 1006.6      FORTWILLIAM
1886 12 13 21 00  56.82   -5.11 1008.1      FORTWILLIAM
1886 12 14 08 00  49.92   -6.30  993.9           SCILLY
1886 12 14 08 00  56.82   -5.11 1004.0      FORTWILLIAM
1886 12 14 09 00  56.82   -5.11 1003.8      FORTWILLIAM
1886 12 14 14 00  49.92   -6.30  995.3           SCILLY
1886 12 14 14 00  56.82   -5.11 1004.3      FORTWILLIAM
1886 12 14 18 00  49.92   -6.30  992.2           SCILLY
1886 12 14 18 00  56.82   -5.11  999.8      FORTWILLIAM
1886 12 14 21 00  56.82   -5.11  999.4      FORTWILLIAM
1886 12 15 08 00  49.92   -6.30  986.1           SCILLY
1886 12 15 08 00  56.82   -5.11  996.8      FORTWILLIAM
1886 12 15 09 00  56.82   -5.11  996.8      FORTWILLIAM
1886 12 15 14 00  49.92   -6.30  991.2           SCILLY
1886 12 15 14 00  56.82   -5.11  996.3      FORTWILLIAM
1886 12 15 18 00  49.92   -6.30  991.9           SCILLY
1886 12 15 18 00  56.82   -5.11  995.8      FORTWILLIAM
1886 12 15 21 00  56.82   -5.11  995.9      FORTWILLIAM
1886 12 16 08 00  49.92   -6.30  990.5           SCILLY
1886 12 16 08 00  56.82   -5.11  998.0      FORTWILLIAM
1886 12 16 09 00  56.82   -5.11  998.5      FORTWILLIAM
1886 12 16 14 00  49.92   -6.30  991.2           SCILLY
1886 12 16 14 00  56.82   -5.11 1000.5      FORTWILLIAM
1886 12 16 18 00  49.92   -6.30  992.9           SCILLY
1886 12 16 18 00  56.82   -5.11 1001.7      FORTWILLIAM
1886 12 16 21 00  56.82   -5.11 1002.3      FORTWILLIAM
1886 12 17 08 00  49.92   -6.30  998.6           SCILLY
1886 12 17 08 00  56.82   -5.11 1004.4      FORTWILLIAM
1886 12 17 09 00  56.82   -5.11 1004.9      FORTWILLIAM
1886 12 17 14 00  49.92   -6.30  999.7           SCILLY
1886 12 17 14 00  56.82   -5.11 1005.7      FORTWILLIAM
1886 12 17 18 00  49.92   -6.30 1000.3           SCILLY
1886 12 17 18 00  56.82   -5.11 1007.2      FORTWILLIAM
1886 12 17 21 00  56.82   -5.11 1004.9      FORTWILLIAM
1886 12 18 08 00  49.92   -6.30 1007.8           SCILLY
1886 12 18 08 00  56.82   -5.11 1003.2      FORTWILLIAM
1886 12 18 09 00  56.82   -5.11 1003.7      FORTWILLIAM
1886 12 18 14 00  49.92   -6.30 1010.2           SCILLY
1886 12 18 14 00  56.82   -5.11 1003.5      FORTWILLIAM
1886 12 18 18 00  49.92   -6.30 1011.9           SCILLY
1886 12 18 18 00  56.82   -5.11 1004.8      FORTWILLIAM
1886 12 18 21 00  56.82   -5.11 1006.3      FORTWILLIAM
1886 12 19 08 00  49.92   -6.30 1010.5           SCILLY
1886 12 19 08 00  56.82   -5.11 1009.6      FORTWILLIAM
1886 12 19 09 00  56.82   -5.11 1009.6      FORTWILLIAM
1886 12 19 14 00  49.92   -6.30 1007.8           SCILLY
1886 12 19 14 00  56.82   -5.11 1006.6      FORTWILLIAM
1886 12 19 18 00  49.92   -6.30 1007.5           SCILLY
1886 12 19 18 00  56.82   -5.11 1015.2      FORTWILLIAM
1886 12 19 21 00  56.82   -5.11 1015.6      FORTWILLIAM
1886 12 20 08 00  49.92   -6.30 1015.9           SCILLY
1886 12 20 08 00  56.82   -5.11 1022.0      FORTWILLIAM
1886 12 20 09 00  56.82   -5.11 1022.5      FORTWILLIAM
1886 12 20 14 00  49.92   -6.30 1020.7           SCILLY
1886 12 20 14 00  56.82   -5.11 1023.8      FORTWILLIAM
1886 12 20 18 00  49.92   -6.30 1023.7           SCILLY
1886 12 20 18 00  56.82   -5.11 1024.4      FORTWILLIAM
1886 12 20 21 00  56.82   -5.11 1024.5      FORTWILLIAM
1886 12 21 08 00  49.92   -6.30 1028.8           SCILLY
1886 12 21 08 00  56.82   -5.11 1018.6      FORTWILLIAM
1886 12 21 09 00  56.82   -5.11 1018.4      FORTWILLIAM
1886 12 21 14 00  49.92   -6.30 1027.1           SCILLY
1886 12 21 14 00  56.82   -5.11 1013.2      FORTWILLIAM
1886 12 21 18 00  49.92   -6.30 1025.7           SCILLY
1886 12 21 18 00  56.82   -5.11 1009.5      FORTWILLIAM
1886 12 21 21 00  56.82   -5.11 1008.0      FORTWILLIAM
1886 12 22 08 00  49.92   -6.30 1010.2           SCILLY
1886 12 22 08 00  56.82   -5.11  998.6      FORTWILLIAM
1886 12 22 09 00  56.82   -5.11  997.7      FORTWILLIAM
1886 12 22 14 00  49.92   -6.30 1005.8           SCILLY
1886 12 22 14 00  56.82   -5.11  993.8      FORTWILLIAM
1886 12 22 18 00  49.92   -6.30 1007.8           SCILLY
1886 12 22 18 00  56.82   -5.11  995.5      FORTWILLIAM
1886 12 22 21 00  56.82   -5.11  997.8      FORTWILLIAM
1886 12 23 08 00  49.92   -6.30 1011.9           SCILLY
1886 12 23 08 00  56.82   -5.11 1003.2      FORTWILLIAM
1886 12 23 09 00  56.82   -5.11 1003.3      FORTWILLIAM
1886 12 23 14 00  49.92   -6.30 1012.9           SCILLY
1886 12 23 14 00  56.82   -5.11 1003.7      FORTWILLIAM
1886 12 23 18 00  49.92   -6.30 1012.5           SCILLY
1886 12 23 18 00  56.82   -5.11 1002.6      FORTWILLIAM
1886 12 23 21 00  56.82   -5.11  999.4      FORTWILLIAM
1886 12 24 08 00  49.92   -6.30 1005.1           SCILLY
1886 12 24 08 00  56.82   -5.11  992.3      FORTWILLIAM
1886 12 24 09 00  56.82   -5.11  993.2      FORTWILLIAM
1886 12 24 14 00  49.92   -6.30 1007.5           SCILLY
1886 12 24 14 00  56.82   -5.11  996.8      FORTWILLIAM
1886 12 24 18 00  49.92   -6.30 1010.2           SCILLY
1886 12 24 18 00  56.82   -5.11  999.4      FORTWILLIAM
1886 12 24 21 00  56.82   -5.11 1000.4      FORTWILLIAM
1886 12 25 08 00  49.92   -6.30 1015.9           SCILLY
1886 12 25 08 00  56.82   -5.11 1003.6      FORTWILLIAM
1886 12 25 09 00  56.82   -5.11 1003.6      FORTWILLIAM
1886 12 25 14 00  49.92   -6.30 1016.3           SCILLY
1886 12 25 14 00  56.82   -5.11 1001.2      FORTWILLIAM
1886 12 25 18 00  49.92   -6.30 1014.9           SCILLY
1886 12 25 18 00  56.82   -5.11 1001.1      FORTWILLIAM
1886 12 25 21 00  56.82   -5.11 1002.0      FORTWILLIAM
1886 12 26 08 00  49.92   -6.30 1004.4           SCILLY
1886 12 26 08 00  56.82   -5.11 1005.8      FORTWILLIAM
1886 12 26 09 00  56.82   -5.11 1006.0      FORTWILLIAM
1886 12 26 14 00  49.92   -6.30  993.9           SCILLY
1886 12 26 14 00  56.82   -5.11 1004.2      FORTWILLIAM
1886 12 26 18 00  49.92   -6.30  994.2           SCILLY
1886 12 26 18 00  56.82   -5.11 1004.4      FORTWILLIAM
1886 12 26 21 00  56.82   -5.11 1006.5      FORTWILLIAM
1886 12 27 08 00  49.92   -6.30 1014.9           SCILLY
1886 12 27 08 00  56.82   -5.11 1010.0      FORTWILLIAM
1886 12 27 09 00  56.82   -5.11 1010.2      FORTWILLIAM
1886 12 27 14 00  49.92   -6.30 1018.6           SCILLY
1886 12 27 14 00  56.82   -5.11 1007.1      FORTWILLIAM
1886 12 27 18 00  49.92   -6.30 1019.3           SCILLY
1886 12 27 18 00  56.82   -5.11  999.9      FORTWILLIAM
1886 12 27 21 00  56.82   -5.11  997.2      FORTWILLIAM
1886 12 28 08 00  49.92   -6.30 1015.9           SCILLY
1886 12 28 08 00  56.82   -5.11  997.2      FORTWILLIAM
1886 12 28 09 00  56.82   -5.11  996.8      FORTWILLIAM
1886 12 28 14 00  49.92   -6.30 1015.2           SCILLY
1886 12 28 14 00  56.82   -5.11  993.3      FORTWILLIAM
1886 12 28 18 00  49.92   -6.30 1014.6           SCILLY
1886 12 28 18 00  56.82   -5.11  993.6      FORTWILLIAM
1886 12 28 21 00  56.82   -5.11  996.2      FORTWILLIAM
1886 12 29 08 00  49.92   -6.30 1019.6           SCILLY
1886 12 29 08 00  56.82   -5.11 1007.5      FORTWILLIAM
1886 12 29 09 00  56.82   -5.11 1008.8      FORTWILLIAM
1886 12 29 14 00  49.92   -6.30 1020.3           SCILLY
1886 12 29 14 00  56.82   -5.11 1013.9      FORTWILLIAM
1886 12 29 18 00  49.92   -6.30 1020.7           SCILLY
1886 12 29 18 00  56.82   -5.11 1017.2      FORTWILLIAM
1886 12 29 21 00  56.82   -5.11 1020.1      FORTWILLIAM
1886 12 30 08 00  49.92   -6.30 1025.7           SCILLY
1886 12 30 08 00  56.82   -5.11 1026.0      FORTWILLIAM
1886 12 30 09 00  56.82   -5.11 1026.7      FORTWILLIAM
1886 12 30 14 00  49.92   -6.30 1027.4           SCILLY
1886 12 30 14 00  56.82   -5.11 1028.8      FORTWILLIAM
1886 12 30 18 00  49.92   -6.30 1029.5           SCILLY
1886 12 30 18 00  56.82   -5.11 1029.6      FORTWILLIAM
1886 12 30 21 00  56.82   -5.11 1030.1      FORTWILLIAM
1886 12 31 08 00  49.92   -6.30 1032.2           SCILLY
1886 12 31 08 00  56.82   -5.11 1028.9      FORTWILLIAM
1886 12 31 09 00  56.82   -5.11 1028.9      FORTWILLIAM
1886 12 31 14 00  49.92   -6.30 1032.2           SCILLY
1886 12 31 14 00  56.82   -5.11 1028.0      FORTWILLIAM
1886 12 31 18 00  49.92   -6.30 1031.5           SCILLY
1886 12 31 18 00  56.82   -5.11 1027.2      FORTWILLIAM
1886 12 31 21 00  56.82   -5.11 1026.1      FORTWILLIAM
