1895 03 01 08 00  49.93   -6.30 1014.9           SCILLY
1895 03 01 14 00  49.93   -6.30 1012.9           SCILLY
1895 03 01 18 00  49.93   -6.30 1012.5           SCILLY
1895 03 02 08 00  49.93   -6.30 1012.9           SCILLY
1895 03 02 14 00  49.93   -6.30 1013.2           SCILLY
1895 03 02 18 00  49.93   -6.30 1010.5           SCILLY
1895 03 03 08 00  49.93   -6.30 1001.7           SCILLY
1895 03 03 14 00  49.93   -6.30 1004.7           SCILLY
1895 03 03 18 00  49.93   -6.30 1007.5           SCILLY
1895 03 04 08 00  49.93   -6.30 1013.2           SCILLY
1895 03 04 14 00  49.93   -6.30 1016.9           SCILLY
1895 03 04 18 00  49.93   -6.30 1021.7           SCILLY
1895 03 05 08 00  49.93   -6.30 1016.9           SCILLY
1895 03 05 14 00  49.93   -6.30 1016.9           SCILLY
1895 03 05 18 00  49.93   -6.30 1015.2           SCILLY
1895 03 06 08 00  49.93   -6.30 1005.4           SCILLY
1895 03 06 14 00  49.93   -6.30 1004.7           SCILLY
1895 03 06 18 00  49.93   -6.30 1007.1           SCILLY
1895 03 07 08 00  49.93   -6.30 1011.9           SCILLY
1895 03 07 14 00  49.93   -6.30 1008.8           SCILLY
1895 03 07 18 00  49.93   -6.30 1005.8           SCILLY
1895 03 08 08 00  49.93   -6.30  993.6           SCILLY
1895 03 08 14 00  49.93   -6.30  995.3           SCILLY
1895 03 08 18 00  49.93   -6.30  996.3           SCILLY
1895 03 09 08 00  49.93   -6.30  992.9           SCILLY
1895 03 09 14 00  49.93   -6.30  990.2           SCILLY
1895 03 09 18 00  49.93   -6.30  987.8           SCILLY
1895 03 10 08 00  49.93   -6.30  992.6           SCILLY
1895 03 10 14 00  49.93   -6.30  995.6           SCILLY
1895 03 10 18 00  49.93   -6.30  997.3           SCILLY
1895 03 11 08 00  49.93   -6.30  999.0           SCILLY
1895 03 11 14 00  49.93   -6.30 1000.3           SCILLY
1895 03 11 18 00  49.93   -6.30 1000.7           SCILLY
1895 03 12 08 00  49.93   -6.30 1003.0           SCILLY
1895 03 12 14 00  49.93   -6.30 1006.4           SCILLY
1895 03 12 18 00  49.93   -6.30 1008.5           SCILLY
1895 03 13 08 00  49.93   -6.30 1016.9           SCILLY
1895 03 13 14 00  49.93   -6.30 1020.7           SCILLY
1895 03 13 18 00  49.93   -6.30 1022.7           SCILLY
1895 03 14 08 00  49.93   -6.30 1026.1           SCILLY
1895 03 14 14 00  49.93   -6.30 1027.1           SCILLY
1895 03 14 18 00  49.93   -6.30 1027.4           SCILLY
1895 03 15 08 00  49.93   -6.30 1028.8           SCILLY
1895 03 15 14 00  49.93   -6.30 1028.8           SCILLY
1895 03 15 18 00  49.93   -6.30 1028.8           SCILLY
1895 03 16 08 00  49.93   -6.30 1027.4           SCILLY
1895 03 16 14 00  49.93   -6.30 1027.4           SCILLY
1895 03 16 18 00  49.93   -6.30 1026.4           SCILLY
1895 03 17 08 00  49.93   -6.30 1025.1           SCILLY
1895 03 17 14 00  49.93   -6.30 1024.0           SCILLY
1895 03 17 18 00  49.93   -6.30 1023.4           SCILLY
1895 03 18 08 00  49.93   -6.30 1023.0           SCILLY
1895 03 18 14 00  49.93   -6.30 1023.0           SCILLY
1895 03 18 18 00  49.93   -6.30 1022.4           SCILLY
1895 03 19 08 00  49.93   -6.30 1022.4           SCILLY
1895 03 19 14 00  49.93   -6.30 1022.0           SCILLY
1895 03 19 18 00  49.93   -6.30 1021.0           SCILLY
1895 03 20 08 00  49.93   -6.30 1017.6           SCILLY
1895 03 20 14 00  49.93   -6.30 1018.3           SCILLY
1895 03 20 18 00  49.93   -6.30 1018.3           SCILLY
1895 03 21 08 00  49.93   -6.30 1018.3           SCILLY
1895 03 21 14 00  49.93   -6.30 1017.9           SCILLY
1895 03 21 18 00  49.93   -6.30 1017.3           SCILLY
1895 03 22 08 00  49.93   -6.30 1017.3           SCILLY
1895 03 22 14 00  49.93   -6.30 1016.6           SCILLY
1895 03 22 18 00  49.93   -6.30 1015.9           SCILLY
1895 03 23 08 00  49.93   -6.30 1012.5           SCILLY
1895 03 23 14 00  49.93   -6.30 1009.8           SCILLY
1895 03 23 18 00  49.93   -6.30 1007.1           SCILLY
1895 03 24 08 00  49.93   -6.30  994.6           SCILLY
1895 03 24 14 00  49.93   -6.30  999.3           SCILLY
1895 03 24 18 00  49.93   -6.30 1003.0           SCILLY
1895 03 25 08 00  49.93   -6.30  993.9           SCILLY
1895 03 25 14 00  49.93   -6.30  986.8           SCILLY
1895 03 25 18 00  49.93   -6.30  988.5           SCILLY
1895 03 26 08 00  49.93   -6.30  996.3           SCILLY
1895 03 26 14 00  49.93   -6.30 1002.7           SCILLY
1895 03 26 18 00  49.93   -6.30 1002.7           SCILLY
1895 03 27 08 00  49.93   -6.30  985.4           SCILLY
1895 03 27 14 00  49.93   -6.30  983.4           SCILLY
1895 03 27 18 00  49.93   -6.30  981.0           SCILLY
1895 03 28 08 00  49.93   -6.30  981.7           SCILLY
1895 03 28 14 00  49.93   -6.30  987.1           SCILLY
1895 03 28 18 00  49.93   -6.30  989.2           SCILLY
1895 03 29 08 00  49.93   -6.30  993.9           SCILLY
1895 03 29 14 00  49.93   -6.30  998.0           SCILLY
1895 03 29 18 00  49.93   -6.30 1000.3           SCILLY
1895 03 30 08 00  49.93   -6.30  998.3           SCILLY
1895 03 30 14 00  49.93   -6.30  998.3           SCILLY
1895 03 30 18 00  49.93   -6.30  999.3           SCILLY
1895 03 31 08 00  49.93   -6.30 1002.0           SCILLY
1895 03 31 14 00  49.93   -6.30 1003.4           SCILLY
1895 03 31 18 00  49.93   -6.30 1004.7           SCILLY
