1888 01 01 08 00  49.92   -6.30  996.6           SCILLY
1888 01 01 08 00  56.82   -5.11 1001.2      FORTWILLIAM
1888 01 01 09 00  56.82   -5.11 1000.2      FORTWILLIAM
1888 01 01 14 00  49.92   -6.30  990.9           SCILLY
1888 01 01 14 00  56.82   -5.11  993.8      FORTWILLIAM
1888 01 01 18 00  49.92   -6.30  988.8           SCILLY
1888 01 01 18 00  56.82   -5.11  992.8      FORTWILLIAM
1888 01 01 21 00  56.82   -5.11  995.0      FORTWILLIAM
1888 01 02 08 00  49.92   -6.30  986.5           SCILLY
1888 01 02 08 00  56.82   -5.11  984.8      FORTWILLIAM
1888 01 02 09 00  56.82   -5.11  984.6      FORTWILLIAM
1888 01 02 14 00  49.92   -6.30  992.9           SCILLY
1888 01 02 14 00  56.82   -5.11  988.9      FORTWILLIAM
1888 01 02 18 00  49.92   -6.30  998.0           SCILLY
1888 01 02 18 00  56.82   -5.11  988.1      FORTWILLIAM
1888 01 02 21 00  56.82   -5.11  989.8      FORTWILLIAM
1888 01 03 08 00  49.92   -6.30 1009.1           SCILLY
1888 01 03 08 00  56.82   -5.11 1000.6      FORTWILLIAM
1888 01 03 09 00  56.82   -5.11 1001.3      FORTWILLIAM
1888 01 03 14 00  49.92   -6.30 1008.5           SCILLY
1888 01 03 14 00  56.82   -5.11 1003.0      FORTWILLIAM
1888 01 03 18 00  49.92   -6.30 1007.5           SCILLY
1888 01 03 18 00  56.82   -5.11 1001.4      FORTWILLIAM
1888 01 03 21 00  56.82   -5.11  999.9      FORTWILLIAM
1888 01 04 08 00  49.92   -6.30 1000.3           SCILLY
1888 01 04 08 00  56.82   -5.11  991.1      FORTWILLIAM
1888 01 04 09 00  56.82   -5.11  992.0      FORTWILLIAM
1888 01 04 14 00  49.92   -6.30  996.3           SCILLY
1888 01 04 14 00  56.82   -5.11  992.4      FORTWILLIAM
1888 01 04 18 00  49.92   -6.30  995.6           SCILLY
1888 01 04 18 00  56.82   -5.11  993.3      FORTWILLIAM
1888 01 04 21 00  56.82   -5.11  992.5      FORTWILLIAM
1888 01 05 08 00  49.92   -6.30 1005.1           SCILLY
1888 01 05 08 00  56.82   -5.11  994.2      FORTWILLIAM
1888 01 05 09 00  56.82   -5.11  995.3      FORTWILLIAM
1888 01 05 14 00  49.92   -6.30 1011.2           SCILLY
1888 01 05 14 00  56.82   -5.11  998.1      FORTWILLIAM
1888 01 05 18 00  49.92   -6.30 1013.9           SCILLY
1888 01 05 18 00  56.82   -5.11 1003.2      FORTWILLIAM
1888 01 05 21 00  56.82   -5.11 1005.9      FORTWILLIAM
1888 01 06 08 00  49.92   -6.30 1016.6           SCILLY
1888 01 06 08 00  56.82   -5.11 1007.2      FORTWILLIAM
1888 01 06 09 00  56.82   -5.11 1007.2      FORTWILLIAM
1888 01 06 14 00  49.92   -6.30 1016.3           SCILLY
1888 01 06 14 00  56.82   -5.11 1005.2      FORTWILLIAM
1888 01 06 18 00  49.92   -6.30 1017.3           SCILLY
1888 01 06 18 00  56.82   -5.11 1007.9      FORTWILLIAM
1888 01 06 21 00  56.82   -5.11 1009.0      FORTWILLIAM
1888 01 07 08 00  49.92   -6.30 1027.1           SCILLY
1888 01 07 08 00  56.82   -5.11 1014.5      FORTWILLIAM
1888 01 07 09 00  56.82   -5.11 1015.3      FORTWILLIAM
1888 01 07 14 00  49.92   -6.30 1029.5           SCILLY
1888 01 07 14 00  56.82   -5.11 1016.8      FORTWILLIAM
1888 01 07 18 00  49.92   -6.30 1030.5           SCILLY
1888 01 07 18 00  56.82   -5.11 1016.0      FORTWILLIAM
1888 01 07 21 00  56.82   -5.11 1016.0      FORTWILLIAM
1888 01 08 08 00  49.92   -6.30 1035.9           SCILLY
1888 01 08 08 00  56.82   -5.11 1020.4      FORTWILLIAM
1888 01 08 09 00  56.82   -5.11 1020.7      FORTWILLIAM
1888 01 08 14 00  49.92   -6.30 1036.6           SCILLY
1888 01 08 14 00  56.82   -5.11 1024.9      FORTWILLIAM
1888 01 08 18 00  49.92   -6.30 1037.6           SCILLY
1888 01 08 18 00  56.82   -5.11 1027.5      FORTWILLIAM
1888 01 08 21 00  56.82   -5.11 1029.2      FORTWILLIAM
1888 01 09 08 00  49.92   -6.30 1038.3           SCILLY
1888 01 09 08 00  56.82   -5.11 1030.8      FORTWILLIAM
1888 01 09 09 00  56.82   -5.11 1031.5      FORTWILLIAM
1888 01 09 14 00  49.92   -6.30 1038.3           SCILLY
1888 01 09 14 00  56.82   -5.11 1032.8      FORTWILLIAM
1888 01 09 18 00  49.92   -6.30 1037.6           SCILLY
1888 01 09 18 00  56.82   -5.11 1034.0      FORTWILLIAM
1888 01 09 21 00  56.82   -5.11 1034.2      FORTWILLIAM
1888 01 10 08 00  49.92   -6.30 1037.6           SCILLY
1888 01 10 08 00  56.82   -5.11 1033.3      FORTWILLIAM
1888 01 10 09 00  56.82   -5.11 1032.8      FORTWILLIAM
1888 01 10 14 00  49.92   -6.30 1037.3           SCILLY
1888 01 10 14 00  56.82   -5.11 1034.0      FORTWILLIAM
1888 01 10 18 00  49.92   -6.30 1036.9           SCILLY
1888 01 10 18 00  56.82   -5.11 1034.2      FORTWILLIAM
1888 01 10 21 00  56.82   -5.11 1035.4      FORTWILLIAM
1888 01 11 08 00  49.92   -6.30 1034.9           SCILLY
1888 01 11 08 00  56.82   -5.11 1034.9      FORTWILLIAM
1888 01 11 09 00  56.82   -5.11 1035.2      FORTWILLIAM
1888 01 11 14 00  49.92   -6.30 1034.2           SCILLY
1888 01 11 14 00  56.82   -5.11 1035.4      FORTWILLIAM
1888 01 11 18 00  49.92   -6.30 1033.2           SCILLY
1888 01 11 18 00  56.82   -5.11 1035.1      FORTWILLIAM
1888 01 11 21 00  56.82   -5.11 1034.3      FORTWILLIAM
1888 01 12 08 00  49.92   -6.30 1034.2           SCILLY
1888 01 12 08 00  56.82   -5.11 1033.5      FORTWILLIAM
1888 01 12 09 00  56.82   -5.11 1033.4      FORTWILLIAM
1888 01 12 14 00  49.92   -6.30 1032.5           SCILLY
1888 01 12 14 00  56.82   -5.11 1034.8      FORTWILLIAM
1888 01 12 18 00  49.92   -6.30 1032.5           SCILLY
1888 01 12 18 00  56.82   -5.11 1035.2      FORTWILLIAM
1888 01 12 21 00  56.82   -5.11 1036.0      FORTWILLIAM
1888 01 13 08 00  49.92   -6.30 1035.6           SCILLY
1888 01 13 08 00  56.82   -5.11 1037.5      FORTWILLIAM
1888 01 13 09 00  56.82   -5.11 1038.2      FORTWILLIAM
1888 01 13 14 00  49.92   -6.30 1035.6           SCILLY
1888 01 13 14 00  56.82   -5.11 1038.2      FORTWILLIAM
1888 01 13 18 00  49.92   -6.30 1035.6           SCILLY
1888 01 13 18 00  56.82   -5.11 1038.5      FORTWILLIAM
1888 01 13 21 00  56.82   -5.11 1038.7      FORTWILLIAM
1888 01 14 08 00  49.92   -6.30 1033.9           SCILLY
1888 01 14 08 00  56.82   -5.11 1038.2      FORTWILLIAM
1888 01 14 09 00  56.82   -5.11 1039.0      FORTWILLIAM
1888 01 14 14 00  49.92   -6.30 1031.5           SCILLY
1888 01 14 14 00  56.82   -5.11 1037.9      FORTWILLIAM
1888 01 14 18 00  49.92   -6.30 1030.1           SCILLY
1888 01 14 18 00  56.82   -5.11 1038.2      FORTWILLIAM
1888 01 14 21 00  56.82   -5.11 1038.9      FORTWILLIAM
1888 01 15 08 00  49.92   -6.30 1029.1           SCILLY
1888 01 15 08 00  56.82   -5.11 1039.0      FORTWILLIAM
1888 01 15 09 00  56.82   -5.11 1039.2      FORTWILLIAM
1888 01 15 14 00  49.92   -6.30 1029.1           SCILLY
1888 01 15 14 00  56.82   -5.11 1038.4      FORTWILLIAM
1888 01 15 18 00  49.92   -6.30 1027.4           SCILLY
1888 01 15 18 00  56.82   -5.11 1039.2      FORTWILLIAM
1888 01 15 21 00  56.82   -5.11 1038.9      FORTWILLIAM
1888 01 16 08 00  49.92   -6.30 1026.1           SCILLY
1888 01 16 08 00  56.82   -5.11 1038.2      FORTWILLIAM
1888 01 16 09 00  56.82   -5.11 1037.1      FORTWILLIAM
1888 01 16 14 00  49.92   -6.30 1024.4           SCILLY
1888 01 16 14 00  56.82   -5.11 1036.5      FORTWILLIAM
1888 01 16 18 00  49.92   -6.30 1024.0           SCILLY
1888 01 16 18 00  56.82   -5.11 1036.6      FORTWILLIAM
1888 01 16 21 00  56.82   -5.11 1036.5      FORTWILLIAM
1888 01 17 08 00  49.92   -6.30 1023.4           SCILLY
1888 01 17 08 00  56.82   -5.11 1037.5      FORTWILLIAM
1888 01 17 09 00  56.82   -5.11 1036.8      FORTWILLIAM
1888 01 17 14 00  49.92   -6.30 1024.4           SCILLY
1888 01 17 14 00  56.82   -5.11 1036.9      FORTWILLIAM
1888 01 17 18 00  49.92   -6.30 1024.7           SCILLY
1888 01 17 18 00  56.82   -5.11 1037.9      FORTWILLIAM
1888 01 17 21 00  56.82   -5.11 1038.2      FORTWILLIAM
1888 01 18 08 00  49.92   -6.30 1026.1           SCILLY
1888 01 18 08 00  56.82   -5.11 1038.3      FORTWILLIAM
1888 01 18 09 00  56.82   -5.11 1037.9      FORTWILLIAM
1888 01 18 14 00  49.92   -6.30 1028.1           SCILLY
1888 01 18 14 00  56.82   -5.11 1037.5      FORTWILLIAM
1888 01 18 18 00  49.92   -6.30 1028.8           SCILLY
1888 01 18 18 00  56.82   -5.11 1037.7      FORTWILLIAM
1888 01 18 21 00  56.82   -5.11 1038.2      FORTWILLIAM
1888 01 19 08 00  49.92   -6.30 1030.8           SCILLY
1888 01 19 08 00  56.82   -5.11 1035.4      FORTWILLIAM
1888 01 19 09 00  56.82   -5.11 1034.9      FORTWILLIAM
1888 01 19 14 00  49.92   -6.30 1030.1           SCILLY
1888 01 19 14 00  56.82   -5.11 1033.5      FORTWILLIAM
1888 01 19 18 00  49.92   -6.30 1029.5           SCILLY
1888 01 19 18 00  56.82   -5.11 1031.7      FORTWILLIAM
1888 01 19 21 00  56.82   -5.11 1031.2      FORTWILLIAM
1888 01 20 08 00  49.92   -6.30 1029.5           SCILLY
1888 01 20 08 00  56.82   -5.11 1027.8      FORTWILLIAM
1888 01 20 09 00  56.82   -5.11 1027.5      FORTWILLIAM
1888 01 20 14 00  49.92   -6.30 1029.1           SCILLY
1888 01 20 14 00  56.82   -5.11 1025.3      FORTWILLIAM
1888 01 20 18 00  49.92   -6.30 1028.8           SCILLY
1888 01 20 18 00  56.82   -5.11 1023.3      FORTWILLIAM
1888 01 20 21 00  56.82   -5.11 1021.6      FORTWILLIAM
1888 01 21 08 00  49.92   -6.30 1022.7           SCILLY
1888 01 21 08 00  56.82   -5.11 1007.5      FORTWILLIAM
1888 01 21 09 00  56.82   -5.11 1007.3      FORTWILLIAM
1888 01 21 14 00  49.92   -6.30 1020.7           SCILLY
1888 01 21 14 00  56.82   -5.11 1004.4      FORTWILLIAM
1888 01 21 18 00  49.92   -6.30 1019.0           SCILLY
1888 01 21 18 00  56.82   -5.11 1004.4      FORTWILLIAM
1888 01 21 21 00  56.82   -5.11 1006.3      FORTWILLIAM
1888 01 22 08 00  49.92   -6.30 1017.3           SCILLY
1888 01 22 08 00  56.82   -5.11 1009.7      FORTWILLIAM
1888 01 22 09 00  56.82   -5.11 1009.8      FORTWILLIAM
1888 01 22 14 00  49.92   -6.30 1018.3           SCILLY
1888 01 22 14 00  56.82   -5.11 1010.8      FORTWILLIAM
1888 01 22 18 00  49.92   -6.30 1019.6           SCILLY
1888 01 22 18 00  56.82   -5.11 1012.3      FORTWILLIAM
1888 01 22 21 00  56.82   -5.11 1014.4      FORTWILLIAM
1888 01 23 08 00  49.92   -6.30 1030.5           SCILLY
1888 01 23 08 00  56.82   -5.11 1020.0      FORTWILLIAM
1888 01 23 09 00  56.82   -5.11 1019.8      FORTWILLIAM
1888 01 23 14 00  49.92   -6.30 1031.8           SCILLY
1888 01 23 14 00  56.82   -5.11 1019.0      FORTWILLIAM
1888 01 23 18 00  49.92   -6.30 1032.8           SCILLY
1888 01 23 18 00  56.82   -5.11 1019.2      FORTWILLIAM
1888 01 23 21 00  56.82   -5.11 1018.5      FORTWILLIAM
1888 01 24 08 00  49.92   -6.30 1033.5           SCILLY
1888 01 24 08 00  56.82   -5.11 1018.8      FORTWILLIAM
1888 01 24 09 00  56.82   -5.11 1019.5      FORTWILLIAM
1888 01 24 14 00  49.92   -6.30 1033.2           SCILLY
1888 01 24 14 00  56.82   -5.11 1019.8      FORTWILLIAM
1888 01 24 18 00  49.92   -6.30 1032.5           SCILLY
1888 01 24 18 00  56.82   -5.11 1018.1      FORTWILLIAM
1888 01 24 21 00  56.82   -5.11 1016.6      FORTWILLIAM
1888 01 25 08 00  49.92   -6.30 1029.8           SCILLY
1888 01 25 08 00  56.82   -5.11 1011.9      FORTWILLIAM
1888 01 25 09 00  56.82   -5.11 1011.0      FORTWILLIAM
1888 01 25 14 00  49.92   -6.30 1027.4           SCILLY
1888 01 25 14 00  56.82   -5.11 1005.2      FORTWILLIAM
1888 01 25 18 00  49.92   -6.30 1026.1           SCILLY
1888 01 25 18 00  56.82   -5.11 1002.7      FORTWILLIAM
1888 01 25 21 00  56.82   -5.11  996.1      FORTWILLIAM
1888 01 26 08 00  49.92   -6.30 1027.4           SCILLY
1888 01 26 08 00  56.82   -5.11 1013.0      FORTWILLIAM
1888 01 26 09 00  56.82   -5.11 1014.3      FORTWILLIAM
1888 01 26 14 00  49.92   -6.30 1031.2           SCILLY
1888 01 26 14 00  56.82   -5.11 1019.1      FORTWILLIAM
1888 01 26 18 00  49.92   -6.30 1032.8           SCILLY
1888 01 26 18 00  56.82   -5.11 1022.3      FORTWILLIAM
1888 01 26 21 00  56.82   -5.11 1024.5      FORTWILLIAM
1888 01 27 08 00  49.92   -6.30 1032.2           SCILLY
1888 01 27 08 00  56.82   -5.11 1021.2      FORTWILLIAM
1888 01 27 09 00  56.82   -5.11 1020.4      FORTWILLIAM
1888 01 27 14 00  49.92   -6.30 1027.4           SCILLY
1888 01 27 14 00  56.82   -5.11 1019.9      FORTWILLIAM
1888 01 27 18 00  49.92   -6.30 1025.4           SCILLY
1888 01 27 18 00  56.82   -5.11 1021.1      FORTWILLIAM
1888 01 27 21 00  56.82   -5.11 1021.9      FORTWILLIAM
1888 01 28 08 00  49.92   -6.30 1018.6           SCILLY
1888 01 28 08 00  56.82   -5.11 1022.1      FORTWILLIAM
1888 01 28 09 00  56.82   -5.11 1022.1      FORTWILLIAM
1888 01 28 14 00  49.92   -6.30 1017.3           SCILLY
1888 01 28 14 00  56.82   -5.11 1020.9      FORTWILLIAM
1888 01 28 18 00  49.92   -6.30 1016.9           SCILLY
1888 01 28 18 00  56.82   -5.11 1020.8      FORTWILLIAM
1888 01 28 21 00  56.82   -5.11 1020.6      FORTWILLIAM
1888 01 29 08 00  49.92   -6.30 1019.3           SCILLY
1888 01 29 08 00  56.82   -5.11 1020.7      FORTWILLIAM
1888 01 29 09 00  56.82   -5.11 1021.2      FORTWILLIAM
1888 01 29 14 00  49.92   -6.30 1018.3           SCILLY
1888 01 29 14 00  56.82   -5.11 1021.1      FORTWILLIAM
1888 01 29 18 00  49.92   -6.30 1018.3           SCILLY
1888 01 29 18 00  56.82   -5.11 1020.3      FORTWILLIAM
1888 01 29 21 00  56.82   -5.11 1019.4      FORTWILLIAM
1888 01 30 08 00  49.92   -6.30 1020.7           SCILLY
1888 01 30 08 00  56.82   -5.11 1014.4      FORTWILLIAM
1888 01 30 09 00  56.82   -5.11 1014.2      FORTWILLIAM
1888 01 30 14 00  49.92   -6.30 1019.0           SCILLY
1888 01 30 14 00  56.82   -5.11 1010.6      FORTWILLIAM
1888 01 30 18 00  49.92   -6.30 1017.3           SCILLY
1888 01 30 18 00  56.82   -5.11 1004.8      FORTWILLIAM
1888 01 30 21 00  56.82   -5.11 1000.3      FORTWILLIAM
1888 01 31 08 00  49.92   -6.30 1002.4           SCILLY
1888 01 31 08 00  56.82   -5.11  993.3      FORTWILLIAM
1888 01 31 09 00  56.82   -5.11  993.8      FORTWILLIAM
1888 01 31 14 00  49.92   -6.30  999.3           SCILLY
1888 01 31 14 00  56.82   -5.11 1001.9      FORTWILLIAM
1888 01 31 18 00  49.92   -6.30  997.0           SCILLY
1888 01 31 18 00  56.82   -5.11 1008.0      FORTWILLIAM
1888 01 31 21 00  56.82   -5.11 1013.0      FORTWILLIAM
