1889 07 01 08 00  49.93   -6.30 1031.5           SCILLY
1889 07 01 14 00  49.93   -6.30 1031.5           SCILLY
1889 07 01 18 00  49.93   -6.30 1029.8           SCILLY
1889 07 02 08 00  49.93   -6.30 1027.8           SCILLY
1889 07 02 14 00  49.93   -6.30 1027.1           SCILLY
1889 07 02 18 00  49.93   -6.30 1025.4           SCILLY
1889 07 03 08 00  49.93   -6.30 1023.0           SCILLY
1889 07 03 14 00  49.93   -6.30 1022.4           SCILLY
1889 07 03 18 00  49.93   -6.30 1021.0           SCILLY
1889 07 04 08 00  49.93   -6.30 1019.0           SCILLY
1889 07 04 14 00  49.93   -6.30 1019.0           SCILLY
1889 07 04 18 00  49.93   -6.30 1019.0           SCILLY
1889 07 05 08 00  49.93   -6.30 1020.7           SCILLY
1889 07 05 14 00  49.93   -6.30 1021.3           SCILLY
1889 07 05 18 00  49.93   -6.30 1021.0           SCILLY
1889 07 06 08 00  49.93   -6.30 1020.3           SCILLY
1889 07 06 14 00  49.93   -6.30 1019.6           SCILLY
1889 07 06 18 00  49.93   -6.30 1018.3           SCILLY
1889 07 07 08 00  49.93   -6.30 1012.9           SCILLY
1889 07 07 14 00  49.93   -6.30 1012.5           SCILLY
1889 07 07 18 00  49.93   -6.30 1010.8           SCILLY
1889 07 08 08 00  49.93   -6.30 1005.8           SCILLY
1889 07 08 14 00  49.93   -6.30 1008.1           SCILLY
1889 07 08 18 00  49.93   -6.30 1008.5           SCILLY
1889 07 09 08 00  49.93   -6.30 1003.4           SCILLY
1889 07 09 14 00  49.93   -6.30 1002.4           SCILLY
1889 07 09 18 00  49.93   -6.30 1002.4           SCILLY
1889 07 10 08 00  49.93   -6.30 1000.0           SCILLY
1889 07 10 14 00  49.93   -6.30 1004.7           SCILLY
1889 07 10 18 00  49.93   -6.30 1008.5           SCILLY
1889 07 11 08 00  49.93   -6.30 1012.9           SCILLY
1889 07 11 14 00  49.93   -6.30 1014.6           SCILLY
1889 07 11 18 00  49.93   -6.30 1014.9           SCILLY
1889 07 12 08 00  49.93   -6.30 1015.2           SCILLY
1889 07 12 14 00  49.93   -6.30 1015.9           SCILLY
1889 07 12 18 00  49.93   -6.30 1015.9           SCILLY
1889 07 13 08 00  49.93   -6.30 1014.2           SCILLY
1889 07 13 14 00  49.93   -6.30 1013.5           SCILLY
1889 07 13 18 00  49.93   -6.30 1013.9           SCILLY
1889 07 14 08 00  49.93   -6.30 1015.6           SCILLY
1889 07 14 14 00  49.93   -6.30 1017.3           SCILLY
1889 07 14 18 00  49.93   -6.30 1016.9           SCILLY
1889 07 15 08 00  49.93   -6.30 1015.9           SCILLY
1889 07 15 14 00  49.93   -6.30 1015.9           SCILLY
1889 07 15 18 00  49.93   -6.30 1015.2           SCILLY
1889 07 16 08 00  49.93   -6.30 1013.5           SCILLY
1889 07 16 14 00  49.93   -6.30 1011.2           SCILLY
1889 07 16 18 00  49.93   -6.30 1009.1           SCILLY
1889 07 17 08 00  49.93   -6.30 1013.2           SCILLY
1889 07 17 14 00  49.93   -6.30 1015.6           SCILLY
1889 07 17 18 00  49.93   -6.30 1015.9           SCILLY
1889 07 18 08 00  49.93   -6.30 1015.6           SCILLY
1889 07 18 14 00  49.93   -6.30 1015.6           SCILLY
1889 07 18 18 00  49.93   -6.30 1015.2           SCILLY
1889 07 19 08 00  49.93   -6.30 1013.5           SCILLY
1889 07 19 14 00  49.93   -6.30 1013.2           SCILLY
1889 07 19 18 00  49.93   -6.30 1011.5           SCILLY
1889 07 20 08 00  49.93   -6.30 1005.8           SCILLY
1889 07 20 14 00  49.93   -6.30 1007.1           SCILLY
1889 07 20 18 00  49.93   -6.30 1007.5           SCILLY
1889 07 21 08 00  49.93   -6.30 1005.1           SCILLY
1889 07 21 14 00  49.93   -6.30 1007.8           SCILLY
1889 07 21 18 00  49.93   -6.30 1009.8           SCILLY
1889 07 22 08 00  49.93   -6.30 1014.6           SCILLY
1889 07 22 14 00  49.93   -6.30 1014.6           SCILLY
1889 07 22 18 00  49.93   -6.30 1013.5           SCILLY
1889 07 23 08 00  49.93   -6.30 1010.2           SCILLY
1889 07 23 14 00  49.93   -6.30 1011.9           SCILLY
1889 07 23 18 00  49.93   -6.30 1011.9           SCILLY
1889 07 24 08 00  49.93   -6.30 1011.9           SCILLY
1889 07 24 14 00  49.93   -6.30 1009.8           SCILLY
1889 07 24 18 00  49.93   -6.30 1008.5           SCILLY
1889 07 25 08 00  49.93   -6.30 1005.8           SCILLY
1889 07 25 14 00  49.93   -6.30 1005.8           SCILLY
1889 07 25 18 00  49.93   -6.30 1005.1           SCILLY
1889 07 26 08 00  49.93   -6.30 1010.2           SCILLY
1889 07 26 14 00  49.93   -6.30 1013.2           SCILLY
1889 07 26 18 00  49.93   -6.30 1014.2           SCILLY
1889 07 27 08 00  49.93   -6.30 1017.9           SCILLY
1889 07 27 14 00  49.93   -6.30 1019.6           SCILLY
1889 07 27 18 00  49.93   -6.30 1020.0           SCILLY
1889 07 28 08 00  49.93   -6.30 1020.0           SCILLY
1889 07 28 14 00  49.93   -6.30 1019.6           SCILLY
1889 07 28 18 00  49.93   -6.30 1019.0           SCILLY
1889 07 29 08 00  49.93   -6.30 1020.0           SCILLY
1889 07 29 14 00  49.93   -6.30 1020.7           SCILLY
1889 07 29 18 00  49.93   -6.30 1020.3           SCILLY
1889 07 30 08 00  49.93   -6.30 1017.6           SCILLY
1889 07 30 14 00  49.93   -6.30 1016.3           SCILLY
1889 07 30 18 00  49.93   -6.30 1015.2           SCILLY
1889 07 31 08 00  49.93   -6.30 1014.9           SCILLY
1889 07 31 14 00  49.93   -6.30 1015.9           SCILLY
1889 07 31 18 00  49.93   -6.30 1016.6           SCILLY
