1892 12 01 08 00  49.93   -6.30 1017.3           SCILLY
1892 12 01 14 00  49.93   -6.30 1013.5           SCILLY
1892 12 01 18 00  49.93   -6.30 1011.5           SCILLY
1892 12 02 08 00  49.93   -6.30 1015.2           SCILLY
1892 12 02 14 00  49.93   -6.30 1013.2           SCILLY
1892 12 02 18 00  49.93   -6.30 1009.5           SCILLY
1892 12 03 08 00  49.93   -6.30 1006.8           SCILLY
1892 12 03 14 00  49.93   -6.30 1006.4           SCILLY
1892 12 03 18 00  49.93   -6.30 1006.8           SCILLY
1892 12 04 08 00  49.93   -6.30 1010.8           SCILLY
1892 12 04 14 00  49.93   -6.30 1013.2           SCILLY
1892 12 04 18 00  49.93   -6.30 1013.2           SCILLY
1892 12 05 08 00  49.93   -6.30 1012.5           SCILLY
1892 12 05 14 00  49.93   -6.30 1012.5           SCILLY
1892 12 05 18 00  49.93   -6.30 1013.2           SCILLY
1892 12 06 08 00  49.93   -6.30 1018.6           SCILLY
1892 12 06 14 00  49.93   -6.30 1019.3           SCILLY
1892 12 06 18 00  49.93   -6.30 1018.3           SCILLY
1892 12 07 08 00  49.93   -6.30 1018.6           SCILLY
1892 12 07 14 00  49.93   -6.30 1019.6           SCILLY
1892 12 07 18 00  49.93   -6.30 1021.0           SCILLY
1892 12 08 08 00  49.93   -6.30 1026.1           SCILLY
1892 12 08 14 00  49.93   -6.30 1025.7           SCILLY
1892 12 08 18 00  49.93   -6.30 1024.4           SCILLY
1892 12 09 08 00  49.93   -6.30 1009.8           SCILLY
1892 12 09 14 00  49.93   -6.30 1013.2           SCILLY
1892 12 09 18 00  49.93   -6.30 1015.6           SCILLY
1892 12 10 08 00  49.93   -6.30 1020.0           SCILLY
1892 12 10 14 00  49.93   -6.30 1017.3           SCILLY
1892 12 10 18 00  49.93   -6.30 1012.9           SCILLY
1892 12 11 08 00  49.93   -6.30 1003.7           SCILLY
1892 12 11 14 00  49.93   -6.30 1003.7           SCILLY
1892 12 11 18 00  49.93   -6.30 1004.4           SCILLY
1892 12 12 08 00  49.93   -6.30 1001.0           SCILLY
1892 12 12 14 00  49.93   -6.30 1001.7           SCILLY
1892 12 12 18 00  49.93   -6.30 1005.8           SCILLY
1892 12 13 08 00  49.93   -6.30 1016.9           SCILLY
1892 12 13 14 00  49.93   -6.30 1020.0           SCILLY
1892 12 13 18 00  49.93   -6.30 1021.3           SCILLY
1892 12 14 08 00  49.93   -6.30 1021.0           SCILLY
1892 12 14 14 00  49.93   -6.30 1020.3           SCILLY
1892 12 14 18 00  49.93   -6.30 1020.3           SCILLY
1892 12 15 08 00  49.93   -6.30 1022.7           SCILLY
1892 12 15 14 00  49.93   -6.30 1024.0           SCILLY
1892 12 15 18 00  49.93   -6.30 1024.7           SCILLY
1892 12 16 08 00  49.93   -6.30 1027.4           SCILLY
1892 12 16 14 00  49.93   -6.30 1026.8           SCILLY
1892 12 16 18 00  49.93   -6.30 1025.7           SCILLY
1892 12 17 08 00  49.93   -6.30 1026.4           SCILLY
1892 12 17 14 00  49.93   -6.30 1027.1           SCILLY
1892 12 17 18 00  49.93   -6.30 1026.4           SCILLY
1892 12 18 08 00  49.93   -6.30 1026.4           SCILLY
1892 12 18 14 00  49.93   -6.30 1026.8           SCILLY
1892 12 18 18 00  49.93   -6.30 1025.7           SCILLY
1892 12 19 08 00  49.93   -6.30 1021.0           SCILLY
1892 12 19 14 00  49.93   -6.30 1019.3           SCILLY
1892 12 19 18 00  49.93   -6.30 1017.9           SCILLY
1892 12 20 08 00  49.93   -6.30 1016.6           SCILLY
1892 12 20 14 00  49.93   -6.30 1015.9           SCILLY
1892 12 20 18 00  49.93   -6.30 1015.6           SCILLY
1892 12 21 08 00  49.93   -6.30 1015.2           SCILLY
1892 12 21 14 00  49.93   -6.30 1014.9           SCILLY
1892 12 21 18 00  49.93   -6.30 1013.9           SCILLY
1892 12 22 08 00  49.93   -6.30 1008.5           SCILLY
1892 12 22 14 00  49.93   -6.30 1007.5           SCILLY
1892 12 22 18 00  49.93   -6.30 1007.5           SCILLY
1892 12 23 08 00  49.93   -6.30 1008.8           SCILLY
1892 12 23 14 00  49.93   -6.30 1007.8           SCILLY
1892 12 23 18 00  49.93   -6.30 1006.4           SCILLY
1892 12 24 08 00  49.93   -6.30 1005.1           SCILLY
1892 12 24 14 00  49.93   -6.30 1006.4           SCILLY
1892 12 24 18 00  49.93   -6.30 1006.4           SCILLY
1892 12 25 08 00  49.93   -6.30 1002.4           SCILLY
1892 12 25 14 00  49.93   -6.30 1004.7           SCILLY
1892 12 25 18 00  49.93   -6.30 1007.1           SCILLY
1892 12 26 08 00  49.93   -6.30 1016.9           SCILLY
1892 12 26 14 00  49.93   -6.30 1017.9           SCILLY
1892 12 26 18 00  49.93   -6.30 1019.0           SCILLY
1892 12 27 08 00  49.93   -6.30 1021.3           SCILLY
1892 12 27 14 00  49.93   -6.30 1022.4           SCILLY
1892 12 27 18 00  49.93   -6.30 1023.0           SCILLY
1892 12 28 08 00  49.93   -6.30 1024.4           SCILLY
1892 12 28 14 00  49.93   -6.30 1023.0           SCILLY
1892 12 28 18 00  49.93   -6.30 1021.0           SCILLY
1892 12 29 08 00  49.93   -6.30 1013.2           SCILLY
1892 12 29 14 00  49.93   -6.30 1010.2           SCILLY
1892 12 29 18 00  49.93   -6.30 1008.8           SCILLY
1892 12 30 08 00  49.93   -6.30 1004.4           SCILLY
1892 12 30 14 00  49.93   -6.30 1002.7           SCILLY
1892 12 30 18 00  49.93   -6.30 1002.0           SCILLY
1892 12 31 08 00  49.93   -6.30  999.0           SCILLY
1892 12 31 14 00  49.93   -6.30  999.7           SCILLY
1892 12 31 18 00  49.93   -6.30 1000.3           SCILLY
