1877 11 01 08 00  49.93   -6.30 1032.5           SCILLY
1877 11 01 14 00  49.93   -6.30 1031.5           SCILLY
1877 11 01 18 00  49.93   -6.30 1029.8           SCILLY
1877 11 02 08 00  49.93   -6.30 1020.3           SCILLY
1877 11 02 14 00  49.93   -6.30 1015.6           SCILLY
1877 11 02 18 00  49.93   -6.30 1013.5           SCILLY
1877 11 03 08 00  49.93   -6.30 1021.3           SCILLY
1877 11 03 14 00  49.93   -6.30 1021.3           SCILLY
1877 11 03 18 00  49.93   -6.30 1020.7           SCILLY
1877 11 04 08 00  49.93   -6.30 1010.8           SCILLY
1877 11 04 14 00  49.93   -6.30 1007.5           SCILLY
1877 11 04 18 00  49.93   -6.30 1007.1           SCILLY
1877 11 05 08 00  49.93   -6.30 1010.5           SCILLY
1877 11 05 14 00  49.93   -6.30 1011.9           SCILLY
1877 11 05 18 00  49.93   -6.30 1011.2           SCILLY
1877 11 06 08 00  49.93   -6.30 1006.8           SCILLY
1877 11 06 14 00  49.93   -6.30 1004.1           SCILLY
1877 11 06 18 00  49.93   -6.30 1001.7           SCILLY
1877 11 07 08 00  49.93   -6.30 1003.4           SCILLY
1877 11 07 14 00  49.93   -6.30 1004.4           SCILLY
1877 11 07 18 00  49.93   -6.30 1005.1           SCILLY
1877 11 08 08 00  49.93   -6.30 1008.8           SCILLY
1877 11 08 14 00  49.93   -6.30 1009.8           SCILLY
1877 11 08 18 00  49.93   -6.30 1008.8           SCILLY
1877 11 09 08 00  49.93   -6.30 1001.4           SCILLY
1877 11 09 14 00  49.93   -6.30  997.6           SCILLY
1877 11 09 18 00  49.93   -6.30  996.3           SCILLY
1877 11 10 08 00  49.93   -6.30  992.6           SCILLY
1877 11 10 14 00  49.93   -6.30  993.2           SCILLY
1877 11 10 18 00  49.93   -6.30  995.9           SCILLY
1877 11 11 08 00  49.93   -6.30  986.5           SCILLY
1877 11 11 14 00  49.93   -6.30  973.6           SCILLY
1877 11 11 18 00  49.93   -6.30  971.2           SCILLY
1877 11 12 08 00  49.93   -6.30  977.0           SCILLY
1877 11 12 14 00  49.93   -6.30  974.6           SCILLY
1877 11 12 18 00  49.93   -6.30  979.3           SCILLY
1877 11 13 08 00  49.93   -6.30  994.6           SCILLY
1877 11 13 14 00  49.93   -6.30 1000.7           SCILLY
1877 11 13 18 00  49.93   -6.30 1005.8           SCILLY
1877 11 14 08 00  49.93   -6.30 1016.6           SCILLY
1877 11 14 14 00  49.93   -6.30 1016.9           SCILLY
1877 11 14 18 00  49.93   -6.30 1016.9           SCILLY
1877 11 15 08 00  49.93   -6.30 1023.7           SCILLY
1877 11 15 14 00  49.93   -6.30 1024.0           SCILLY
1877 11 15 18 00  49.93   -6.30 1023.4           SCILLY
1877 11 16 08 00  49.93   -6.30 1027.4           SCILLY
1877 11 16 14 00  49.93   -6.30 1030.1           SCILLY
1877 11 16 18 00  49.93   -6.30 1031.5           SCILLY
1877 11 17 08 00  49.93   -6.30 1030.1           SCILLY
1877 11 17 14 00  49.93   -6.30 1026.8           SCILLY
1877 11 17 18 00  49.93   -6.30 1025.7           SCILLY
1877 11 18 08 00  49.93   -6.30 1021.0           SCILLY
1877 11 18 14 00  49.93   -6.30 1021.0           SCILLY
1877 11 18 18 00  49.93   -6.30 1021.0           SCILLY
1877 11 19 08 00  49.93   -6.30 1011.9           SCILLY
1877 11 19 14 00  49.93   -6.30 1009.5           SCILLY
1877 11 19 18 00  49.93   -6.30 1009.8           SCILLY
1877 11 20 08 00  49.93   -6.30 1010.8           SCILLY
1877 11 20 14 00  49.93   -6.30 1014.2           SCILLY
1877 11 20 18 00  49.93   -6.30 1016.3           SCILLY
1877 11 21 08 00  49.93   -6.30 1009.8           SCILLY
1877 11 21 14 00  49.93   -6.30 1006.4           SCILLY
1877 11 21 18 00  49.93   -6.30 1003.7           SCILLY
1877 11 22 08 00  49.93   -6.30  998.0           SCILLY
1877 11 22 14 00  49.93   -6.30  998.6           SCILLY
1877 11 22 18 00  49.93   -6.30  999.7           SCILLY
1877 11 23 08 00  49.93   -6.30 1010.5           SCILLY
1877 11 23 14 00  49.93   -6.30 1011.5           SCILLY
1877 11 23 18 00  49.93   -6.30 1010.8           SCILLY
1877 11 24 08 00  49.93   -6.30  992.9           SCILLY
1877 11 24 14 00  49.93   -6.30  984.8           SCILLY
1877 11 24 18 00  49.93   -6.30  983.4           SCILLY
1877 11 25 08 00  49.93   -6.30 1013.2           SCILLY
1877 11 25 14 00  49.93   -6.30 1017.6           SCILLY
1877 11 25 18 00  49.93   -6.30 1017.9           SCILLY
1877 11 26 08 00  49.93   -6.30 1010.5           SCILLY
1877 11 26 14 00  49.93   -6.30 1000.3           SCILLY
1877 11 26 18 00  49.93   -6.30  995.6           SCILLY
1877 11 27 08 00  49.93   -6.30  993.9           SCILLY
1877 11 27 14 00  49.93   -6.30  989.5           SCILLY
1877 11 27 18 00  49.93   -6.30  992.2           SCILLY
1877 11 28 08 00  49.93   -6.30  993.9           SCILLY
1877 11 28 14 00  49.93   -6.30  991.9           SCILLY
1877 11 28 18 00  49.93   -6.30  986.8           SCILLY
1877 11 29 08 00  49.93   -6.30  979.7           SCILLY
1877 11 29 14 00  49.93   -6.30  982.7           SCILLY
1877 11 29 18 00  49.93   -6.30  982.7           SCILLY
1877 11 30 08 00  49.93   -6.30  990.9           SCILLY
1877 11 30 14 00  49.93   -6.30  992.6           SCILLY
1877 11 30 18 00  49.93   -6.30  989.8           SCILLY
