1888 12 01 08 00  49.92   -6.30 1009.1           SCILLY
1888 12 01 08 00  56.82   -5.11 1000.0      FORTWILLIAM
1888 12 01 09 00  56.82   -5.11  999.7      FORTWILLIAM
1888 12 01 14 00  49.92   -6.30 1010.8           SCILLY
1888 12 01 14 00  56.82   -5.11  996.3      FORTWILLIAM
1888 12 01 18 00  49.92   -6.30 1011.5           SCILLY
1888 12 01 18 00  56.82   -5.11  996.2      FORTWILLIAM
1888 12 01 21 00  56.82   -5.11  998.3      FORTWILLIAM
1888 12 02 08 00  49.92   -6.30 1013.9           SCILLY
1888 12 02 08 00  56.82   -5.11 1002.8      FORTWILLIAM
1888 12 02 09 00  56.82   -5.11 1003.0      FORTWILLIAM
1888 12 02 14 00  49.92   -6.30 1012.9           SCILLY
1888 12 02 14 00  56.82   -5.11 1001.9      FORTWILLIAM
1888 12 02 18 00  49.92   -6.30 1012.5           SCILLY
1888 12 02 18 00  56.82   -5.11 1002.8      FORTWILLIAM
1888 12 02 21 00  56.82   -5.11 1003.4      FORTWILLIAM
1888 12 03 08 00  49.92   -6.30 1007.5           SCILLY
1888 12 03 08 00  56.82   -5.11  992.7      FORTWILLIAM
1888 12 03 09 00  56.82   -5.11  991.8      FORTWILLIAM
1888 12 03 14 00  49.92   -6.30 1006.4           SCILLY
1888 12 03 14 00  56.82   -5.11  991.5      FORTWILLIAM
1888 12 03 18 00  49.92   -6.30 1007.1           SCILLY
1888 12 03 18 00  56.82   -5.11  989.9      FORTWILLIAM
1888 12 03 21 00  56.82   -5.11  994.2      FORTWILLIAM
1888 12 04 08 00  49.92   -6.30 1014.6           SCILLY
1888 12 04 08 00  56.82   -5.11 1003.9      FORTWILLIAM
1888 12 04 09 00  56.82   -5.11 1006.7      FORTWILLIAM
1888 12 04 14 00  49.92   -6.30 1015.9           SCILLY
1888 12 04 14 00  56.82   -5.11 1010.2      FORTWILLIAM
1888 12 04 18 00  49.92   -6.30 1015.6           SCILLY
1888 12 04 18 00  56.82   -5.11 1011.9      FORTWILLIAM
1888 12 04 21 00  56.82   -5.11 1012.1      FORTWILLIAM
1888 12 05 08 00  49.92   -6.30 1013.9           SCILLY
1888 12 05 08 00  56.82   -5.11 1007.3      FORTWILLIAM
1888 12 05 09 00  56.82   -5.11 1007.2      FORTWILLIAM
1888 12 05 14 00  49.92   -6.30 1014.9           SCILLY
1888 12 05 14 00  56.82   -5.11 1008.1      FORTWILLIAM
1888 12 05 18 00  49.92   -6.30 1015.9           SCILLY
1888 12 05 18 00  56.82   -5.11 1008.7      FORTWILLIAM
1888 12 05 21 00  56.82   -5.11 1010.4      FORTWILLIAM
1888 12 06 08 00  49.92   -6.30 1017.3           SCILLY
1888 12 06 08 00  56.82   -5.11 1014.6      FORTWILLIAM
1888 12 06 09 00  56.82   -5.11 1015.8      FORTWILLIAM
1888 12 06 14 00  49.92   -6.30 1015.6           SCILLY
1888 12 06 14 00  56.82   -5.11 1015.1      FORTWILLIAM
1888 12 06 18 00  49.92   -6.30 1012.9           SCILLY
1888 12 06 18 00  56.82   -5.11 1012.6      FORTWILLIAM
1888 12 06 21 00  56.82   -5.11 1010.7      FORTWILLIAM
1888 12 07 08 00  49.92   -6.30 1009.5           SCILLY
1888 12 07 08 00  56.82   -5.11 1002.3      FORTWILLIAM
1888 12 07 09 00  56.82   -5.11 1002.2      FORTWILLIAM
1888 12 07 14 00  49.92   -6.30 1010.5           SCILLY
1888 12 07 14 00  56.82   -5.11 1002.8      FORTWILLIAM
1888 12 07 18 00  49.92   -6.30 1012.2           SCILLY
1888 12 07 18 00  56.82   -5.11 1006.3      FORTWILLIAM
1888 12 07 21 00  56.82   -5.11 1009.8      FORTWILLIAM
1888 12 08 08 00  49.92   -6.30 1017.3           SCILLY
1888 12 08 08 00  56.82   -5.11 1016.0      FORTWILLIAM
1888 12 08 09 00  56.82   -5.11 1016.8      FORTWILLIAM
1888 12 08 14 00  49.92   -6.30 1018.6           SCILLY
1888 12 08 14 00  56.82   -5.11 1016.7      FORTWILLIAM
1888 12 08 18 00  49.92   -6.30 1019.6           SCILLY
1888 12 08 18 00  56.82   -5.11 1016.3      FORTWILLIAM
1888 12 08 21 00  56.82   -5.11 1016.9      FORTWILLIAM
1888 12 09 08 00  49.92   -6.30 1024.7           SCILLY
1888 12 09 08 00  56.82   -5.11 1021.7      FORTWILLIAM
1888 12 09 09 00  56.82   -5.11 1022.6      FORTWILLIAM
1888 12 09 14 00  49.92   -6.30 1023.7           SCILLY
1888 12 09 14 00  56.82   -5.11 1023.1      FORTWILLIAM
1888 12 09 18 00  49.92   -6.30 1023.7           SCILLY
1888 12 09 18 00  56.82   -5.11 1025.1      FORTWILLIAM
1888 12 09 21 00  56.82   -5.11 1025.4      FORTWILLIAM
1888 12 10 08 00  49.92   -6.30 1023.4           SCILLY
1888 12 10 08 00  56.82   -5.11 1026.8      FORTWILLIAM
1888 12 10 09 00  56.82   -5.11 1026.9      FORTWILLIAM
1888 12 10 14 00  49.92   -6.30 1023.4           SCILLY
1888 12 10 14 00  56.82   -5.11 1025.8      FORTWILLIAM
1888 12 10 18 00  49.92   -6.30 1022.4           SCILLY
1888 12 10 18 00  56.82   -5.11 1028.8      FORTWILLIAM
1888 12 10 21 00  56.82   -5.11 1023.4      FORTWILLIAM
1888 12 11 08 00  49.92   -6.30 1018.3           SCILLY
1888 12 11 08 00  56.82   -5.11 1019.1      FORTWILLIAM
1888 12 11 09 00  56.82   -5.11 1018.6      FORTWILLIAM
1888 12 11 14 00  49.92   -6.30 1017.6           SCILLY
1888 12 11 14 00  56.82   -5.11 1016.5      FORTWILLIAM
1888 12 11 18 00  49.92   -6.30 1019.6           SCILLY
1888 12 11 18 00  56.82   -5.11 1016.5      FORTWILLIAM
1888 12 11 21 00  56.82   -5.11 1017.7      FORTWILLIAM
1888 12 12 08 00  49.92   -6.30 1023.4           SCILLY
1888 12 12 08 00  56.82   -5.11 1020.1      FORTWILLIAM
1888 12 12 09 00  56.82   -5.11 1020.2      FORTWILLIAM
1888 12 12 14 00  49.92   -6.30 1022.0           SCILLY
1888 12 12 14 00  56.82   -5.11 1019.9      FORTWILLIAM
1888 12 12 18 00  49.92   -6.30 1021.0           SCILLY
1888 12 12 18 00  56.82   -5.11 1015.8      FORTWILLIAM
1888 12 12 21 00  56.82   -5.11 1019.3      FORTWILLIAM
1888 12 13 08 00  49.92   -6.30 1018.6           SCILLY
1888 12 13 08 00  56.82   -5.11 1018.6      FORTWILLIAM
1888 12 13 09 00  56.82   -5.11 1018.4      FORTWILLIAM
1888 12 13 14 00  49.92   -6.30 1017.9           SCILLY
1888 12 13 14 00  56.82   -5.11 1016.9      FORTWILLIAM
1888 12 13 18 00  49.92   -6.30 1017.3           SCILLY
1888 12 13 18 00  56.82   -5.11 1016.2      FORTWILLIAM
1888 12 13 21 00  56.82   -5.11 1016.1      FORTWILLIAM
1888 12 14 08 00  49.92   -6.30 1019.0           SCILLY
1888 12 14 08 00  56.82   -5.11 1017.3      FORTWILLIAM
1888 12 14 09 00  56.82   -5.11 1017.7      FORTWILLIAM
1888 12 14 14 00  49.92   -6.30 1020.7           SCILLY
1888 12 14 14 00  56.82   -5.11 1021.0      FORTWILLIAM
1888 12 14 18 00  49.92   -6.30 1021.3           SCILLY
1888 12 14 18 00  56.82   -5.11 1023.6      FORTWILLIAM
1888 12 14 21 00  56.82   -5.11 1025.2      FORTWILLIAM
1888 12 15 08 00  49.92   -6.30 1026.8           SCILLY
1888 12 15 08 00  56.82   -5.11 1028.6      FORTWILLIAM
1888 12 15 09 00  56.82   -5.11 1029.5      FORTWILLIAM
1888 12 15 14 00  49.92   -6.30 1028.4           SCILLY
1888 12 15 14 00  56.82   -5.11 1029.2      FORTWILLIAM
1888 12 15 18 00  49.92   -6.30 1029.1           SCILLY
1888 12 15 18 00  56.82   -5.11 1029.3      FORTWILLIAM
1888 12 15 21 00  56.82   -5.11 1029.4      FORTWILLIAM
1888 12 16 08 00  49.92   -6.30 1031.8           SCILLY
1888 12 16 08 00  56.82   -5.11 1029.0      FORTWILLIAM
1888 12 16 09 00  56.82   -5.11 1028.0      FORTWILLIAM
1888 12 16 14 00  49.92   -6.30 1031.2           SCILLY
1888 12 16 14 00  56.82   -5.11 1025.6      FORTWILLIAM
1888 12 16 18 00  49.92   -6.30 1029.8           SCILLY
1888 12 16 18 00  56.82   -5.11 1024.6      FORTWILLIAM
1888 12 16 21 00  56.82   -5.11 1023.9      FORTWILLIAM
1888 12 17 08 00  49.92   -6.30 1026.4           SCILLY
1888 12 17 08 00  56.82   -5.11 1021.9      FORTWILLIAM
1888 12 17 09 00  56.82   -5.11 1022.0      FORTWILLIAM
1888 12 17 14 00  49.92   -6.30 1024.7           SCILLY
1888 12 17 14 00  56.82   -5.11 1021.0      FORTWILLIAM
1888 12 17 18 00  49.92   -6.30 1023.0           SCILLY
1888 12 17 18 00  56.82   -5.11 1020.5      FORTWILLIAM
1888 12 17 21 00  56.82   -5.11 1020.5      FORTWILLIAM
1888 12 18 08 00  49.92   -6.30 1016.9           SCILLY
1888 12 18 08 00  56.82   -5.11 1017.0      FORTWILLIAM
1888 12 18 09 00  56.82   -5.11 1016.9      FORTWILLIAM
1888 12 18 14 00  49.92   -6.30 1015.9           SCILLY
1888 12 18 14 00  56.82   -5.11 1013.5      FORTWILLIAM
1888 12 18 18 00  49.92   -6.30 1015.2           SCILLY
1888 12 18 18 00  56.82   -5.11 1011.0      FORTWILLIAM
1888 12 18 21 00  56.82   -5.11 1008.5      FORTWILLIAM
1888 12 19 08 00  49.92   -6.30 1005.8           SCILLY
1888 12 19 08 00  56.82   -5.11 1000.2      FORTWILLIAM
1888 12 19 09 00  56.82   -5.11  999.0      FORTWILLIAM
1888 12 19 14 00  49.92   -6.30 1002.0           SCILLY
1888 12 19 14 00  56.82   -5.11  993.4      FORTWILLIAM
1888 12 19 18 00  49.92   -6.30 1000.3           SCILLY
1888 12 19 18 00  56.82   -5.11  991.4      FORTWILLIAM
1888 12 19 21 00  56.82   -5.11  989.2      FORTWILLIAM
1888 12 20 08 00  49.92   -6.30 1000.0           SCILLY
1888 12 20 08 00  56.82   -5.11  996.1      FORTWILLIAM
1888 12 20 09 00  56.82   -5.11  996.4      FORTWILLIAM
1888 12 20 14 00  49.92   -6.30  998.6           SCILLY
1888 12 20 14 00  56.82   -5.11  995.2      FORTWILLIAM
1888 12 20 18 00  49.92   -6.30  997.3           SCILLY
1888 12 20 18 00  56.82   -5.11  992.4      FORTWILLIAM
1888 12 20 21 00  56.82   -5.11  991.1      FORTWILLIAM
1888 12 21 08 00  49.92   -6.30  979.0           SCILLY
1888 12 21 08 00  56.82   -5.11  984.2      FORTWILLIAM
1888 12 21 09 00  56.82   -5.11  983.0      FORTWILLIAM
1888 12 21 14 00  49.92   -6.30  965.1           SCILLY
1888 12 21 14 00  56.82   -5.11  978.5      FORTWILLIAM
1888 12 21 18 00  49.92   -6.30  969.5           SCILLY
1888 12 21 18 00  56.82   -5.11  978.9      FORTWILLIAM
1888 12 21 21 00  56.82   -5.11  979.0      FORTWILLIAM
1888 12 22 08 00  49.92   -6.30  980.4           SCILLY
1888 12 22 08 00  56.82   -5.11  982.5      FORTWILLIAM
1888 12 22 09 00  56.82   -5.11  983.8      FORTWILLIAM
1888 12 22 14 00  49.92   -6.30  986.1           SCILLY
1888 12 22 14 00  56.82   -5.11  987.3      FORTWILLIAM
1888 12 22 18 00  49.92   -6.30  988.1           SCILLY
1888 12 22 18 00  56.82   -5.11  990.9      FORTWILLIAM
1888 12 22 21 00  56.82   -5.11  993.4      FORTWILLIAM
1888 12 23 08 00  49.92   -6.30  999.3           SCILLY
1888 12 23 08 00  56.82   -5.11  997.8      FORTWILLIAM
1888 12 23 09 00  56.82   -5.11  996.0      FORTWILLIAM
1888 12 23 14 00  49.92   -6.30 1002.7           SCILLY
1888 12 23 14 00  56.82   -5.11  995.8      FORTWILLIAM
1888 12 23 18 00  49.92   -6.30 1003.0           SCILLY
1888 12 23 18 00  56.82   -5.11  992.8      FORTWILLIAM
1888 12 23 21 00  56.82   -5.11  989.1      FORTWILLIAM
1888 12 24 08 00  49.92   -6.30  999.0           SCILLY
1888 12 24 08 00  56.82   -5.11  985.1      FORTWILLIAM
1888 12 24 09 00  56.82   -5.11  984.3      FORTWILLIAM
1888 12 24 14 00  49.92   -6.30  997.6           SCILLY
1888 12 24 14 00  56.82   -5.11  988.9      FORTWILLIAM
1888 12 24 18 00  49.92   -6.30 1001.4           SCILLY
1888 12 24 18 00  56.82   -5.11  993.7      FORTWILLIAM
1888 12 24 21 00  56.82   -5.11  996.5      FORTWILLIAM
1888 12 25 08 00  49.92   -6.30  998.3           SCILLY
1888 12 25 08 00  56.82   -5.11  993.2      FORTWILLIAM
1888 12 25 09 00  56.82   -5.11  995.1      FORTWILLIAM
1888 12 25 14 00  49.92   -6.30  997.3           SCILLY
1888 12 25 14 00  56.82   -5.11  988.2      FORTWILLIAM
1888 12 25 18 00  49.92   -6.30 1000.7           SCILLY
1888 12 25 18 00  56.82   -5.11  983.1      FORTWILLIAM
1888 12 25 21 00  56.82   -5.11  986.2      FORTWILLIAM
1888 12 26 08 00  49.92   -6.30 1009.5           SCILLY
1888 12 26 08 00  56.82   -5.11  996.4      FORTWILLIAM
1888 12 26 09 00  56.82   -5.11  997.0      FORTWILLIAM
1888 12 26 14 00  49.92   -6.30 1013.5           SCILLY
1888 12 26 14 00  56.82   -5.11 1001.4      FORTWILLIAM
1888 12 26 18 00  49.92   -6.30 1014.9           SCILLY
1888 12 26 18 00  56.82   -5.11 1002.0      FORTWILLIAM
1888 12 26 21 00  56.82   -5.11 1003.4      FORTWILLIAM
1888 12 27 08 00  49.92   -6.30 1008.1           SCILLY
1888 12 27 08 00  56.82   -5.11 1001.8      FORTWILLIAM
1888 12 27 09 00  56.82   -5.11 1000.3      FORTWILLIAM
1888 12 27 14 00  49.92   -6.30 1003.4           SCILLY
1888 12 27 14 00  56.82   -5.11  991.9      FORTWILLIAM
1888 12 27 18 00  49.92   -6.30 1000.7           SCILLY
1888 12 27 18 00  56.82   -5.11  990.1      FORTWILLIAM
1888 12 27 21 00  56.82   -5.11  988.6      FORTWILLIAM
1888 12 28 08 00  49.92   -6.30  998.3           SCILLY
1888 12 28 08 00  56.82   -5.11  990.6      FORTWILLIAM
1888 12 28 09 00  56.82   -5.11  992.0      FORTWILLIAM
1888 12 28 14 00  49.92   -6.30 1001.7           SCILLY
1888 12 28 14 00  56.82   -5.11  998.5      FORTWILLIAM
1888 12 28 18 00  49.92   -6.30 1003.0           SCILLY
1888 12 28 18 00  56.82   -5.11 1003.0      FORTWILLIAM
1888 12 28 21 00  56.82   -5.11 1006.1      FORTWILLIAM
1888 12 29 08 00  49.92   -6.30 1012.9           SCILLY
1888 12 29 08 00  56.82   -5.11 1014.4      FORTWILLIAM
1888 12 29 09 00  56.82   -5.11 1015.3      FORTWILLIAM
1888 12 29 14 00  49.92   -6.30 1014.9           SCILLY
1888 12 29 14 00  56.82   -5.11 1018.2      FORTWILLIAM
1888 12 29 18 00  49.92   -6.30 1015.6           SCILLY
1888 12 29 18 00  56.82   -5.11 1020.0      FORTWILLIAM
1888 12 29 21 00  56.82   -5.11 1021.5      FORTWILLIAM
1888 12 30 08 00  49.92   -6.30 1019.0           SCILLY
1888 12 30 08 00  56.82   -5.11 1021.9      FORTWILLIAM
1888 12 30 09 00  56.82   -5.11 1022.2      FORTWILLIAM
1888 12 30 14 00  49.92   -6.30 1020.0           SCILLY
1888 12 30 14 00  56.82   -5.11 1020.1      FORTWILLIAM
1888 12 30 18 00  49.92   -6.30 1020.0           SCILLY
1888 12 30 18 00  56.82   -5.11 1017.7      FORTWILLIAM
1888 12 30 21 00  56.82   -5.11 1016.7      FORTWILLIAM
1888 12 31 08 00  49.92   -6.30 1018.6           SCILLY
1888 12 31 08 00  56.82   -5.11 1010.7      FORTWILLIAM
1888 12 31 09 00  56.82   -5.11 1006.6      FORTWILLIAM
1888 12 31 14 00  49.92   -6.30 1016.6           SCILLY
1888 12 31 14 00  56.82   -5.11 1008.2      FORTWILLIAM
1888 12 31 18 00  49.92   -6.30 1016.6           SCILLY
1888 12 31 18 00  56.82   -5.11 1007.2      FORTWILLIAM
1888 12 31 21 00  56.82   -5.11 1008.7      FORTWILLIAM
