1896 12 01 01 00  56.82   -5.11 1019.4      FORTWILLIAM
1896 12 01 02 00  56.82   -5.11 1018.9      FORTWILLIAM
1896 12 01 03 00  56.82   -5.11 1018.4      FORTWILLIAM
1896 12 01 04 00  56.82   -5.11 1017.8      FORTWILLIAM
1896 12 01 05 00  56.82   -5.11 1016.8      FORTWILLIAM
1896 12 01 06 00  56.82   -5.11 1016.1      FORTWILLIAM
1896 12 01 07 00  56.82   -5.11 1015.5      FORTWILLIAM
1896 12 01 08 00  49.92   -6.30 1002.0           SCILLY
1896 12 01 08 00  56.82   -5.11 1014.6      FORTWILLIAM
1896 12 01 09 00  56.82   -5.11 1014.3      FORTWILLIAM
1896 12 01 10 00  56.82   -5.11 1013.8      FORTWILLIAM
1896 12 01 11 00  56.82   -5.11 1013.3      FORTWILLIAM
1896 12 01 12 00  56.82   -5.11 1012.3      FORTWILLIAM
1896 12 01 13 00  56.82   -5.11 1011.4      FORTWILLIAM
1896 12 01 14 00  49.92   -6.30  999.0           SCILLY
1896 12 01 14 00  56.82   -5.11 1010.4      FORTWILLIAM
1896 12 01 15 00  56.82   -5.11 1009.9      FORTWILLIAM
1896 12 01 16 00  56.82   -5.11 1009.2      FORTWILLIAM
1896 12 01 17 00  56.82   -5.11 1008.9      FORTWILLIAM
1896 12 01 18 00  49.92   -6.30  997.3           SCILLY
1896 12 01 18 00  56.82   -5.11 1008.5      FORTWILLIAM
1896 12 01 19 00  56.82   -5.11 1008.0      FORTWILLIAM
1896 12 01 20 00  56.82   -5.11 1008.2      FORTWILLIAM
1896 12 01 21 00  56.82   -5.11 1007.5      FORTWILLIAM
1896 12 01 22 00  56.82   -5.11 1007.3      FORTWILLIAM
1896 12 01 23 00  56.82   -5.11 1006.6      FORTWILLIAM
1896 12 01 24 00  56.82   -5.11 1005.6      FORTWILLIAM
1896 12 02 01 00  56.82   -5.11 1005.7      FORTWILLIAM
1896 12 02 02 00  56.82   -5.11 1004.7      FORTWILLIAM
1896 12 02 03 00  56.82   -5.11 1003.1      FORTWILLIAM
1896 12 02 04 00  56.82   -5.11 1002.3      FORTWILLIAM
1896 12 02 05 00  56.82   -5.11 1001.1      FORTWILLIAM
1896 12 02 06 00  56.82   -5.11 1002.0      FORTWILLIAM
1896 12 02 07 00  56.82   -5.11 1000.8      FORTWILLIAM
1896 12 02 08 00  49.92   -6.30  993.2           SCILLY
1896 12 02 08 00  56.82   -5.11 1001.2      FORTWILLIAM
1896 12 02 09 00  56.82   -5.11 1001.4      FORTWILLIAM
1896 12 02 10 00  56.82   -5.11 1001.3      FORTWILLIAM
1896 12 02 11 00  56.82   -5.11 1001.6      FORTWILLIAM
1896 12 02 12 00  56.82   -5.11 1000.9      FORTWILLIAM
1896 12 02 13 00  56.82   -5.11 1000.4      FORTWILLIAM
1896 12 02 14 00  49.92   -6.30  991.9           SCILLY
1896 12 02 14 00  56.82   -5.11  999.5      FORTWILLIAM
1896 12 02 15 00  56.82   -5.11  999.1      FORTWILLIAM
1896 12 02 16 00  56.82   -5.11  998.7      FORTWILLIAM
1896 12 02 17 00  56.82   -5.11  998.3      FORTWILLIAM
1896 12 02 18 00  49.92   -6.30  992.9           SCILLY
1896 12 02 18 00  56.82   -5.11  998.1      FORTWILLIAM
1896 12 02 19 00  56.82   -5.11  997.8      FORTWILLIAM
1896 12 02 20 00  56.82   -5.11  997.6      FORTWILLIAM
1896 12 02 21 00  56.82   -5.11  996.7      FORTWILLIAM
1896 12 02 22 00  56.82   -5.11  995.8      FORTWILLIAM
1896 12 02 23 00  56.82   -5.11  995.8      FORTWILLIAM
1896 12 02 24 00  56.82   -5.11  995.2      FORTWILLIAM
1896 12 03 01 00  56.82   -5.11  994.2      FORTWILLIAM
1896 12 03 02 00  56.82   -5.11  993.5      FORTWILLIAM
1896 12 03 03 00  56.82   -5.11  992.8      FORTWILLIAM
1896 12 03 04 00  56.82   -5.11  992.0      FORTWILLIAM
1896 12 03 05 00  56.82   -5.11  991.3      FORTWILLIAM
1896 12 03 06 00  56.82   -5.11  990.6      FORTWILLIAM
1896 12 03 07 00  56.82   -5.11  990.6      FORTWILLIAM
1896 12 03 08 00  49.92   -6.30  995.9           SCILLY
1896 12 03 08 00  56.82   -5.11  990.7      FORTWILLIAM
1896 12 03 09 00  56.82   -5.11  990.5      FORTWILLIAM
1896 12 03 10 00  56.82   -5.11  990.2      FORTWILLIAM
1896 12 03 11 00  56.82   -5.11  990.1      FORTWILLIAM
1896 12 03 12 00  56.82   -5.11  989.9      FORTWILLIAM
1896 12 03 13 00  56.82   -5.11  989.3      FORTWILLIAM
1896 12 03 14 00  49.92   -6.30  993.9           SCILLY
1896 12 03 14 00  56.82   -5.11  988.9      FORTWILLIAM
1896 12 03 15 00  56.82   -5.11  988.3      FORTWILLIAM
1896 12 03 16 00  56.82   -5.11  987.8      FORTWILLIAM
1896 12 03 17 00  56.82   -5.11  987.4      FORTWILLIAM
1896 12 03 18 00  49.92   -6.30  993.6           SCILLY
1896 12 03 18 00  56.82   -5.11  987.4      FORTWILLIAM
1896 12 03 19 00  56.82   -5.11  987.1      FORTWILLIAM
1896 12 03 20 00  56.82   -5.11  987.3      FORTWILLIAM
1896 12 03 21 00  56.82   -5.11  988.1      FORTWILLIAM
1896 12 03 22 00  56.82   -5.11  988.0      FORTWILLIAM
1896 12 03 23 00  56.82   -5.11  988.3      FORTWILLIAM
1896 12 03 24 00  56.82   -5.11  988.2      FORTWILLIAM
1896 12 04 01 00  56.82   -5.11  988.1      FORTWILLIAM
1896 12 04 02 00  56.82   -5.11  987.7      FORTWILLIAM
1896 12 04 03 00  56.82   -5.11  987.7      FORTWILLIAM
1896 12 04 04 00  56.82   -5.11  988.0      FORTWILLIAM
1896 12 04 05 00  56.82   -5.11  988.6      FORTWILLIAM
1896 12 04 06 00  56.82   -5.11  988.4      FORTWILLIAM
1896 12 04 07 00  56.82   -5.11  988.9      FORTWILLIAM
1896 12 04 08 00  49.92   -6.30  971.6           SCILLY
1896 12 04 08 00  56.82   -5.11  989.6      FORTWILLIAM
1896 12 04 09 00  56.82   -5.11  989.9      FORTWILLIAM
1896 12 04 10 00  56.82   -5.11  990.4      FORTWILLIAM
1896 12 04 11 00  56.82   -5.11  990.6      FORTWILLIAM
1896 12 04 12 00  56.82   -5.11  990.5      FORTWILLIAM
1896 12 04 13 00  56.82   -5.11  990.8      FORTWILLIAM
1896 12 04 14 00  49.92   -6.30  971.2           SCILLY
1896 12 04 14 00  56.82   -5.11  990.9      FORTWILLIAM
1896 12 04 15 00  56.82   -5.11  990.8      FORTWILLIAM
1896 12 04 16 00  56.82   -5.11  991.9      FORTWILLIAM
1896 12 04 17 00  56.82   -5.11  992.1      FORTWILLIAM
1896 12 04 18 00  49.92   -6.30  974.3           SCILLY
1896 12 04 18 00  56.82   -5.11  992.4      FORTWILLIAM
1896 12 04 19 00  56.82   -5.11  991.9      FORTWILLIAM
1896 12 04 20 00  56.82   -5.11  991.3      FORTWILLIAM
1896 12 04 21 00  56.82   -5.11  991.4      FORTWILLIAM
1896 12 04 22 00  56.82   -5.11  990.6      FORTWILLIAM
1896 12 04 23 00  56.82   -5.11  989.7      FORTWILLIAM
1896 12 04 24 00  56.82   -5.11  989.0      FORTWILLIAM
1896 12 05 01 00  56.82   -5.11  988.1      FORTWILLIAM
1896 12 05 02 00  56.82   -5.11  986.8      FORTWILLIAM
1896 12 05 03 00  56.82   -5.11  985.5      FORTWILLIAM
1896 12 05 04 00  56.82   -5.11  984.3      FORTWILLIAM
1896 12 05 05 00  56.82   -5.11  983.1      FORTWILLIAM
1896 12 05 06 00  56.82   -5.11  982.1      FORTWILLIAM
1896 12 05 07 00  56.82   -5.11  981.2      FORTWILLIAM
1896 12 05 08 00  49.92   -6.30  989.2           SCILLY
1896 12 05 08 00  56.82   -5.11  980.6      FORTWILLIAM
1896 12 05 09 00  56.82   -5.11  980.2      FORTWILLIAM
1896 12 05 10 00  56.82   -5.11  979.7      FORTWILLIAM
1896 12 05 11 00  56.82   -5.11  978.9      FORTWILLIAM
1896 12 05 12 00  56.82   -5.11  977.9      FORTWILLIAM
1896 12 05 13 00  56.82   -5.11  976.8      FORTWILLIAM
1896 12 05 14 00  49.92   -6.30  983.1           SCILLY
1896 12 05 14 00  56.82   -5.11  975.8      FORTWILLIAM
1896 12 05 15 00  56.82   -5.11  975.0      FORTWILLIAM
1896 12 05 16 00  56.82   -5.11  974.7      FORTWILLIAM
1896 12 05 17 00  56.82   -5.11  973.9      FORTWILLIAM
1896 12 05 18 00  49.92   -6.30  976.0           SCILLY
1896 12 05 18 00  56.82   -5.11  973.6      FORTWILLIAM
1896 12 05 19 00  56.82   -5.11  973.0      FORTWILLIAM
1896 12 05 20 00  56.82   -5.11  972.9      FORTWILLIAM
1896 12 05 21 00  56.82   -5.11  972.7      FORTWILLIAM
1896 12 05 22 00  56.82   -5.11  972.4      FORTWILLIAM
1896 12 05 23 00  56.82   -5.11  972.2      FORTWILLIAM
1896 12 05 24 00  56.82   -5.11  972.4      FORTWILLIAM
1896 12 06 01 00  56.82   -5.11  972.5      FORTWILLIAM
1896 12 06 02 00  56.82   -5.11  972.7      FORTWILLIAM
1896 12 06 03 00  56.82   -5.11  973.1      FORTWILLIAM
1896 12 06 04 00  56.82   -5.11  973.4      FORTWILLIAM
1896 12 06 05 00  56.82   -5.11  973.7      FORTWILLIAM
1896 12 06 06 00  56.82   -5.11  974.7      FORTWILLIAM
1896 12 06 07 00  56.82   -5.11  975.7      FORTWILLIAM
1896 12 06 08 00  49.92   -6.30  963.8           SCILLY
1896 12 06 08 00  56.82   -5.11  976.4      FORTWILLIAM
1896 12 06 09 00  56.82   -5.11  977.5      FORTWILLIAM
1896 12 06 10 00  56.82   -5.11  978.1      FORTWILLIAM
1896 12 06 11 00  56.82   -5.11  978.8      FORTWILLIAM
1896 12 06 12 00  56.82   -5.11  979.0      FORTWILLIAM
1896 12 06 13 00  56.82   -5.11  979.0      FORTWILLIAM
1896 12 06 14 00  49.92   -6.30  969.9           SCILLY
1896 12 06 14 00  56.82   -5.11  979.3      FORTWILLIAM
1896 12 06 15 00  56.82   -5.11  979.8      FORTWILLIAM
1896 12 06 16 00  56.82   -5.11  980.3      FORTWILLIAM
1896 12 06 17 00  56.82   -5.11  980.7      FORTWILLIAM
1896 12 06 18 00  49.92   -6.30  975.3           SCILLY
1896 12 06 18 00  56.82   -5.11  981.0      FORTWILLIAM
1896 12 06 19 00  56.82   -5.11  981.2      FORTWILLIAM
1896 12 06 20 00  56.82   -5.11  981.6      FORTWILLIAM
1896 12 06 21 00  56.82   -5.11  982.1      FORTWILLIAM
1896 12 06 22 00  56.82   -5.11  982.1      FORTWILLIAM
1896 12 06 23 00  56.82   -5.11  982.6      FORTWILLIAM
1896 12 06 24 00  56.82   -5.11  982.9      FORTWILLIAM
1896 12 07 01 00  56.82   -5.11  982.8      FORTWILLIAM
1896 12 07 02 00  56.82   -5.11  982.9      FORTWILLIAM
1896 12 07 03 00  56.82   -5.11  983.3      FORTWILLIAM
1896 12 07 04 00  56.82   -5.11  983.8      FORTWILLIAM
1896 12 07 05 00  56.82   -5.11  984.4      FORTWILLIAM
1896 12 07 06 00  56.82   -5.11  985.1      FORTWILLIAM
1896 12 07 07 00  56.82   -5.11  985.7      FORTWILLIAM
1896 12 07 08 00  49.92   -6.30  997.0           SCILLY
1896 12 07 08 00  56.82   -5.11  986.6      FORTWILLIAM
1896 12 07 09 00  56.82   -5.11  987.4      FORTWILLIAM
1896 12 07 10 00  56.82   -5.11  988.3      FORTWILLIAM
1896 12 07 11 00  56.82   -5.11  988.9      FORTWILLIAM
1896 12 07 12 00  56.82   -5.11  989.6      FORTWILLIAM
1896 12 07 13 00  56.82   -5.11  990.0      FORTWILLIAM
1896 12 07 14 00  49.92   -6.30 1003.0           SCILLY
1896 12 07 14 00  56.82   -5.11  990.7      FORTWILLIAM
1896 12 07 15 00  56.82   -5.11  991.3      FORTWILLIAM
1896 12 07 16 00  56.82   -5.11  992.4      FORTWILLIAM
1896 12 07 17 00  56.82   -5.11  993.2      FORTWILLIAM
1896 12 07 18 00  49.92   -6.30 1005.4           SCILLY
1896 12 07 18 00  56.82   -5.11  994.1      FORTWILLIAM
1896 12 07 19 00  56.82   -5.11  994.6      FORTWILLIAM
1896 12 07 20 00  56.82   -5.11  995.1      FORTWILLIAM
1896 12 07 21 00  56.82   -5.11  995.7      FORTWILLIAM
1896 12 07 22 00  56.82   -5.11  996.5      FORTWILLIAM
1896 12 07 23 00  56.82   -5.11  997.2      FORTWILLIAM
1896 12 07 24 00  56.82   -5.11  997.3      FORTWILLIAM
1896 12 08 01 00  56.82   -5.11  997.7      FORTWILLIAM
1896 12 08 02 00  56.82   -5.11  998.2      FORTWILLIAM
1896 12 08 03 00  56.82   -5.11  998.2      FORTWILLIAM
1896 12 08 04 00  56.82   -5.11  998.1      FORTWILLIAM
1896 12 08 05 00  56.82   -5.11  998.1      FORTWILLIAM
1896 12 08 06 00  56.82   -5.11  998.1      FORTWILLIAM
1896 12 08 07 00  56.82   -5.11  998.1      FORTWILLIAM
1896 12 08 08 00  49.92   -6.30 1001.0           SCILLY
1896 12 08 08 00  56.82   -5.11  998.1      FORTWILLIAM
1896 12 08 09 00  56.82   -5.11  998.1      FORTWILLIAM
1896 12 08 10 00  56.82   -5.11  998.2      FORTWILLIAM
1896 12 08 11 00  56.82   -5.11  998.2      FORTWILLIAM
1896 12 08 12 00  56.82   -5.11  998.2      FORTWILLIAM
1896 12 08 13 00  56.82   -5.11  998.1      FORTWILLIAM
1896 12 08 14 00  49.92   -6.30  993.6           SCILLY
1896 12 08 14 00  56.82   -5.11  997.8      FORTWILLIAM
1896 12 08 15 00  56.82   -5.11  997.9      FORTWILLIAM
1896 12 08 16 00  56.82   -5.11  998.0      FORTWILLIAM
1896 12 08 17 00  56.82   -5.11  998.3      FORTWILLIAM
1896 12 08 18 00  49.92   -6.30  980.4           SCILLY
1896 12 08 18 00  56.82   -5.11  998.7      FORTWILLIAM
1896 12 08 19 00  56.82   -5.11  998.8      FORTWILLIAM
1896 12 08 20 00  56.82   -5.11  999.3      FORTWILLIAM
1896 12 08 21 00  56.82   -5.11  999.9      FORTWILLIAM
1896 12 08 22 00  56.82   -5.11 1000.1      FORTWILLIAM
1896 12 08 23 00  56.82   -5.11 1000.5      FORTWILLIAM
1896 12 08 24 00  56.82   -5.11 1000.5      FORTWILLIAM
1896 12 09 01 00  56.82   -5.11 1000.5      FORTWILLIAM
1896 12 09 02 00  56.82   -5.11 1000.7      FORTWILLIAM
1896 12 09 03 00  56.82   -5.11 1000.7      FORTWILLIAM
1896 12 09 04 00  56.82   -5.11 1000.7      FORTWILLIAM
1896 12 09 05 00  56.82   -5.11 1001.0      FORTWILLIAM
1896 12 09 06 00  56.82   -5.11 1001.3      FORTWILLIAM
1896 12 09 07 00  56.82   -5.11 1001.8      FORTWILLIAM
1896 12 09 08 00  49.92   -6.30 1004.1           SCILLY
1896 12 09 08 00  56.82   -5.11 1002.3      FORTWILLIAM
1896 12 09 09 00  56.82   -5.11 1003.0      FORTWILLIAM
1896 12 09 10 00  56.82   -5.11 1003.4      FORTWILLIAM
1896 12 09 11 00  56.82   -5.11 1003.4      FORTWILLIAM
1896 12 09 12 00  56.82   -5.11 1003.2      FORTWILLIAM
1896 12 09 13 00  56.82   -5.11 1003.7      FORTWILLIAM
1896 12 09 14 00  49.92   -6.30 1009.5           SCILLY
1896 12 09 14 00  56.82   -5.11 1004.1      FORTWILLIAM
1896 12 09 15 00  56.82   -5.11 1004.5      FORTWILLIAM
1896 12 09 16 00  56.82   -5.11 1005.0      FORTWILLIAM
1896 12 09 17 00  56.82   -5.11 1004.8      FORTWILLIAM
1896 12 09 18 00  49.92   -6.30 1011.5           SCILLY
1896 12 09 18 00  56.82   -5.11 1005.4      FORTWILLIAM
1896 12 09 19 00  56.82   -5.11 1006.0      FORTWILLIAM
1896 12 09 20 00  56.82   -5.11 1006.5      FORTWILLIAM
1896 12 09 21 00  56.82   -5.11 1006.5      FORTWILLIAM
1896 12 09 22 00  56.82   -5.11 1006.7      FORTWILLIAM
1896 12 09 23 00  56.82   -5.11 1006.6      FORTWILLIAM
1896 12 09 24 00  56.82   -5.11 1006.6      FORTWILLIAM
1896 12 10 01 00  56.82   -5.11 1006.5      FORTWILLIAM
1896 12 10 02 00  56.82   -5.11 1006.6      FORTWILLIAM
1896 12 10 03 00  56.82   -5.11 1005.9      FORTWILLIAM
1896 12 10 04 00  56.82   -5.11 1005.3      FORTWILLIAM
1896 12 10 05 00  56.82   -5.11 1005.0      FORTWILLIAM
1896 12 10 06 00  56.82   -5.11 1004.7      FORTWILLIAM
1896 12 10 07 00  56.82   -5.11 1004.4      FORTWILLIAM
1896 12 10 08 00  49.92   -6.30 1003.0           SCILLY
1896 12 10 08 00  56.82   -5.11 1004.1      FORTWILLIAM
1896 12 10 09 00  56.82   -5.11 1004.1      FORTWILLIAM
1896 12 10 10 00  56.82   -5.11 1004.1      FORTWILLIAM
1896 12 10 11 00  56.82   -5.11 1003.0      FORTWILLIAM
1896 12 10 12 00  56.82   -5.11 1001.7      FORTWILLIAM
1896 12 10 13 00  56.82   -5.11 1001.1      FORTWILLIAM
1896 12 10 14 00  49.92   -6.30 1000.7           SCILLY
1896 12 10 14 00  56.82   -5.11 1001.3      FORTWILLIAM
1896 12 10 15 00  56.82   -5.11 1001.0      FORTWILLIAM
1896 12 10 16 00  56.82   -5.11 1001.5      FORTWILLIAM
1896 12 10 17 00  56.82   -5.11 1001.0      FORTWILLIAM
1896 12 10 18 00  49.92   -6.30 1002.7           SCILLY
1896 12 10 18 00  56.82   -5.11 1001.0      FORTWILLIAM
1896 12 10 19 00  56.82   -5.11 1001.0      FORTWILLIAM
1896 12 10 20 00  56.82   -5.11 1001.0      FORTWILLIAM
1896 12 10 21 00  56.82   -5.11 1001.4      FORTWILLIAM
1896 12 10 22 00  56.82   -5.11 1001.8      FORTWILLIAM
1896 12 10 23 00  56.82   -5.11 1002.2      FORTWILLIAM
1896 12 10 24 00  56.82   -5.11 1002.4      FORTWILLIAM
1896 12 11 01 00  56.82   -5.11 1002.7      FORTWILLIAM
1896 12 11 02 00  56.82   -5.11 1003.5      FORTWILLIAM
1896 12 11 03 00  56.82   -5.11 1003.8      FORTWILLIAM
1896 12 11 04 00  56.82   -5.11 1004.4      FORTWILLIAM
1896 12 11 05 00  56.82   -5.11 1004.8      FORTWILLIAM
1896 12 11 06 00  56.82   -5.11 1005.7      FORTWILLIAM
1896 12 11 07 00  56.82   -5.11 1006.3      FORTWILLIAM
1896 12 11 08 00  49.92   -6.30 1013.5           SCILLY
1896 12 11 08 00  56.82   -5.11 1007.0      FORTWILLIAM
1896 12 11 09 00  56.82   -5.11 1007.9      FORTWILLIAM
1896 12 11 10 00  56.82   -5.11 1008.7      FORTWILLIAM
1896 12 11 11 00  56.82   -5.11 1008.9      FORTWILLIAM
1896 12 11 12 00  56.82   -5.11 1008.9      FORTWILLIAM
1896 12 11 13 00  56.82   -5.11 1009.1      FORTWILLIAM
1896 12 11 14 00  49.92   -6.30 1013.5           SCILLY
1896 12 11 14 00  56.82   -5.11 1009.1      FORTWILLIAM
1896 12 11 15 00  56.82   -5.11 1009.4      FORTWILLIAM
1896 12 11 16 00  56.82   -5.11 1009.7      FORTWILLIAM
1896 12 11 17 00  56.82   -5.11 1009.7      FORTWILLIAM
1896 12 11 18 00  49.92   -6.30 1016.3           SCILLY
1896 12 11 18 00  56.82   -5.11 1009.7      FORTWILLIAM
1896 12 11 19 00  56.82   -5.11 1009.6      FORTWILLIAM
1896 12 11 20 00  56.82   -5.11 1009.2      FORTWILLIAM
1896 12 11 21 00  56.82   -5.11 1009.1      FORTWILLIAM
1896 12 11 22 00  56.82   -5.11 1008.6      FORTWILLIAM
1896 12 11 23 00  56.82   -5.11 1008.1      FORTWILLIAM
1896 12 11 24 00  56.82   -5.11 1008.0      FORTWILLIAM
1896 12 12 01 00  56.82   -5.11 1007.2      FORTWILLIAM
1896 12 12 02 00  56.82   -5.11 1006.6      FORTWILLIAM
1896 12 12 03 00  56.82   -5.11 1005.9      FORTWILLIAM
1896 12 12 04 00  56.82   -5.11 1004.9      FORTWILLIAM
1896 12 12 05 00  56.82   -5.11 1003.7      FORTWILLIAM
1896 12 12 06 00  56.82   -5.11 1002.4      FORTWILLIAM
1896 12 12 07 00  56.82   -5.11 1001.6      FORTWILLIAM
1896 12 12 08 00  49.92   -6.30 1003.0           SCILLY
1896 12 12 08 00  56.82   -5.11 1000.4      FORTWILLIAM
1896 12 12 09 00  56.82   -5.11  999.9      FORTWILLIAM
1896 12 12 10 00  56.82   -5.11  999.2      FORTWILLIAM
1896 12 12 11 00  56.82   -5.11  998.6      FORTWILLIAM
1896 12 12 12 00  56.82   -5.11  997.8      FORTWILLIAM
1896 12 12 13 00  56.82   -5.11  997.3      FORTWILLIAM
1896 12 12 14 00  49.92   -6.30 1006.4           SCILLY
1896 12 12 14 00  56.82   -5.11  997.2      FORTWILLIAM
1896 12 12 15 00  56.82   -5.11  997.0      FORTWILLIAM
1896 12 12 16 00  56.82   -5.11  997.9      FORTWILLIAM
1896 12 12 17 00  56.82   -5.11  998.3      FORTWILLIAM
1896 12 12 18 00  49.92   -6.30 1009.1           SCILLY
1896 12 12 18 00  56.82   -5.11  998.8      FORTWILLIAM
1896 12 12 19 00  56.82   -5.11  999.6      FORTWILLIAM
1896 12 12 20 00  56.82   -5.11 1000.0      FORTWILLIAM
1896 12 12 21 00  56.82   -5.11 1000.5      FORTWILLIAM
1896 12 12 22 00  56.82   -5.11 1001.1      FORTWILLIAM
1896 12 12 23 00  56.82   -5.11 1001.5      FORTWILLIAM
1896 12 12 24 00  56.82   -5.11 1001.7      FORTWILLIAM
1896 12 13 01 00  56.82   -5.11 1002.0      FORTWILLIAM
1896 12 13 02 00  56.82   -5.11 1002.4      FORTWILLIAM
1896 12 13 03 00  56.82   -5.11 1002.9      FORTWILLIAM
1896 12 13 04 00  56.82   -5.11 1003.1      FORTWILLIAM
1896 12 13 05 00  56.82   -5.11 1002.9      FORTWILLIAM
1896 12 13 06 00  56.82   -5.11 1002.8      FORTWILLIAM
1896 12 13 07 00  56.82   -5.11 1002.8      FORTWILLIAM
1896 12 13 08 00  49.92   -6.30 1008.1           SCILLY
1896 12 13 08 00  56.82   -5.11 1003.0      FORTWILLIAM
1896 12 13 09 00  56.82   -5.11 1002.9      FORTWILLIAM
1896 12 13 10 00  56.82   -5.11 1003.0      FORTWILLIAM
1896 12 13 11 00  56.82   -5.11 1002.7      FORTWILLIAM
1896 12 13 12 00  56.82   -5.11 1001.8      FORTWILLIAM
1896 12 13 13 00  56.82   -5.11 1001.6      FORTWILLIAM
1896 12 13 14 00  49.92   -6.30  996.6           SCILLY
1896 12 13 14 00  56.82   -5.11 1000.8      FORTWILLIAM
1896 12 13 15 00  56.82   -5.11 1000.1      FORTWILLIAM
1896 12 13 16 00  56.82   -5.11  999.8      FORTWILLIAM
1896 12 13 17 00  56.82   -5.11  999.2      FORTWILLIAM
1896 12 13 18 00  49.92   -6.30  984.4           SCILLY
1896 12 13 18 00  56.82   -5.11  998.9      FORTWILLIAM
1896 12 13 19 00  56.82   -5.11  998.2      FORTWILLIAM
1896 12 13 20 00  56.82   -5.11  997.6      FORTWILLIAM
1896 12 13 21 00  56.82   -5.11  997.4      FORTWILLIAM
1896 12 13 22 00  56.82   -5.11  996.9      FORTWILLIAM
1896 12 13 23 00  56.82   -5.11  996.5      FORTWILLIAM
1896 12 13 24 00  56.82   -5.11  996.4      FORTWILLIAM
1896 12 14 01 00  56.82   -5.11  996.4      FORTWILLIAM
1896 12 14 02 00  56.82   -5.11  996.4      FORTWILLIAM
1896 12 14 03 00  56.82   -5.11  996.4      FORTWILLIAM
1896 12 14 04 00  56.82   -5.11  996.1      FORTWILLIAM
1896 12 14 05 00  56.82   -5.11  996.5      FORTWILLIAM
1896 12 14 06 00  56.82   -5.11  996.5      FORTWILLIAM
1896 12 14 07 00  56.82   -5.11  996.8      FORTWILLIAM
1896 12 14 08 00  49.92   -6.30  993.2           SCILLY
1896 12 14 08 00  56.82   -5.11  997.1      FORTWILLIAM
1896 12 14 09 00  56.82   -5.11  997.7      FORTWILLIAM
1896 12 14 10 00  56.82   -5.11  998.1      FORTWILLIAM
1896 12 14 11 00  56.82   -5.11  998.0      FORTWILLIAM
1896 12 14 12 00  56.82   -5.11  998.0      FORTWILLIAM
1896 12 14 13 00  56.82   -5.11  998.4      FORTWILLIAM
1896 12 14 14 00  49.92   -6.30  998.0           SCILLY
1896 12 14 14 00  56.82   -5.11  998.8      FORTWILLIAM
1896 12 14 15 00  56.82   -5.11  999.3      FORTWILLIAM
1896 12 14 16 00  56.82   -5.11  999.9      FORTWILLIAM
1896 12 14 17 00  56.82   -5.11 1000.4      FORTWILLIAM
1896 12 14 18 00  49.92   -6.30  999.3           SCILLY
1896 12 14 18 00  56.82   -5.11 1000.9      FORTWILLIAM
1896 12 14 19 00  56.82   -5.11 1001.4      FORTWILLIAM
1896 12 14 20 00  56.82   -5.11 1002.0      FORTWILLIAM
1896 12 14 21 00  56.82   -5.11 1002.5      FORTWILLIAM
1896 12 14 22 00  56.82   -5.11 1003.1      FORTWILLIAM
1896 12 14 23 00  56.82   -5.11 1003.5      FORTWILLIAM
1896 12 14 24 00  56.82   -5.11 1004.1      FORTWILLIAM
1896 12 15 01 00  56.82   -5.11 1004.7      FORTWILLIAM
1896 12 15 02 00  56.82   -5.11 1005.2      FORTWILLIAM
1896 12 15 03 00  56.82   -5.11 1005.4      FORTWILLIAM
1896 12 15 04 00  56.82   -5.11 1005.4      FORTWILLIAM
1896 12 15 05 00  56.82   -5.11 1005.6      FORTWILLIAM
1896 12 15 06 00  56.82   -5.11 1005.9      FORTWILLIAM
1896 12 15 07 00  56.82   -5.11 1006.1      FORTWILLIAM
1896 12 15 08 00  49.92   -6.30 1007.5           SCILLY
1896 12 15 08 00  56.82   -5.11 1006.3      FORTWILLIAM
1896 12 15 09 00  56.82   -5.11 1006.5      FORTWILLIAM
1896 12 15 10 00  56.82   -5.11 1006.8      FORTWILLIAM
1896 12 15 11 00  56.82   -5.11 1006.6      FORTWILLIAM
1896 12 15 12 00  56.82   -5.11 1006.7      FORTWILLIAM
1896 12 15 13 00  56.82   -5.11 1006.3      FORTWILLIAM
1896 12 15 14 00  49.92   -6.30 1010.5           SCILLY
1896 12 15 14 00  56.82   -5.11 1006.3      FORTWILLIAM
1896 12 15 15 00  56.82   -5.11 1006.1      FORTWILLIAM
1896 12 15 16 00  56.82   -5.11 1005.9      FORTWILLIAM
1896 12 15 17 00  56.82   -5.11 1006.0      FORTWILLIAM
1896 12 15 18 00  49.92   -6.30 1011.9           SCILLY
1896 12 15 18 00  56.82   -5.11 1006.0      FORTWILLIAM
1896 12 15 19 00  56.82   -5.11 1006.0      FORTWILLIAM
1896 12 15 20 00  56.82   -5.11 1005.9      FORTWILLIAM
1896 12 15 21 00  56.82   -5.11 1005.9      FORTWILLIAM
1896 12 15 22 00  56.82   -5.11 1005.9      FORTWILLIAM
1896 12 15 23 00  56.82   -5.11 1005.9      FORTWILLIAM
1896 12 15 24 00  56.82   -5.11 1005.7      FORTWILLIAM
1896 12 16 01 00  56.82   -5.11 1005.7      FORTWILLIAM
1896 12 16 02 00  56.82   -5.11 1005.8      FORTWILLIAM
1896 12 16 03 00  56.82   -5.11 1005.8      FORTWILLIAM
1896 12 16 04 00  56.82   -5.11 1005.8      FORTWILLIAM
1896 12 16 05 00  56.82   -5.11 1005.7      FORTWILLIAM
1896 12 16 06 00  56.82   -5.11 1005.7      FORTWILLIAM
1896 12 16 07 00  56.82   -5.11 1005.7      FORTWILLIAM
1896 12 16 08 00  49.92   -6.30 1007.8           SCILLY
1896 12 16 08 00  56.82   -5.11 1005.5      FORTWILLIAM
1896 12 16 09 00  56.82   -5.11 1005.4      FORTWILLIAM
1896 12 16 10 00  56.82   -5.11 1005.4      FORTWILLIAM
1896 12 16 11 00  56.82   -5.11 1005.2      FORTWILLIAM
1896 12 16 12 00  56.82   -5.11 1005.0      FORTWILLIAM
1896 12 16 13 00  56.82   -5.11 1004.7      FORTWILLIAM
1896 12 16 14 00  49.92   -6.30 1008.1           SCILLY
1896 12 16 14 00  56.82   -5.11 1004.7      FORTWILLIAM
1896 12 16 15 00  56.82   -5.11 1004.7      FORTWILLIAM
1896 12 16 16 00  56.82   -5.11 1004.7      FORTWILLIAM
1896 12 16 17 00  56.82   -5.11 1004.3      FORTWILLIAM
1896 12 16 18 00  49.92   -6.30 1008.8           SCILLY
1896 12 16 18 00  56.82   -5.11 1004.3      FORTWILLIAM
1896 12 16 19 00  56.82   -5.11 1004.3      FORTWILLIAM
1896 12 16 20 00  56.82   -5.11 1003.9      FORTWILLIAM
1896 12 16 21 00  56.82   -5.11 1003.9      FORTWILLIAM
1896 12 16 22 00  56.82   -5.11 1003.7      FORTWILLIAM
1896 12 16 23 00  56.82   -5.11 1003.4      FORTWILLIAM
1896 12 16 24 00  56.82   -5.11 1003.4      FORTWILLIAM
1896 12 17 01 00  56.82   -5.11 1003.2      FORTWILLIAM
1896 12 17 02 00  56.82   -5.11 1003.3      FORTWILLIAM
1896 12 17 03 00  56.82   -5.11 1003.3      FORTWILLIAM
1896 12 17 04 00  56.82   -5.11 1003.4      FORTWILLIAM
1896 12 17 05 00  56.82   -5.11 1003.6      FORTWILLIAM
1896 12 17 06 00  56.82   -5.11 1003.7      FORTWILLIAM
1896 12 17 07 00  56.82   -5.11 1003.9      FORTWILLIAM
1896 12 17 08 00  49.92   -6.30 1006.4           SCILLY
1896 12 17 08 00  56.82   -5.11 1004.1      FORTWILLIAM
1896 12 17 09 00  56.82   -5.11 1004.3      FORTWILLIAM
1896 12 17 10 00  56.82   -5.11 1004.5      FORTWILLIAM
1896 12 17 11 00  56.82   -5.11 1004.6      FORTWILLIAM
1896 12 17 12 00  56.82   -5.11 1004.6      FORTWILLIAM
1896 12 17 13 00  56.82   -5.11 1004.0      FORTWILLIAM
1896 12 17 14 00  49.92   -6.30 1003.0           SCILLY
1896 12 17 14 00  56.82   -5.11 1003.7      FORTWILLIAM
1896 12 17 15 00  56.82   -5.11 1003.2      FORTWILLIAM
1896 12 17 16 00  56.82   -5.11 1003.4      FORTWILLIAM
1896 12 17 17 00  56.82   -5.11 1003.3      FORTWILLIAM
1896 12 17 18 00  49.92   -6.30 1000.3           SCILLY
1896 12 17 18 00  56.82   -5.11 1003.1      FORTWILLIAM
1896 12 17 19 00  56.82   -5.11 1003.4      FORTWILLIAM
1896 12 17 20 00  56.82   -5.11 1003.3      FORTWILLIAM
1896 12 17 21 00  56.82   -5.11 1003.8      FORTWILLIAM
1896 12 17 22 00  56.82   -5.11 1003.8      FORTWILLIAM
1896 12 17 23 00  56.82   -5.11 1003.9      FORTWILLIAM
1896 12 17 24 00  56.82   -5.11 1004.4      FORTWILLIAM
1896 12 18 01 00  56.82   -5.11 1004.8      FORTWILLIAM
1896 12 18 02 00  56.82   -5.11 1005.3      FORTWILLIAM
1896 12 18 03 00  56.82   -5.11 1005.8      FORTWILLIAM
1896 12 18 04 00  56.82   -5.11 1006.1      FORTWILLIAM
1896 12 18 05 00  56.82   -5.11 1006.4      FORTWILLIAM
1896 12 18 06 00  56.82   -5.11 1006.6      FORTWILLIAM
1896 12 18 07 00  56.82   -5.11 1007.5      FORTWILLIAM
1896 12 18 08 00  49.92   -6.30  999.7           SCILLY
1896 12 18 08 00  56.82   -5.11 1008.1      FORTWILLIAM
1896 12 18 09 00  56.82   -5.11 1008.5      FORTWILLIAM
1896 12 18 10 00  56.82   -5.11 1009.1      FORTWILLIAM
1896 12 18 11 00  56.82   -5.11 1009.3      FORTWILLIAM
1896 12 18 12 00  56.82   -5.11 1009.2      FORTWILLIAM
1896 12 18 13 00  56.82   -5.11 1009.3      FORTWILLIAM
1896 12 18 14 00  49.92   -6.30 1001.7           SCILLY
1896 12 18 14 00  56.82   -5.11 1009.3      FORTWILLIAM
1896 12 18 15 00  56.82   -5.11 1009.7      FORTWILLIAM
1896 12 18 16 00  56.82   -5.11 1009.8      FORTWILLIAM
1896 12 18 17 00  56.82   -5.11 1009.8      FORTWILLIAM
1896 12 18 18 00  49.92   -6.30 1002.4           SCILLY
1896 12 18 18 00  56.82   -5.11 1010.2      FORTWILLIAM
1896 12 18 19 00  56.82   -5.11 1010.6      FORTWILLIAM
1896 12 18 20 00  56.82   -5.11 1010.8      FORTWILLIAM
1896 12 18 21 00  56.82   -5.11 1011.1      FORTWILLIAM
1896 12 18 22 00  56.82   -5.11 1011.5      FORTWILLIAM
1896 12 18 23 00  56.82   -5.11 1011.8      FORTWILLIAM
1896 12 18 24 00  56.82   -5.11 1012.2      FORTWILLIAM
1896 12 19 01 00  56.82   -5.11 1012.2      FORTWILLIAM
1896 12 19 02 00  56.82   -5.11 1012.2      FORTWILLIAM
1896 12 19 03 00  56.82   -5.11 1012.5      FORTWILLIAM
1896 12 19 04 00  56.82   -5.11 1013.0      FORTWILLIAM
1896 12 19 05 00  56.82   -5.11 1013.4      FORTWILLIAM
1896 12 19 06 00  56.82   -5.11 1014.0      FORTWILLIAM
1896 12 19 07 00  56.82   -5.11 1014.3      FORTWILLIAM
1896 12 19 08 00  49.92   -6.30 1009.8           SCILLY
1896 12 19 08 00  56.82   -5.11 1015.1      FORTWILLIAM
1896 12 19 09 00  56.82   -5.11 1015.7      FORTWILLIAM
1896 12 19 10 00  56.82   -5.11 1016.5      FORTWILLIAM
1896 12 19 11 00  56.82   -5.11 1017.2      FORTWILLIAM
1896 12 19 12 00  56.82   -5.11 1017.8      FORTWILLIAM
1896 12 19 13 00  56.82   -5.11 1017.7      FORTWILLIAM
1896 12 19 14 00  49.92   -6.30 1012.5           SCILLY
1896 12 19 14 00  56.82   -5.11 1018.0      FORTWILLIAM
1896 12 19 15 00  56.82   -5.11 1018.6      FORTWILLIAM
1896 12 19 16 00  56.82   -5.11 1019.3      FORTWILLIAM
1896 12 19 17 00  56.82   -5.11 1020.0      FORTWILLIAM
1896 12 19 18 00  49.92   -6.30 1014.6           SCILLY
1896 12 19 18 00  56.82   -5.11 1020.9      FORTWILLIAM
1896 12 19 19 00  56.82   -5.11 1021.7      FORTWILLIAM
1896 12 19 20 00  56.82   -5.11 1022.5      FORTWILLIAM
1896 12 19 21 00  56.82   -5.11 1022.9      FORTWILLIAM
1896 12 19 22 00  56.82   -5.11 1023.1      FORTWILLIAM
1896 12 19 23 00  56.82   -5.11 1023.5      FORTWILLIAM
1896 12 19 24 00  56.82   -5.11 1023.9      FORTWILLIAM
1896 12 20 01 00  56.82   -5.11 1024.2      FORTWILLIAM
1896 12 20 02 00  56.82   -5.11 1024.5      FORTWILLIAM
1896 12 20 03 00  56.82   -5.11 1024.6      FORTWILLIAM
1896 12 20 04 00  56.82   -5.11 1024.9      FORTWILLIAM
1896 12 20 05 00  56.82   -5.11 1025.1      FORTWILLIAM
1896 12 20 06 00  56.82   -5.11 1025.2      FORTWILLIAM
1896 12 20 07 00  56.82   -5.11 1025.5      FORTWILLIAM
1896 12 20 08 00  49.92   -6.30 1020.3           SCILLY
1896 12 20 08 00  56.82   -5.11 1025.8      FORTWILLIAM
1896 12 20 09 00  56.82   -5.11 1026.3      FORTWILLIAM
1896 12 20 10 00  56.82   -5.11 1026.9      FORTWILLIAM
1896 12 20 11 00  56.82   -5.11 1027.0      FORTWILLIAM
1896 12 20 12 00  56.82   -5.11 1027.0      FORTWILLIAM
1896 12 20 13 00  56.82   -5.11 1027.0      FORTWILLIAM
1896 12 20 14 00  49.92   -6.30 1021.7           SCILLY
1896 12 20 14 00  56.82   -5.11 1026.9      FORTWILLIAM
1896 12 20 15 00  56.82   -5.11 1026.8      FORTWILLIAM
1896 12 20 16 00  56.82   -5.11 1026.9      FORTWILLIAM
1896 12 20 17 00  56.82   -5.11 1027.0      FORTWILLIAM
1896 12 20 18 00  49.92   -6.30 1021.7           SCILLY
1896 12 20 18 00  56.82   -5.11 1027.0      FORTWILLIAM
1896 12 20 19 00  56.82   -5.11 1026.8      FORTWILLIAM
1896 12 20 20 00  56.82   -5.11 1026.4      FORTWILLIAM
1896 12 20 21 00  56.82   -5.11 1026.4      FORTWILLIAM
1896 12 20 22 00  56.82   -5.11 1026.2      FORTWILLIAM
1896 12 20 23 00  56.82   -5.11 1026.2      FORTWILLIAM
1896 12 20 24 00  56.82   -5.11 1026.3      FORTWILLIAM
1896 12 21 01 00  56.82   -5.11 1026.0      FORTWILLIAM
1896 12 21 02 00  56.82   -5.11 1025.7      FORTWILLIAM
1896 12 21 03 00  56.82   -5.11 1025.3      FORTWILLIAM
1896 12 21 04 00  56.82   -5.11 1024.9      FORTWILLIAM
1896 12 21 05 00  56.82   -5.11 1024.7      FORTWILLIAM
1896 12 21 06 00  56.82   -5.11 1024.2      FORTWILLIAM
1896 12 21 07 00  56.82   -5.11 1024.0      FORTWILLIAM
1896 12 21 08 00  49.92   -6.30 1015.9           SCILLY
1896 12 21 08 00  56.82   -5.11 1024.0      FORTWILLIAM
1896 12 21 09 00  56.82   -5.11 1024.2      FORTWILLIAM
1896 12 21 10 00  56.82   -5.11 1024.2      FORTWILLIAM
1896 12 21 11 00  56.82   -5.11 1023.9      FORTWILLIAM
1896 12 21 12 00  56.82   -5.11 1023.5      FORTWILLIAM
1896 12 21 13 00  56.82   -5.11 1023.1      FORTWILLIAM
1896 12 21 14 00  49.92   -6.30 1012.9           SCILLY
1896 12 21 14 00  56.82   -5.11 1023.0      FORTWILLIAM
1896 12 21 15 00  56.82   -5.11 1022.7      FORTWILLIAM
1896 12 21 16 00  56.82   -5.11 1022.9      FORTWILLIAM
1896 12 21 17 00  56.82   -5.11 1022.7      FORTWILLIAM
1896 12 21 18 00  49.92   -6.30 1011.9           SCILLY
1896 12 21 18 00  56.82   -5.11 1022.4      FORTWILLIAM
1896 12 21 19 00  56.82   -5.11 1022.2      FORTWILLIAM
1896 12 21 20 00  56.82   -5.11 1021.9      FORTWILLIAM
1896 12 21 21 00  56.82   -5.11 1021.6      FORTWILLIAM
1896 12 21 22 00  56.82   -5.11 1021.4      FORTWILLIAM
1896 12 21 23 00  56.82   -5.11 1021.0      FORTWILLIAM
1896 12 21 24 00  56.82   -5.11 1021.0      FORTWILLIAM
1896 12 22 01 00  56.82   -5.11 1020.3      FORTWILLIAM
1896 12 22 02 00  56.82   -5.11 1020.0      FORTWILLIAM
1896 12 22 03 00  56.82   -5.11 1019.6      FORTWILLIAM
1896 12 22 04 00  56.82   -5.11 1019.1      FORTWILLIAM
1896 12 22 05 00  56.82   -5.11 1018.5      FORTWILLIAM
1896 12 22 06 00  56.82   -5.11 1018.2      FORTWILLIAM
1896 12 22 07 00  56.82   -5.11 1017.8      FORTWILLIAM
1896 12 22 08 00  49.92   -6.30 1010.2           SCILLY
1896 12 22 08 00  56.82   -5.11 1017.5      FORTWILLIAM
1896 12 22 09 00  56.82   -5.11 1017.6      FORTWILLIAM
1896 12 22 10 00  56.82   -5.11 1017.6      FORTWILLIAM
1896 12 22 11 00  56.82   -5.11 1017.5      FORTWILLIAM
1896 12 22 12 00  56.82   -5.11 1017.1      FORTWILLIAM
1896 12 22 13 00  56.82   -5.11 1016.6      FORTWILLIAM
1896 12 22 14 00  49.92   -6.30 1012.2           SCILLY
1896 12 22 14 00  56.82   -5.11 1016.6      FORTWILLIAM
1896 12 22 15 00  56.82   -5.11 1016.6      FORTWILLIAM
1896 12 22 16 00  56.82   -5.11 1017.0      FORTWILLIAM
1896 12 22 17 00  56.82   -5.11 1017.2      FORTWILLIAM
1896 12 22 18 00  49.92   -6.30 1013.9           SCILLY
1896 12 22 18 00  56.82   -5.11 1017.9      FORTWILLIAM
1896 12 22 19 00  56.82   -5.11 1018.2      FORTWILLIAM
1896 12 22 20 00  56.82   -5.11 1018.5      FORTWILLIAM
1896 12 22 21 00  56.82   -5.11 1018.9      FORTWILLIAM
1896 12 22 22 00  56.82   -5.11 1019.6      FORTWILLIAM
1896 12 22 23 00  56.82   -5.11 1020.0      FORTWILLIAM
1896 12 22 24 00  56.82   -5.11 1020.3      FORTWILLIAM
1896 12 23 01 00  56.82   -5.11 1020.6      FORTWILLIAM
1896 12 23 02 00  56.82   -5.11 1020.9      FORTWILLIAM
1896 12 23 03 00  56.82   -5.11 1021.1      FORTWILLIAM
1896 12 23 04 00  56.82   -5.11 1021.4      FORTWILLIAM
1896 12 23 05 00  56.82   -5.11 1021.3      FORTWILLIAM
1896 12 23 06 00  56.82   -5.11 1021.5      FORTWILLIAM
1896 12 23 07 00  56.82   -5.11 1022.1      FORTWILLIAM
1896 12 23 08 00  49.92   -6.30 1017.9           SCILLY
1896 12 23 08 00  56.82   -5.11 1022.1      FORTWILLIAM
1896 12 23 09 00  56.82   -5.11 1022.2      FORTWILLIAM
1896 12 23 10 00  56.82   -5.11 1022.9      FORTWILLIAM
1896 12 23 11 00  56.82   -5.11 1022.9      FORTWILLIAM
1896 12 23 12 00  56.82   -5.11 1021.9      FORTWILLIAM
1896 12 23 13 00  56.82   -5.11 1020.9      FORTWILLIAM
1896 12 23 14 00  49.92   -6.30 1020.3           SCILLY
1896 12 23 14 00  56.82   -5.11 1020.5      FORTWILLIAM
1896 12 23 15 00  56.82   -5.11 1020.1      FORTWILLIAM
1896 12 23 16 00  56.82   -5.11 1019.7      FORTWILLIAM
1896 12 23 17 00  56.82   -5.11 1018.9      FORTWILLIAM
1896 12 23 18 00  49.92   -6.30 1021.3           SCILLY
1896 12 23 18 00  56.82   -5.11 1018.7      FORTWILLIAM
1896 12 23 19 00  56.82   -5.11 1017.6      FORTWILLIAM
1896 12 23 20 00  56.82   -5.11 1015.8      FORTWILLIAM
1896 12 23 21 00  56.82   -5.11 1014.6      FORTWILLIAM
1896 12 23 22 00  56.82   -5.11 1013.6      FORTWILLIAM
1896 12 23 23 00  56.82   -5.11 1012.4      FORTWILLIAM
1896 12 23 24 00  56.82   -5.11 1010.8      FORTWILLIAM
1896 12 24 01 00  56.82   -5.11 1009.1      FORTWILLIAM
1896 12 24 02 00  56.82   -5.11 1008.7      FORTWILLIAM
1896 12 24 03 00  56.82   -5.11 1007.9      FORTWILLIAM
1896 12 24 04 00  56.82   -5.11 1006.5      FORTWILLIAM
1896 12 24 05 00  56.82   -5.11 1005.7      FORTWILLIAM
1896 12 24 06 00  56.82   -5.11 1005.7      FORTWILLIAM
1896 12 24 07 00  56.82   -5.11 1005.1      FORTWILLIAM
1896 12 24 08 00  49.92   -6.30 1018.6           SCILLY
1896 12 24 08 00  56.82   -5.11 1004.9      FORTWILLIAM
1896 12 24 09 00  56.82   -5.11 1004.8      FORTWILLIAM
1896 12 24 10 00  56.82   -5.11 1004.3      FORTWILLIAM
1896 12 24 11 00  56.82   -5.11 1004.3      FORTWILLIAM
1896 12 24 12 00  56.82   -5.11 1003.2      FORTWILLIAM
1896 12 24 13 00  56.82   -5.11 1002.1      FORTWILLIAM
1896 12 24 14 00  49.92   -6.30 1013.9           SCILLY
1896 12 24 14 00  56.82   -5.11 1001.4      FORTWILLIAM
1896 12 24 15 00  56.82   -5.11 1000.9      FORTWILLIAM
1896 12 24 16 00  56.82   -5.11 1001.2      FORTWILLIAM
1896 12 24 17 00  56.82   -5.11 1000.6      FORTWILLIAM
1896 12 24 18 00  49.92   -6.30 1013.9           SCILLY
1896 12 24 18 00  56.82   -5.11 1000.4      FORTWILLIAM
1896 12 24 19 00  56.82   -5.11 1000.3      FORTWILLIAM
1896 12 24 20 00  56.82   -5.11 1001.2      FORTWILLIAM
1896 12 24 21 00  56.82   -5.11 1002.0      FORTWILLIAM
1896 12 24 22 00  56.82   -5.11 1003.4      FORTWILLIAM
1896 12 24 23 00  56.82   -5.11 1005.0      FORTWILLIAM
1896 12 24 24 00  56.82   -5.11 1007.4      FORTWILLIAM
1896 12 25 01 00  56.82   -5.11 1007.9      FORTWILLIAM
1896 12 25 02 00  56.82   -5.11 1009.5      FORTWILLIAM
1896 12 25 03 00  56.82   -5.11 1010.8      FORTWILLIAM
1896 12 25 04 00  56.82   -5.11 1011.8      FORTWILLIAM
1896 12 25 05 00  56.82   -5.11 1012.4      FORTWILLIAM
1896 12 25 06 00  56.82   -5.11 1012.7      FORTWILLIAM
1896 12 25 07 00  56.82   -5.11 1013.2      FORTWILLIAM
1896 12 25 08 00  49.92   -6.30 1026.4           SCILLY
1896 12 25 08 00  56.82   -5.11 1013.6      FORTWILLIAM
1896 12 25 09 00  56.82   -5.11 1013.3      FORTWILLIAM
1896 12 25 10 00  56.82   -5.11 1012.4      FORTWILLIAM
1896 12 25 11 00  56.82   -5.11 1011.4      FORTWILLIAM
1896 12 25 12 00  56.82   -5.11 1010.5      FORTWILLIAM
1896 12 25 13 00  56.82   -5.11 1009.5      FORTWILLIAM
1896 12 25 14 00  49.92   -6.30 1028.4           SCILLY
1896 12 25 14 00  56.82   -5.11 1008.8      FORTWILLIAM
1896 12 25 15 00  56.82   -5.11 1007.6      FORTWILLIAM
1896 12 25 16 00  56.82   -5.11 1006.7      FORTWILLIAM
1896 12 25 17 00  56.82   -5.11 1005.7      FORTWILLIAM
1896 12 25 18 00  49.92   -6.30 1027.4           SCILLY
1896 12 25 18 00  56.82   -5.11 1005.5      FORTWILLIAM
1896 12 25 19 00  56.82   -5.11 1006.3      FORTWILLIAM
1896 12 25 20 00  56.82   -5.11 1006.8      FORTWILLIAM
1896 12 25 21 00  56.82   -5.11 1007.9      FORTWILLIAM
1896 12 25 22 00  56.82   -5.11 1008.2      FORTWILLIAM
1896 12 25 23 00  56.82   -5.11 1008.5      FORTWILLIAM
1896 12 25 24 00  56.82   -5.11 1008.2      FORTWILLIAM
1896 12 26 01 00  56.82   -5.11 1007.9      FORTWILLIAM
1896 12 26 02 00  56.82   -5.11 1007.3      FORTWILLIAM
1896 12 26 03 00  56.82   -5.11 1006.9      FORTWILLIAM
1896 12 26 04 00  56.82   -5.11 1006.5      FORTWILLIAM
1896 12 26 05 00  56.82   -5.11 1006.2      FORTWILLIAM
1896 12 26 06 00  56.82   -5.11 1005.5      FORTWILLIAM
1896 12 26 07 00  56.82   -5.11 1005.2      FORTWILLIAM
1896 12 26 08 00  49.92   -6.30 1025.1           SCILLY
1896 12 26 08 00  56.82   -5.11 1004.6      FORTWILLIAM
1896 12 26 09 00  56.82   -5.11 1004.0      FORTWILLIAM
1896 12 26 10 00  56.82   -5.11 1003.5      FORTWILLIAM
1896 12 26 11 00  56.82   -5.11 1001.6      FORTWILLIAM
1896 12 26 12 00  56.82   -5.11  999.6      FORTWILLIAM
1896 12 26 13 00  56.82   -5.11  999.5      FORTWILLIAM
1896 12 26 14 00  49.92   -6.30 1023.7           SCILLY
1896 12 26 14 00  56.82   -5.11  994.8      FORTWILLIAM
1896 12 26 15 00  56.82   -5.11  994.1      FORTWILLIAM
1896 12 26 16 00  56.82   -5.11  995.7      FORTWILLIAM
1896 12 26 17 00  56.82   -5.11  995.3      FORTWILLIAM
1896 12 26 18 00  49.92   -6.30 1024.0           SCILLY
1896 12 26 18 00  56.82   -5.11  996.6      FORTWILLIAM
1896 12 26 19 00  56.82   -5.11  997.5      FORTWILLIAM
1896 12 26 20 00  56.82   -5.11 1000.0      FORTWILLIAM
1896 12 26 21 00  56.82   -5.11 1001.6      FORTWILLIAM
1896 12 26 22 00  56.82   -5.11 1003.9      FORTWILLIAM
1896 12 26 23 00  56.82   -5.11 1004.6      FORTWILLIAM
1896 12 26 24 00  56.82   -5.11 1005.3      FORTWILLIAM
1896 12 27 01 00  56.82   -5.11 1007.7      FORTWILLIAM
1896 12 27 02 00  56.82   -5.11 1009.5      FORTWILLIAM
1896 12 27 03 00  56.82   -5.11 1010.8      FORTWILLIAM
1896 12 27 04 00  56.82   -5.11 1012.0      FORTWILLIAM
1896 12 27 05 00  56.82   -5.11 1012.5      FORTWILLIAM
1896 12 27 06 00  56.82   -5.11 1013.7      FORTWILLIAM
1896 12 27 07 00  56.82   -5.11 1014.3      FORTWILLIAM
1896 12 27 08 00  49.92   -6.30 1030.8           SCILLY
1896 12 27 08 00  56.82   -5.11 1014.6      FORTWILLIAM
1896 12 27 09 00  56.82   -5.11 1015.6      FORTWILLIAM
1896 12 27 10 00  56.82   -5.11 1017.0      FORTWILLIAM
1896 12 27 11 00  56.82   -5.11 1017.3      FORTWILLIAM
1896 12 27 12 00  56.82   -5.11 1017.3      FORTWILLIAM
1896 12 27 13 00  56.82   -5.11 1017.4      FORTWILLIAM
1896 12 27 14 00  49.92   -6.30 1030.8           SCILLY
1896 12 27 14 00  56.82   -5.11 1018.1      FORTWILLIAM
1896 12 27 15 00  56.82   -5.11 1018.4      FORTWILLIAM
1896 12 27 16 00  56.82   -5.11 1018.8      FORTWILLIAM
1896 12 27 17 00  56.82   -5.11 1018.5      FORTWILLIAM
1896 12 27 18 00  49.92   -6.30 1030.1           SCILLY
1896 12 27 18 00  56.82   -5.11 1018.8      FORTWILLIAM
1896 12 27 19 00  56.82   -5.11 1018.2      FORTWILLIAM
1896 12 27 20 00  56.82   -5.11 1018.3      FORTWILLIAM
1896 12 27 21 00  56.82   -5.11 1018.2      FORTWILLIAM
1896 12 27 22 00  56.82   -5.11 1017.3      FORTWILLIAM
1896 12 27 23 00  56.82   -5.11 1016.5      FORTWILLIAM
1896 12 27 24 00  56.82   -5.11 1016.1      FORTWILLIAM
1896 12 28 01 00  56.82   -5.11 1014.9      FORTWILLIAM
1896 12 28 02 00  56.82   -5.11 1014.0      FORTWILLIAM
1896 12 28 03 00  56.82   -5.11 1013.2      FORTWILLIAM
1896 12 28 04 00  56.82   -5.11 1012.0      FORTWILLIAM
1896 12 28 05 00  56.82   -5.11 1010.7      FORTWILLIAM
1896 12 28 06 00  56.82   -5.11 1009.8      FORTWILLIAM
1896 12 28 07 00  56.82   -5.11 1009.6      FORTWILLIAM
1896 12 28 08 00  49.92   -6.30 1015.6           SCILLY
1896 12 28 08 00  56.82   -5.11 1010.0      FORTWILLIAM
1896 12 28 09 00  56.82   -5.11 1011.1      FORTWILLIAM
1896 12 28 10 00  56.82   -5.11 1012.2      FORTWILLIAM
1896 12 28 11 00  56.82   -5.11 1012.7      FORTWILLIAM
1896 12 28 12 00  56.82   -5.11 1013.3      FORTWILLIAM
1896 12 28 13 00  56.82   -5.11 1014.0      FORTWILLIAM
1896 12 28 14 00  49.92   -6.30 1014.9           SCILLY
1896 12 28 14 00  56.82   -5.11 1014.9      FORTWILLIAM
1896 12 28 15 00  56.82   -5.11 1016.1      FORTWILLIAM
1896 12 28 16 00  56.82   -5.11 1017.0      FORTWILLIAM
1896 12 28 17 00  56.82   -5.11 1017.6      FORTWILLIAM
1896 12 28 18 00  49.92   -6.30 1020.7           SCILLY
1896 12 28 18 00  56.82   -5.11 1018.2      FORTWILLIAM
1896 12 28 19 00  56.82   -5.11 1019.3      FORTWILLIAM
1896 12 28 20 00  56.82   -5.11 1020.1      FORTWILLIAM
1896 12 28 21 00  56.82   -5.11 1020.4      FORTWILLIAM
1896 12 28 22 00  56.82   -5.11 1020.8      FORTWILLIAM
1896 12 28 23 00  56.82   -5.11 1020.6      FORTWILLIAM
1896 12 28 24 00  56.82   -5.11 1020.7      FORTWILLIAM
1896 12 29 01 00  56.82   -5.11 1020.5      FORTWILLIAM
1896 12 29 02 00  56.82   -5.11 1020.5      FORTWILLIAM
1896 12 29 03 00  56.82   -5.11 1020.2      FORTWILLIAM
1896 12 29 04 00  56.82   -5.11 1019.1      FORTWILLIAM
1896 12 29 05 00  56.82   -5.11 1018.0      FORTWILLIAM
1896 12 29 06 00  56.82   -5.11 1017.2      FORTWILLIAM
1896 12 29 07 00  56.82   -5.11 1016.3      FORTWILLIAM
1896 12 29 08 00  49.92   -6.30 1026.4           SCILLY
1896 12 29 08 00  56.82   -5.11 1015.9      FORTWILLIAM
1896 12 29 09 00  56.82   -5.11 1015.2      FORTWILLIAM
1896 12 29 10 00  56.82   -5.11 1014.7      FORTWILLIAM
1896 12 29 11 00  56.82   -5.11 1013.8      FORTWILLIAM
1896 12 29 12 00  56.82   -5.11 1012.2      FORTWILLIAM
1896 12 29 13 00  56.82   -5.11 1011.1      FORTWILLIAM
1896 12 29 14 00  49.92   -6.30 1025.4           SCILLY
1896 12 29 14 00  56.82   -5.11 1009.7      FORTWILLIAM
1896 12 29 15 00  56.82   -5.11 1007.9      FORTWILLIAM
1896 12 29 16 00  56.82   -5.11 1006.9      FORTWILLIAM
1896 12 29 17 00  56.82   -5.11 1006.3      FORTWILLIAM
1896 12 29 18 00  49.92   -6.30 1021.7           SCILLY
1896 12 29 18 00  56.82   -5.11 1006.1      FORTWILLIAM
1896 12 29 19 00  56.82   -5.11 1005.7      FORTWILLIAM
1896 12 29 20 00  56.82   -5.11 1004.7      FORTWILLIAM
1896 12 29 21 00  56.82   -5.11 1004.0      FORTWILLIAM
1896 12 29 22 00  56.82   -5.11 1004.1      FORTWILLIAM
1896 12 29 23 00  56.82   -5.11 1004.3      FORTWILLIAM
1896 12 29 24 00  56.82   -5.11 1004.0      FORTWILLIAM
1896 12 30 01 00  56.82   -5.11 1003.7      FORTWILLIAM
1896 12 30 02 00  56.82   -5.11 1003.2      FORTWILLIAM
1896 12 30 03 00  56.82   -5.11 1003.2      FORTWILLIAM
1896 12 30 04 00  56.82   -5.11 1003.0      FORTWILLIAM
1896 12 30 05 00  56.82   -5.11 1002.9      FORTWILLIAM
1896 12 30 06 00  56.82   -5.11 1002.7      FORTWILLIAM
1896 12 30 07 00  56.82   -5.11 1002.4      FORTWILLIAM
1896 12 30 08 00  49.92   -6.30 1016.6           SCILLY
1896 12 30 08 00  56.82   -5.11 1002.5      FORTWILLIAM
1896 12 30 09 00  56.82   -5.11 1002.0      FORTWILLIAM
1896 12 30 10 00  56.82   -5.11 1001.2      FORTWILLIAM
1896 12 30 11 00  56.82   -5.11 1000.2      FORTWILLIAM
1896 12 30 12 00  56.82   -5.11  998.6      FORTWILLIAM
1896 12 30 13 00  56.82   -5.11  997.3      FORTWILLIAM
1896 12 30 14 00  49.92   -6.30 1012.9           SCILLY
1896 12 30 14 00  56.82   -5.11  995.8      FORTWILLIAM
1896 12 30 15 00  56.82   -5.11  994.6      FORTWILLIAM
1896 12 30 16 00  56.82   -5.11  993.7      FORTWILLIAM
1896 12 30 17 00  56.82   -5.11  993.0      FORTWILLIAM
1896 12 30 18 00  49.92   -6.30 1010.8           SCILLY
1896 12 30 18 00  56.82   -5.11  992.0      FORTWILLIAM
1896 12 30 19 00  56.82   -5.11  991.2      FORTWILLIAM
1896 12 30 20 00  56.82   -5.11  990.8      FORTWILLIAM
1896 12 30 21 00  56.82   -5.11  990.7      FORTWILLIAM
1896 12 30 22 00  56.82   -5.11  990.7      FORTWILLIAM
1896 12 30 23 00  56.82   -5.11  990.6      FORTWILLIAM
1896 12 30 24 00  56.82   -5.11  991.8      FORTWILLIAM
1896 12 31 01 00  56.82   -5.11  994.7      FORTWILLIAM
1896 12 31 02 00  56.82   -5.11  998.1      FORTWILLIAM
1896 12 31 03 00  56.82   -5.11 1000.0      FORTWILLIAM
1896 12 31 04 00  56.82   -5.11 1000.4      FORTWILLIAM
1896 12 31 05 00  56.82   -5.11 1001.1      FORTWILLIAM
1896 12 31 06 00  56.82   -5.11 1001.5      FORTWILLIAM
1896 12 31 07 00  56.82   -5.11 1002.2      FORTWILLIAM
1896 12 31 08 00  49.92   -6.30 1020.7           SCILLY
1896 12 31 08 00  56.82   -5.11 1003.2      FORTWILLIAM
1896 12 31 09 00  56.82   -5.11 1003.8      FORTWILLIAM
1896 12 31 10 00  56.82   -5.11 1004.3      FORTWILLIAM
1896 12 31 11 00  56.82   -5.11 1004.2      FORTWILLIAM
1896 12 31 12 00  56.82   -5.11 1004.5      FORTWILLIAM
1896 12 31 13 00  56.82   -5.11 1004.7      FORTWILLIAM
1896 12 31 14 00  49.92   -6.30 1022.7           SCILLY
1896 12 31 14 00  56.82   -5.11 1004.7      FORTWILLIAM
1896 12 31 15 00  56.82   -5.11 1004.7      FORTWILLIAM
1896 12 31 16 00  56.82   -5.11 1004.2      FORTWILLIAM
1896 12 31 17 00  56.82   -5.11 1003.6      FORTWILLIAM
1896 12 31 18 00  49.92   -6.30 1022.7           SCILLY
1896 12 31 18 00  56.82   -5.11 1002.5      FORTWILLIAM
1896 12 31 19 00  56.82   -5.11 1000.8      FORTWILLIAM
1896 12 31 20 00  56.82   -5.11 1002.1      FORTWILLIAM
1896 12 31 21 00  56.82   -5.11 1005.5      FORTWILLIAM
1896 12 31 22 00  56.82   -5.11 1007.8      FORTWILLIAM
1896 12 31 23 00  56.82   -5.11 1009.9      FORTWILLIAM
1896 12 31 24 00  56.82   -5.11 1011.7      FORTWILLIAM
