1886 04 01 08 00  49.92   -6.30 1016.3           SCILLY
1886 04 01 08 00  56.82   -5.11 1002.9      FORTWILLIAM
1886 04 01 09 00  56.82   -5.11 1004.1      FORTWILLIAM
1886 04 01 14 00  49.92   -6.30 1011.9           SCILLY
1886 04 01 14 00  56.82   -5.11 1006.6      FORTWILLIAM
1886 04 01 18 00  49.92   -6.30 1007.8           SCILLY
1886 04 01 18 00  56.82   -5.11 1003.8      FORTWILLIAM
1886 04 01 21 00  56.82   -5.11 1002.8      FORTWILLIAM
1886 04 02 08 00  49.92   -6.30 1002.0           SCILLY
1886 04 02 08 00  56.82   -5.11  998.2      FORTWILLIAM
1886 04 02 09 00  56.82   -5.11  998.3      FORTWILLIAM
1886 04 02 14 00  49.92   -6.30 1000.7           SCILLY
1886 04 02 14 00  56.82   -5.11  998.3      FORTWILLIAM
1886 04 02 18 00  49.92   -6.30 1003.7           SCILLY
1886 04 02 18 00  56.82   -5.11  998.8      FORTWILLIAM
1886 04 02 21 00  56.82   -5.11  999.4      FORTWILLIAM
1886 04 03 08 00  49.92   -6.30 1011.9           SCILLY
1886 04 03 08 00  56.82   -5.11  998.6      FORTWILLIAM
1886 04 03 09 00  56.82   -5.11  999.1      FORTWILLIAM
1886 04 03 14 00  49.92   -6.30 1013.5           SCILLY
1886 04 03 14 00  56.82   -5.11  999.7      FORTWILLIAM
1886 04 03 18 00  49.92   -6.30 1012.9           SCILLY
1886 04 03 18 00  56.82   -5.11  997.1      FORTWILLIAM
1886 04 03 21 00  56.82   -5.11  992.8      FORTWILLIAM
1886 04 04 08 00  49.92   -6.30 1013.2           SCILLY
1886 04 04 08 00  56.82   -5.11  992.7      FORTWILLIAM
1886 04 04 09 00  56.82   -5.11  992.8      FORTWILLIAM
1886 04 04 14 00  49.92   -6.30 1012.2           SCILLY
1886 04 04 14 00  56.82   -5.11  993.5      FORTWILLIAM
1886 04 04 18 00  49.92   -6.30 1012.5           SCILLY
1886 04 04 18 00  56.82   -5.11  990.8      FORTWILLIAM
1886 04 04 21 00  56.82   -5.11  993.4      FORTWILLIAM
1886 04 05 08 00  49.92   -6.30 1015.2           SCILLY
1886 04 05 08 00  56.82   -5.11  996.2      FORTWILLIAM
1886 04 05 09 00  56.82   -5.11  996.3      FORTWILLIAM
1886 04 05 14 00  49.92   -6.30 1014.2           SCILLY
1886 04 05 14 00  56.82   -5.11  997.8      FORTWILLIAM
1886 04 05 18 00  49.92   -6.30 1012.5           SCILLY
1886 04 05 18 00  56.82   -5.11  994.5      FORTWILLIAM
1886 04 05 21 00  56.82   -5.11  993.8      FORTWILLIAM
1886 04 06 08 00  49.92   -6.30 1012.9           SCILLY
1886 04 06 08 00  56.82   -5.11  995.3      FORTWILLIAM
1886 04 06 09 00  56.82   -5.11  995.3      FORTWILLIAM
1886 04 06 14 00  49.92   -6.30 1016.3           SCILLY
1886 04 06 14 00  56.82   -5.11  999.9      FORTWILLIAM
1886 04 06 18 00  49.92   -6.30 1017.9           SCILLY
1886 04 06 18 00  56.82   -5.11 1001.7      FORTWILLIAM
1886 04 06 21 00  56.82   -5.11 1004.0      FORTWILLIAM
1886 04 07 08 00  49.92   -6.30 1013.5           SCILLY
1886 04 07 08 00  56.82   -5.11 1003.0      FORTWILLIAM
1886 04 07 09 00  56.82   -5.11 1001.8      FORTWILLIAM
1886 04 07 14 00  49.92   -6.30 1006.8           SCILLY
1886 04 07 14 00  56.82   -5.11  990.6      FORTWILLIAM
1886 04 07 18 00  49.92   -6.30 1004.4           SCILLY
1886 04 07 18 00  56.82   -5.11  978.5      FORTWILLIAM
1886 04 07 21 00  56.82   -5.11  974.1      FORTWILLIAM
1886 04 08 08 00  49.92   -6.30  992.2           SCILLY
1886 04 08 08 00  56.82   -5.11  974.8      FORTWILLIAM
1886 04 08 09 00  56.82   -5.11  975.0      FORTWILLIAM
1886 04 08 14 00  49.92   -6.30  993.2           SCILLY
1886 04 08 14 00  56.82   -5.11  976.7      FORTWILLIAM
1886 04 08 18 00  49.92   -6.30  995.9           SCILLY
1886 04 08 18 00  56.82   -5.11  978.4      FORTWILLIAM
1886 04 08 21 00  56.82   -5.11  979.0      FORTWILLIAM
1886 04 09 08 00  49.92   -6.30 1003.4           SCILLY
1886 04 09 08 00  56.82   -5.11  983.1      FORTWILLIAM
1886 04 09 09 00  56.82   -5.11  983.1      FORTWILLIAM
1886 04 09 14 00  49.92   -6.30 1006.1           SCILLY
1886 04 09 14 00  56.82   -5.11  987.9      FORTWILLIAM
1886 04 09 18 00  49.92   -6.30 1006.1           SCILLY
1886 04 09 18 00  56.82   -5.11  993.4      FORTWILLIAM
1886 04 09 21 00  56.82   -5.11  991.4      FORTWILLIAM
1886 04 10 08 00  49.92   -6.30 1002.0           SCILLY
1886 04 10 08 00  56.82   -5.11  995.1      FORTWILLIAM
1886 04 10 09 00  56.82   -5.11  995.9      FORTWILLIAM
1886 04 10 14 00  49.92   -6.30 1001.7           SCILLY
1886 04 10 14 00  56.82   -5.11  998.5      FORTWILLIAM
1886 04 10 18 00  49.92   -6.30 1000.3           SCILLY
1886 04 10 18 00  56.82   -5.11 1000.6      FORTWILLIAM
1886 04 10 21 00  56.82   -5.11 1003.0      FORTWILLIAM
1886 04 11 08 00  49.92   -6.30 1007.5           SCILLY
1886 04 11 08 00  56.82   -5.11 1011.8      FORTWILLIAM
1886 04 11 09 00  56.82   -5.11 1012.1      FORTWILLIAM
1886 04 11 14 00  49.92   -6.30 1009.8           SCILLY
1886 04 11 14 00  56.82   -5.11 1014.1      FORTWILLIAM
1886 04 11 18 00  49.92   -6.30 1010.8           SCILLY
1886 04 11 18 00  56.82   -5.11 1014.3      FORTWILLIAM
1886 04 11 21 00  56.82   -5.11 1015.6      FORTWILLIAM
1886 04 12 08 00  49.92   -6.30 1019.3           SCILLY
1886 04 12 08 00  56.82   -5.11 1015.4      FORTWILLIAM
1886 04 12 09 00  56.82   -5.11 1015.4      FORTWILLIAM
1886 04 12 14 00  49.92   -6.30 1020.0           SCILLY
1886 04 12 14 00  56.82   -5.11 1014.4      FORTWILLIAM
1886 04 12 18 00  49.92   -6.30 1020.7           SCILLY
1886 04 12 18 00  56.82   -5.11 1014.6      FORTWILLIAM
1886 04 12 21 00  56.82   -5.11 1016.5      FORTWILLIAM
1886 04 13 08 00  49.92   -6.30 1026.1           SCILLY
1886 04 13 08 00  56.82   -5.11 1021.5      FORTWILLIAM
1886 04 13 09 00  56.82   -5.11 1021.6      FORTWILLIAM
1886 04 13 14 00  49.92   -6.30 1028.1           SCILLY
1886 04 13 14 00  56.82   -5.11 1023.0      FORTWILLIAM
1886 04 13 18 00  49.92   -6.30 1028.8           SCILLY
1886 04 13 18 00  56.82   -5.11 1024.5      FORTWILLIAM
1886 04 13 21 00  56.82   -5.11 1023.9      FORTWILLIAM
1886 04 14 08 00  49.92   -6.30 1029.1           SCILLY
1886 04 14 08 00  56.82   -5.11 1024.0      FORTWILLIAM
1886 04 14 09 00  56.82   -5.11 1023.9      FORTWILLIAM
1886 04 14 14 00  49.92   -6.30 1027.4           SCILLY
1886 04 14 14 00  56.82   -5.11 1024.5      FORTWILLIAM
1886 04 14 18 00  49.92   -6.30 1027.4           SCILLY
1886 04 14 18 00  56.82   -5.11 1024.7      FORTWILLIAM
1886 04 14 21 00  56.82   -5.11 1025.1      FORTWILLIAM
1886 04 15 08 00  49.92   -6.30 1026.8           SCILLY
1886 04 15 08 00  56.82   -5.11 1028.8      FORTWILLIAM
1886 04 15 09 00  56.82   -5.11 1029.2      FORTWILLIAM
1886 04 15 14 00  49.92   -6.30 1026.1           SCILLY
1886 04 15 14 00  56.82   -5.11 1028.7      FORTWILLIAM
1886 04 15 18 00  49.92   -6.30 1025.4           SCILLY
1886 04 15 18 00  56.82   -5.11 1028.5      FORTWILLIAM
1886 04 15 21 00  56.82   -5.11 1029.8      FORTWILLIAM
1886 04 16 08 00  49.92   -6.30 1024.4           SCILLY
1886 04 16 08 00  56.82   -5.11 1030.3      FORTWILLIAM
1886 04 16 09 00  56.82   -5.11 1030.2      FORTWILLIAM
1886 04 16 14 00  49.92   -6.30 1024.0           SCILLY
1886 04 16 14 00  56.82   -5.11 1029.6      FORTWILLIAM
1886 04 16 18 00  49.92   -6.30 1022.4           SCILLY
1886 04 16 18 00  56.82   -5.11 1030.1      FORTWILLIAM
1886 04 16 21 00  56.82   -5.11 1030.3      FORTWILLIAM
1886 04 17 08 00  49.92   -6.30 1019.3           SCILLY
1886 04 17 08 00  56.82   -5.11 1028.8      FORTWILLIAM
1886 04 17 09 00  56.82   -5.11 1028.5      FORTWILLIAM
1886 04 17 14 00  49.92   -6.30 1017.3           SCILLY
1886 04 17 14 00  56.82   -5.11 1026.5      FORTWILLIAM
1886 04 17 18 00  49.92   -6.30 1015.6           SCILLY
1886 04 17 18 00  56.82   -5.11 1025.2      FORTWILLIAM
1886 04 17 21 00  56.82   -5.11 1025.6      FORTWILLIAM
1886 04 18 08 00  49.92   -6.30 1011.2           SCILLY
1886 04 18 08 00  56.82   -5.11 1021.8      FORTWILLIAM
1886 04 18 09 00  56.82   -5.11 1020.9      FORTWILLIAM
1886 04 18 14 00  49.92   -6.30 1009.5           SCILLY
1886 04 18 14 00  56.82   -5.11 1019.5      FORTWILLIAM
1886 04 18 18 00  49.92   -6.30 1008.8           SCILLY
1886 04 18 18 00  56.82   -5.11 1018.5      FORTWILLIAM
1886 04 18 21 00  56.82   -5.11 1019.2      FORTWILLIAM
1886 04 19 08 00  49.92   -6.30 1006.4           SCILLY
1886 04 19 08 00  56.82   -5.11 1017.3      FORTWILLIAM
1886 04 19 09 00  56.82   -5.11 1016.7      FORTWILLIAM
1886 04 19 14 00  49.92   -6.30 1004.1           SCILLY
1886 04 19 14 00  56.82   -5.11 1017.4      FORTWILLIAM
1886 04 19 18 00  49.92   -6.30 1004.7           SCILLY
1886 04 19 18 00  56.82   -5.11 1017.9      FORTWILLIAM
1886 04 19 21 00  56.82   -5.11 1018.9      FORTWILLIAM
1886 04 20 08 00  49.92   -6.30 1007.1           SCILLY
1886 04 20 08 00  56.82   -5.11 1019.4      FORTWILLIAM
1886 04 20 09 00  56.82   -5.11 1019.4      FORTWILLIAM
1886 04 20 14 00  49.92   -6.30 1008.8           SCILLY
1886 04 20 14 00  56.82   -5.11 1019.1      FORTWILLIAM
1886 04 20 18 00  49.92   -6.30 1009.5           SCILLY
1886 04 20 18 00  56.82   -5.11 1018.7      FORTWILLIAM
1886 04 20 21 00  56.82   -5.11 1019.3      FORTWILLIAM
1886 04 21 08 00  49.92   -6.30 1013.5           SCILLY
1886 04 21 08 00  56.82   -5.11 1020.1      FORTWILLIAM
1886 04 21 09 00  56.82   -5.11 1020.2      FORTWILLIAM
1886 04 21 14 00  49.92   -6.30 1014.2           SCILLY
1886 04 21 14 00  56.82   -5.11 1020.6      FORTWILLIAM
1886 04 21 18 00  49.92   -6.30 1014.2           SCILLY
1886 04 21 18 00  56.82   -5.11 1019.4      FORTWILLIAM
1886 04 21 21 00  56.82   -5.11 1020.1      FORTWILLIAM
1886 04 22 08 00  49.92   -6.30 1013.5           SCILLY
1886 04 22 08 00  56.82   -5.11 1020.5      FORTWILLIAM
1886 04 22 09 00  56.82   -5.11 1020.2      FORTWILLIAM
1886 04 22 14 00  49.92   -6.30 1012.9           SCILLY
1886 04 22 14 00  56.82   -5.11 1017.5      FORTWILLIAM
1886 04 22 18 00  49.92   -6.30 1011.5           SCILLY
1886 04 22 18 00  56.82   -5.11 1017.1      FORTWILLIAM
1886 04 22 21 00  56.82   -5.11 1017.8      FORTWILLIAM
1886 04 23 08 00  49.92   -6.30 1005.4           SCILLY
1886 04 23 08 00  56.82   -5.11 1019.1      FORTWILLIAM
1886 04 23 09 00  56.82   -5.11 1019.1      FORTWILLIAM
1886 04 23 14 00  49.92   -6.30 1006.4           SCILLY
1886 04 23 14 00  56.82   -5.11 1017.7      FORTWILLIAM
1886 04 23 18 00  49.92   -6.30 1008.1           SCILLY
1886 04 23 18 00  56.82   -5.11 1017.4      FORTWILLIAM
1886 04 23 21 00  56.82   -5.11 1018.8      FORTWILLIAM
1886 04 24 08 00  49.92   -6.30 1013.5           SCILLY
1886 04 24 08 00  56.82   -5.11 1019.0      FORTWILLIAM
1886 04 24 09 00  56.82   -5.11 1018.9      FORTWILLIAM
1886 04 24 14 00  49.92   -6.30 1015.2           SCILLY
1886 04 24 14 00  56.82   -5.11 1019.8      FORTWILLIAM
1886 04 24 18 00  49.92   -6.30 1014.9           SCILLY
1886 04 24 18 00  56.82   -5.11 1021.0      FORTWILLIAM
1886 04 24 21 00  56.82   -5.11 1021.7      FORTWILLIAM
1886 04 25 08 00  49.92   -6.30 1013.5           SCILLY
1886 04 25 08 00  56.82   -5.11 1023.0      FORTWILLIAM
1886 04 25 09 00  56.82   -5.11 1022.8      FORTWILLIAM
1886 04 25 14 00  49.92   -6.30 1012.9           SCILLY
1886 04 25 14 00  56.82   -5.11 1021.3      FORTWILLIAM
1886 04 25 18 00  49.92   -6.30 1012.2           SCILLY
1886 04 25 18 00  56.82   -5.11 1020.1      FORTWILLIAM
1886 04 25 21 00  56.82   -5.11 1020.1      FORTWILLIAM
1886 04 26 08 00  49.92   -6.30 1011.2           SCILLY
1886 04 26 08 00  56.82   -5.11 1019.2      FORTWILLIAM
1886 04 26 09 00  56.82   -5.11 1018.8      FORTWILLIAM
1886 04 26 14 00  49.92   -6.30 1010.5           SCILLY
1886 04 26 14 00  56.82   -5.11 1017.0      FORTWILLIAM
1886 04 26 18 00  49.92   -6.30 1010.2           SCILLY
1886 04 26 18 00  56.82   -5.11 1015.0      FORTWILLIAM
1886 04 26 21 00  56.82   -5.11 1015.0      FORTWILLIAM
1886 04 27 08 00  49.92   -6.30 1006.4           SCILLY
1886 04 27 08 00  56.82   -5.11 1010.6      FORTWILLIAM
1886 04 27 09 00  56.82   -5.11 1009.8      FORTWILLIAM
1886 04 27 14 00  49.92   -6.30 1005.4           SCILLY
1886 04 27 14 00  56.82   -5.11 1007.9      FORTWILLIAM
1886 04 27 18 00  49.92   -6.30 1004.4           SCILLY
1886 04 27 18 00  56.82   -5.11 1006.8      FORTWILLIAM
1886 04 27 21 00  56.82   -5.11 1006.2      FORTWILLIAM
1886 04 28 08 00  49.92   -6.30 1001.7           SCILLY
1886 04 28 08 00  56.82   -5.11 1011.3      FORTWILLIAM
1886 04 28 09 00  56.82   -5.11 1011.6      FORTWILLIAM
1886 04 28 14 00  49.92   -6.30 1001.7           SCILLY
1886 04 28 14 00  56.82   -5.11 1013.5      FORTWILLIAM
1886 04 28 18 00  49.92   -6.30 1001.4           SCILLY
1886 04 28 18 00  56.82   -5.11 1014.8      FORTWILLIAM
1886 04 28 21 00  56.82   -5.11 1016.9      FORTWILLIAM
1886 04 29 08 00  49.92   -6.30 1009.1           SCILLY
1886 04 29 08 00  56.82   -5.11 1021.1      FORTWILLIAM
1886 04 29 09 00  56.82   -5.11 1021.3      FORTWILLIAM
1886 04 29 14 00  49.92   -6.30 1013.2           SCILLY
1886 04 29 14 00  56.82   -5.11 1021.1      FORTWILLIAM
1886 04 29 18 00  49.92   -6.30 1014.2           SCILLY
1886 04 29 18 00  56.82   -5.11 1020.4      FORTWILLIAM
1886 04 29 21 00  56.82   -5.11 1021.6      FORTWILLIAM
1886 04 30 08 00  49.92   -6.30 1020.7           SCILLY
1886 04 30 08 00  56.82   -5.11 1022.2      FORTWILLIAM
1886 04 30 09 00  56.82   -5.11 1022.2      FORTWILLIAM
1886 04 30 14 00  49.92   -6.30 1022.0           SCILLY
1886 04 30 14 00  56.82   -5.11 1021.3      FORTWILLIAM
1886 04 30 18 00  49.92   -6.30 1021.7           SCILLY
1886 04 30 18 00  56.82   -5.11 1021.6      FORTWILLIAM
1886 04 30 21 00  56.82   -5.11 1022.8      FORTWILLIAM
