1880 02 01 08 00  49.92   -6.30 1024.7           SCILLY
1880 02 01 14 00  49.92   -6.30 1024.4           SCILLY
1880 02 01 18 00  49.92   -6.30 1023.7           SCILLY
1880 02 02 08 00  49.92   -6.30 1023.4           SCILLY
1880 02 02 14 00  49.92   -6.30 1024.4           SCILLY
1880 02 02 18 00  49.92   -6.30 1025.4           SCILLY
1880 02 03 08 00  49.92   -6.30 1028.1           SCILLY
1880 02 03 14 00  49.92   -6.30 1028.4           SCILLY
1880 02 03 18 00  49.92   -6.30 1027.4           SCILLY
1880 02 04 08 00  49.92   -6.30 1026.4           SCILLY
1880 02 04 14 00  49.92   -6.30 1026.4           SCILLY
1880 02 04 18 00  49.92   -6.30 1024.0           SCILLY
1880 02 05 08 00  49.92   -6.30 1016.9           SCILLY
1880 02 05 14 00  49.92   -6.30 1015.6           SCILLY
1880 02 05 18 00  49.92   -6.30 1014.2           SCILLY
1880 02 06 08 00  49.92   -6.30 1010.8           SCILLY
1880 02 06 14 00  49.92   -6.30 1009.5           SCILLY
1880 02 06 18 00  49.92   -6.30 1004.4           SCILLY
1880 02 07 08 00  49.92   -6.30 1002.7           SCILLY
1880 02 07 14 00  49.92   -6.30  997.0           SCILLY
1880 02 07 18 00  49.92   -6.30  990.9           SCILLY
1880 02 08 08 00  49.92   -6.30 1000.7           SCILLY
1880 02 08 14 00  49.92   -6.30 1003.7           SCILLY
1880 02 08 18 00  49.92   -6.30 1001.4           SCILLY
1880 02 09 08 00  49.92   -6.30  978.7           SCILLY
1880 02 09 14 00  49.92   -6.30  986.1           SCILLY
1880 02 09 18 00  49.92   -6.30  993.2           SCILLY
1880 02 10 08 00  49.92   -6.30  994.6           SCILLY
1880 02 10 14 00  49.92   -6.30  993.6           SCILLY
1880 02 10 18 00  49.92   -6.30  996.3           SCILLY
1880 02 11 08 00  49.92   -6.30 1009.8           SCILLY
1880 02 11 14 00  49.92   -6.30 1011.5           SCILLY
1880 02 11 18 00  49.92   -6.30 1009.1           SCILLY
1880 02 12 08 00  49.92   -6.30 1009.1           SCILLY
1880 02 12 14 00  49.92   -6.30 1014.2           SCILLY
1880 02 12 18 00  49.92   -6.30 1017.3           SCILLY
1880 02 13 08 00  49.92   -6.30 1022.0           SCILLY
1880 02 13 14 00  49.92   -6.30 1019.3           SCILLY
1880 02 13 18 00  49.92   -6.30 1012.9           SCILLY
1880 02 14 08 00  49.92   -6.30 1004.4           SCILLY
1880 02 14 14 00  49.92   -6.30 1006.4           SCILLY
1880 02 14 18 00  49.92   -6.30 1008.5           SCILLY
1880 02 15 08 00  49.92   -6.30  997.6           SCILLY
1880 02 15 14 00  49.92   -6.30  990.5           SCILLY
1880 02 15 18 00  49.92   -6.30  988.1           SCILLY
1880 02 16 08 00  49.92   -6.30  965.5           SCILLY
1880 02 16 14 00  49.92   -6.30  969.2           SCILLY
1880 02 16 18 00  49.92   -6.30  978.3           SCILLY
1880 02 17 08 00  49.92   -6.30  982.7           SCILLY
1880 02 17 14 00  49.92   -6.30  983.7           SCILLY
1880 02 17 18 00  49.92   -6.30  981.4           SCILLY
1880 02 18 08 00  49.92   -6.30  991.9           SCILLY
1880 02 18 14 00  49.92   -6.30  992.6           SCILLY
1880 02 18 18 00  49.92   -6.30  990.2           SCILLY
1880 02 19 08 00  49.92   -6.30  989.2           SCILLY
1880 02 19 14 00  49.92   -6.30  990.9           SCILLY
1880 02 19 18 00  49.92   -6.30  990.5           SCILLY
1880 02 20 08 00  49.92   -6.30  996.6           SCILLY
1880 02 20 14 00  49.92   -6.30 1001.7           SCILLY
1880 02 20 18 00  49.92   -6.30 1001.7           SCILLY
1880 02 21 08 00  49.92   -6.30 1007.8           SCILLY
1880 02 21 14 00  49.92   -6.30 1009.8           SCILLY
1880 02 21 18 00  49.92   -6.30 1011.2           SCILLY
1880 02 22 08 00  49.92   -6.30 1011.2           SCILLY
1880 02 22 14 00  49.92   -6.30 1012.5           SCILLY
1880 02 22 18 00  49.92   -6.30 1013.5           SCILLY
1880 02 23 08 00  49.92   -6.30 1017.6           SCILLY
1880 02 23 14 00  49.92   -6.30 1020.3           SCILLY
1880 02 23 18 00  49.92   -6.30 1021.3           SCILLY
1880 02 24 08 00  49.92   -6.30 1023.7           SCILLY
1880 02 24 14 00  49.92   -6.30 1026.8           SCILLY
1880 02 24 18 00  49.92   -6.30 1029.1           SCILLY
1880 02 25 08 00  49.92   -6.30 1033.5           SCILLY
1880 02 25 14 00  49.92   -6.30 1033.9           SCILLY
1880 02 25 18 00  49.92   -6.30 1031.5           SCILLY
1880 02 26 08 00  49.92   -6.30 1019.6           SCILLY
1880 02 26 14 00  49.92   -6.30 1022.7           SCILLY
1880 02 26 18 00  49.92   -6.30 1022.4           SCILLY
1880 02 27 08 00  49.92   -6.30 1020.3           SCILLY
1880 02 27 14 00  49.92   -6.30 1018.3           SCILLY
1880 02 27 18 00  49.92   -6.30 1014.2           SCILLY
1880 02 28 08 00  49.92   -6.30 1007.5           SCILLY
1880 02 28 14 00  49.92   -6.30 1008.1           SCILLY
1880 02 28 18 00  49.92   -6.30 1008.8           SCILLY
1880 02 29 08 00  49.92   -6.30 1009.5           SCILLY
1880 02 29 14 00  49.92   -6.30 1008.8           SCILLY
1880 02 29 18 00  49.92   -6.30 1005.8           SCILLY
