1886 01 01 08 00  49.92   -6.30 1023.7           SCILLY
1886 01 01 08 00  56.82   -5.11 1005.6      FORTWILLIAM
1886 01 01 09 00  56.82   -5.11 1005.4      FORTWILLIAM
1886 01 01 14 00  49.92   -6.30 1022.7           SCILLY
1886 01 01 14 00  56.82   -5.11 1002.0      FORTWILLIAM
1886 01 01 18 00  49.92   -6.30 1022.0           SCILLY
1886 01 01 18 00  56.82   -5.11  999.8      FORTWILLIAM
1886 01 01 21 00  56.82   -5.11 1000.8      FORTWILLIAM
1886 01 02 08 00  49.92   -6.30 1019.0           SCILLY
1886 01 02 08 00  56.82   -5.11 1005.7      FORTWILLIAM
1886 01 02 09 00  56.82   -5.11 1006.2      FORTWILLIAM
1886 01 02 14 00  49.92   -6.30 1019.3           SCILLY
1886 01 02 14 00  56.82   -5.11 1008.6      FORTWILLIAM
1886 01 02 18 00  49.92   -6.30 1019.3           SCILLY
1886 01 02 18 00  56.82   -5.11 1009.7      FORTWILLIAM
1886 01 02 21 00  56.82   -5.11 1010.6      FORTWILLIAM
1886 01 03 08 00  49.92   -6.30 1018.6           SCILLY
1886 01 03 08 00  56.82   -5.11  997.0      FORTWILLIAM
1886 01 03 09 00  56.82   -5.11  995.3      FORTWILLIAM
1886 01 03 14 00  49.92   -6.30 1015.9           SCILLY
1886 01 03 14 00  56.82   -5.11  991.2      FORTWILLIAM
1886 01 03 18 00  49.92   -6.30 1014.6           SCILLY
1886 01 03 18 00  56.82   -5.11  992.8      FORTWILLIAM
1886 01 03 21 00  56.82   -5.11  992.9      FORTWILLIAM
1886 01 04 08 00  49.92   -6.30 1008.1           SCILLY
1886 01 04 08 00  56.82   -5.11  992.9      FORTWILLIAM
1886 01 04 09 00  56.82   -5.11  993.0      FORTWILLIAM
1886 01 04 14 00  49.92   -6.30 1007.8           SCILLY
1886 01 04 14 00  56.82   -5.11  991.4      FORTWILLIAM
1886 01 04 18 00  49.92   -6.30 1008.1           SCILLY
1886 01 04 18 00  56.82   -5.11  989.9      FORTWILLIAM
1886 01 04 21 00  56.82   -5.11  988.3      FORTWILLIAM
1886 01 05 08 00  49.92   -6.30 1012.2           SCILLY
1886 01 05 08 00  56.82   -5.11  986.2      FORTWILLIAM
1886 01 05 09 00  56.82   -5.11  987.4      FORTWILLIAM
1886 01 05 14 00  49.92   -6.30 1011.9           SCILLY
1886 01 05 14 00  56.82   -5.11  996.3      FORTWILLIAM
1886 01 05 18 00  49.92   -6.30 1011.2           SCILLY
1886 01 05 18 00  56.82   -5.11 1000.1      FORTWILLIAM
1886 01 05 21 00  56.82   -5.11 1005.8      FORTWILLIAM
1886 01 06 08 00  49.92   -6.30 1000.7           SCILLY
1886 01 06 08 00  56.82   -5.11 1011.2      FORTWILLIAM
1886 01 06 09 00  56.82   -5.11 1012.4      FORTWILLIAM
1886 01 06 14 00  49.92   -6.30  999.7           SCILLY
1886 01 06 14 00  56.82   -5.11 1015.6      FORTWILLIAM
1886 01 06 18 00  49.92   -6.30 1002.7           SCILLY
1886 01 06 18 00  56.82   -5.11 1018.4      FORTWILLIAM
1886 01 06 21 00  56.82   -5.11 1019.3      FORTWILLIAM
1886 01 07 08 00  49.92   -6.30 1019.3           SCILLY
1886 01 07 08 00  56.82   -5.11 1011.6      FORTWILLIAM
1886 01 07 09 00  56.82   -5.11 1009.6      FORTWILLIAM
1886 01 07 14 00  49.92   -6.30 1019.3           SCILLY
1886 01 07 14 00  56.82   -5.11 1001.3      FORTWILLIAM
1886 01 07 18 00  49.92   -6.30 1018.3           SCILLY
1886 01 07 18 00  56.82   -5.11  994.4      FORTWILLIAM
1886 01 07 21 00  56.82   -5.11  992.6      FORTWILLIAM
1886 01 08 08 00  49.92   -6.30 1008.8           SCILLY
1886 01 08 08 00  56.82   -5.11  998.0      FORTWILLIAM
1886 01 08 09 00  56.82   -5.11  999.5      FORTWILLIAM
1886 01 08 14 00  49.92   -6.30 1010.5           SCILLY
1886 01 08 14 00  56.82   -5.11 1002.1      FORTWILLIAM
1886 01 08 18 00  49.92   -6.30 1011.9           SCILLY
1886 01 08 18 00  56.82   -5.11 1005.8      FORTWILLIAM
1886 01 08 21 00  56.82   -5.11 1007.7      FORTWILLIAM
1886 01 09 08 00  49.92   -6.30 1016.6           SCILLY
1886 01 09 08 00  56.82   -5.11 1015.2      FORTWILLIAM
1886 01 09 09 00  56.82   -5.11 1016.1      FORTWILLIAM
1886 01 09 14 00  49.92   -6.30 1019.3           SCILLY
1886 01 09 14 00  56.82   -5.11 1018.3      FORTWILLIAM
1886 01 09 18 00  49.92   -6.30 1020.3           SCILLY
1886 01 09 18 00  56.82   -5.11 1019.2      FORTWILLIAM
1886 01 09 21 00  56.82   -5.11 1018.8      FORTWILLIAM
1886 01 10 08 00  49.92   -6.30 1018.3           SCILLY
1886 01 10 08 00  56.82   -5.11 1012.2      FORTWILLIAM
1886 01 10 09 00  56.82   -5.11 1012.0      FORTWILLIAM
1886 01 10 14 00  49.92   -6.30 1015.6           SCILLY
1886 01 10 14 00  56.82   -5.11 1008.1      FORTWILLIAM
1886 01 10 18 00  49.92   -6.30 1013.5           SCILLY
1886 01 10 18 00  56.82   -5.11 1005.8      FORTWILLIAM
1886 01 10 21 00  56.82   -5.11 1005.1      FORTWILLIAM
1886 01 11 08 00  49.92   -6.30 1010.5           SCILLY
1886 01 11 08 00  56.82   -5.11 1011.9      FORTWILLIAM
1886 01 11 09 00  56.82   -5.11 1013.4      FORTWILLIAM
1886 01 11 14 00  49.92   -6.30 1015.2           SCILLY
1886 01 11 14 00  56.82   -5.11 1017.5      FORTWILLIAM
1886 01 11 18 00  49.92   -6.30 1018.6           SCILLY
1886 01 11 18 00  56.82   -5.11 1019.9      FORTWILLIAM
1886 01 11 21 00  56.82   -5.11 1021.8      FORTWILLIAM
1886 01 12 08 00  49.92   -6.30 1026.1           SCILLY
1886 01 12 08 00  56.82   -5.11 1014.3      FORTWILLIAM
1886 01 12 09 00  56.82   -5.11 1012.7      FORTWILLIAM
1886 01 12 14 00  49.92   -6.30 1023.4           SCILLY
1886 01 12 14 00  56.82   -5.11 1007.9      FORTWILLIAM
1886 01 12 18 00  49.92   -6.30 1019.6           SCILLY
1886 01 12 18 00  56.82   -5.11 1006.5      FORTWILLIAM
1886 01 12 21 00  56.82   -5.11 1003.0      FORTWILLIAM
1886 01 13 08 00  49.92   -6.30 1003.0           SCILLY
1886 01 13 08 00  56.82   -5.11  990.6      FORTWILLIAM
1886 01 13 09 00  56.82   -5.11  990.6      FORTWILLIAM
1886 01 13 14 00  49.92   -6.30 1003.0           SCILLY
1886 01 13 14 00  56.82   -5.11  993.9      FORTWILLIAM
1886 01 13 18 00  49.92   -6.30 1004.1           SCILLY
1886 01 13 18 00  56.82   -5.11 1002.8      FORTWILLIAM
1886 01 13 21 00  56.82   -5.11 1008.2      FORTWILLIAM
1886 01 14 08 00  49.92   -6.30 1016.6           SCILLY
1886 01 14 08 00  56.82   -5.11 1014.0      FORTWILLIAM
1886 01 14 09 00  56.82   -5.11 1013.5      FORTWILLIAM
1886 01 14 14 00  49.92   -6.30 1017.9           SCILLY
1886 01 14 14 00  56.82   -5.11 1008.4      FORTWILLIAM
1886 01 14 18 00  49.92   -6.30 1018.6           SCILLY
1886 01 14 18 00  56.82   -5.11 1003.2      FORTWILLIAM
1886 01 14 21 00  56.82   -5.11 1000.4      FORTWILLIAM
1886 01 15 08 00  49.92   -6.30 1012.9           SCILLY
1886 01 15 08 00  56.82   -5.11  990.7      FORTWILLIAM
1886 01 15 09 00  56.82   -5.11  990.8      FORTWILLIAM
1886 01 15 14 00  49.92   -6.30 1007.8           SCILLY
1886 01 15 14 00  56.82   -5.11  988.9      FORTWILLIAM
1886 01 15 18 00  49.92   -6.30 1006.1           SCILLY
1886 01 15 18 00  56.82   -5.11  987.4      FORTWILLIAM
1886 01 15 21 00  56.82   -5.11  987.5      FORTWILLIAM
1886 01 16 08 00  49.92   -6.30 1011.2           SCILLY
1886 01 16 08 00  56.82   -5.11  989.5      FORTWILLIAM
1886 01 16 09 00  56.82   -5.11  990.1      FORTWILLIAM
1886 01 16 14 00  49.92   -6.30 1008.5           SCILLY
1886 01 16 14 00  56.82   -5.11  985.0      FORTWILLIAM
1886 01 16 18 00  49.92   -6.30 1004.1           SCILLY
1886 01 16 18 00  56.82   -5.11  980.1      FORTWILLIAM
1886 01 16 21 00  56.82   -5.11  979.1      FORTWILLIAM
1886 01 17 08 00  49.92   -6.30 1001.4           SCILLY
1886 01 17 08 00  56.82   -5.11  981.1      FORTWILLIAM
1886 01 17 09 00  56.82   -5.11  981.1      FORTWILLIAM
1886 01 17 14 00  49.92   -6.30  997.3           SCILLY
1886 01 17 14 00  56.82   -5.11  979.2      FORTWILLIAM
1886 01 17 18 00  49.92   -6.30  994.2           SCILLY
1886 01 17 18 00  56.82   -5.11  978.9      FORTWILLIAM
1886 01 17 21 00  56.82   -5.11  979.0      FORTWILLIAM
1886 01 18 08 00  49.92   -6.30  985.4           SCILLY
1886 01 18 08 00  56.82   -5.11  982.0      FORTWILLIAM
1886 01 18 09 00  56.82   -5.11  982.9      FORTWILLIAM
1886 01 18 14 00  49.92   -6.30  988.5           SCILLY
1886 01 18 14 00  56.82   -5.11  983.7      FORTWILLIAM
1886 01 18 18 00  49.92   -6.30  991.5           SCILLY
1886 01 18 18 00  56.82   -5.11  984.5      FORTWILLIAM
1886 01 18 21 00  56.82   -5.11  984.4      FORTWILLIAM
1886 01 19 08 00  49.92   -6.30  993.9           SCILLY
1886 01 19 08 00  56.82   -5.11  994.7      FORTWILLIAM
1886 01 19 09 00  56.82   -5.11  995.3      FORTWILLIAM
1886 01 19 14 00  49.92   -6.30  991.9           SCILLY
1886 01 19 14 00  56.82   -5.11  991.3      FORTWILLIAM
1886 01 19 18 00  49.92   -6.30  990.9           SCILLY
1886 01 19 18 00  56.82   -5.11  988.1      FORTWILLIAM
1886 01 19 21 00  56.82   -5.11  992.1      FORTWILLIAM
1886 01 20 08 00  49.92   -6.30  991.2           SCILLY
1886 01 20 08 00  56.82   -5.11 1003.7      FORTWILLIAM
1886 01 20 09 00  56.82   -5.11 1004.7      FORTWILLIAM
1886 01 20 14 00  49.92   -6.30  990.9           SCILLY
1886 01 20 14 00  56.82   -5.11 1007.0      FORTWILLIAM
1886 01 20 18 00  49.92   -6.30  994.2           SCILLY
1886 01 20 18 00  56.82   -5.11 1008.5      FORTWILLIAM
1886 01 20 21 00  56.82   -5.11 1008.8      FORTWILLIAM
1886 01 21 08 00  49.92   -6.30  999.3           SCILLY
1886 01 21 08 00  56.82   -5.11 1007.0      FORTWILLIAM
1886 01 21 09 00  56.82   -5.11 1007.0      FORTWILLIAM
1886 01 21 14 00  49.92   -6.30  997.0           SCILLY
1886 01 21 14 00  56.82   -5.11 1006.9      FORTWILLIAM
1886 01 21 18 00  49.92   -6.30  997.0           SCILLY
1886 01 21 18 00  56.82   -5.11 1006.6      FORTWILLIAM
1886 01 21 21 00  56.82   -5.11 1006.9      FORTWILLIAM
1886 01 22 08 00  49.92   -6.30  998.0           SCILLY
1886 01 22 08 00  56.82   -5.11 1005.4      FORTWILLIAM
1886 01 22 09 00  56.82   -5.11 1006.0      FORTWILLIAM
1886 01 22 14 00  49.92   -6.30  999.7           SCILLY
1886 01 22 14 00  56.82   -5.11 1007.1      FORTWILLIAM
1886 01 22 18 00  49.92   -6.30 1000.7           SCILLY
1886 01 22 18 00  56.82   -5.11 1008.7      FORTWILLIAM
1886 01 22 21 00  56.82   -5.11 1010.4      FORTWILLIAM
1886 01 23 08 00  49.92   -6.30 1003.0           SCILLY
1886 01 23 08 00  56.82   -5.11 1010.1      FORTWILLIAM
1886 01 23 09 00  56.82   -5.11 1009.7      FORTWILLIAM
1886 01 23 14 00  49.92   -6.30 1000.3           SCILLY
1886 01 23 14 00  56.82   -5.11 1007.0      FORTWILLIAM
1886 01 23 18 00  49.92   -6.30  999.0           SCILLY
1886 01 23 18 00  56.82   -5.11 1007.0      FORTWILLIAM
1886 01 23 21 00  56.82   -5.11 1007.5      FORTWILLIAM
1886 01 24 08 00  49.92   -6.30  994.6           SCILLY
1886 01 24 08 00  56.82   -5.11 1005.1      FORTWILLIAM
1886 01 24 09 00  56.82   -5.11 1004.9      FORTWILLIAM
1886 01 24 14 00  49.92   -6.30  994.2           SCILLY
1886 01 24 14 00  56.82   -5.11 1003.4      FORTWILLIAM
1886 01 24 18 00  49.92   -6.30  993.6           SCILLY
1886 01 24 18 00  56.82   -5.11 1002.4      FORTWILLIAM
1886 01 24 21 00  56.82   -5.11 1001.6      FORTWILLIAM
1886 01 25 08 00  49.92   -6.30  990.9           SCILLY
1886 01 25 08 00  56.82   -5.11 1003.3      FORTWILLIAM
1886 01 25 09 00  56.82   -5.11 1003.4      FORTWILLIAM
1886 01 25 14 00  49.92   -6.30  990.5           SCILLY
1886 01 25 14 00  56.82   -5.11 1002.8      FORTWILLIAM
1886 01 25 18 00  49.92   -6.30  991.2           SCILLY
1886 01 25 18 00  56.82   -5.11 1001.8      FORTWILLIAM
1886 01 25 21 00  56.82   -5.11 1002.7      FORTWILLIAM
1886 01 26 08 00  49.92   -6.30  994.2           SCILLY
1886 01 26 08 00  56.82   -5.11 1003.8      FORTWILLIAM
1886 01 26 09 00  56.82   -5.11 1004.6      FORTWILLIAM
1886 01 26 14 00  49.92   -6.30  997.0           SCILLY
1886 01 26 14 00  56.82   -5.11 1005.4      FORTWILLIAM
1886 01 26 18 00  49.92   -6.30  999.0           SCILLY
1886 01 26 18 00  56.82   -5.11 1006.8      FORTWILLIAM
1886 01 26 21 00  56.82   -5.11 1006.9      FORTWILLIAM
1886 01 27 08 00  49.92   -6.30 1005.1           SCILLY
1886 01 27 08 00  56.82   -5.11 1008.6      FORTWILLIAM
1886 01 27 09 00  56.82   -5.11 1009.6      FORTWILLIAM
1886 01 27 14 00  49.92   -6.30 1006.8           SCILLY
1886 01 27 14 00  56.82   -5.11 1010.1      FORTWILLIAM
1886 01 27 18 00  49.92   -6.30 1007.8           SCILLY
1886 01 27 18 00  56.82   -5.11 1011.3      FORTWILLIAM
1886 01 27 21 00  56.82   -5.11 1012.6      FORTWILLIAM
1886 01 28 08 00  49.92   -6.30 1008.5           SCILLY
1886 01 28 08 00  56.82   -5.11 1008.0      FORTWILLIAM
1886 01 28 09 00  56.82   -5.11 1007.9      FORTWILLIAM
1886 01 28 14 00  49.92   -6.30 1006.4           SCILLY
1886 01 28 14 00  56.82   -5.11 1006.0      FORTWILLIAM
1886 01 28 18 00  49.92   -6.30 1004.4           SCILLY
1886 01 28 18 00  56.82   -5.11 1003.2      FORTWILLIAM
1886 01 28 21 00  56.82   -5.11 1002.2      FORTWILLIAM
1886 01 29 08 00  49.92   -6.30 1000.7           SCILLY
1886 01 29 08 00  56.82   -5.11  993.7      FORTWILLIAM
1886 01 29 09 00  56.82   -5.11  993.5      FORTWILLIAM
1886 01 29 14 00  49.92   -6.30 1005.8           SCILLY
1886 01 29 14 00  56.82   -5.11  991.6      FORTWILLIAM
1886 01 29 18 00  49.92   -6.30 1008.8           SCILLY
1886 01 29 18 00  56.82   -5.11  993.5      FORTWILLIAM
1886 01 29 21 00  56.82   -5.11  995.9      FORTWILLIAM
1886 01 30 08 00  49.92   -6.30 1005.8           SCILLY
1886 01 30 08 00  56.82   -5.11  991.2      FORTWILLIAM
1886 01 30 09 00  56.82   -5.11  989.5      FORTWILLIAM
1886 01 30 14 00  49.92   -6.30 1003.4           SCILLY
1886 01 30 14 00  56.82   -5.11  984.3      FORTWILLIAM
1886 01 30 18 00  49.92   -6.30 1003.0           SCILLY
1886 01 30 18 00  56.82   -5.11  983.3      FORTWILLIAM
1886 01 30 21 00  56.82   -5.11  982.9      FORTWILLIAM
1886 01 31 08 00  49.92   -6.30  995.6           SCILLY
1886 01 31 08 00  56.82   -5.11  977.3      FORTWILLIAM
1886 01 31 09 00  56.82   -5.11  977.4      FORTWILLIAM
1886 01 31 14 00  49.92   -6.30  997.3           SCILLY
1886 01 31 14 00  56.82   -5.11  979.1      FORTWILLIAM
1886 01 31 18 00  49.92   -6.30 1000.0           SCILLY
1886 01 31 18 00  56.82   -5.11  980.8      FORTWILLIAM
1886 01 31 21 00  56.82   -5.11  980.5      FORTWILLIAM
