1876 04 01 08 00  49.92   -6.30 1007.1           SCILLY
1876 04 01 14 00  49.92   -6.30 1009.5           SCILLY
1876 04 01 18 00  49.92   -6.30 1011.5           SCILLY
1876 04 02 08 00  49.92   -6.30 1015.2           SCILLY
1876 04 02 14 00  49.92   -6.30 1016.9           SCILLY
1876 04 02 18 00  49.92   -6.30 1018.3           SCILLY
1876 04 03 08 00  49.92   -6.30 1021.3           SCILLY
1876 04 03 14 00  49.92   -6.30 1023.7           SCILLY
1876 04 03 18 00  49.92   -6.30 1024.0           SCILLY
1876 04 04 08 00  49.92   -6.30 1029.5           SCILLY
1876 04 04 14 00  49.92   -6.30 1031.8           SCILLY
1876 04 04 18 00  49.92   -6.30 1032.5           SCILLY
1876 04 05 08 00  49.92   -6.30 1033.5           SCILLY
1876 04 05 14 00  49.92   -6.30 1033.5           SCILLY
1876 04 05 18 00  49.92   -6.30 1032.5           SCILLY
1876 04 06 08 00  49.92   -6.30 1030.1           SCILLY
1876 04 06 14 00  49.92   -6.30 1028.8           SCILLY
1876 04 06 18 00  49.92   -6.30 1027.8           SCILLY
1876 04 07 08 00  49.92   -6.30 1025.1           SCILLY
1876 04 07 14 00  49.92   -6.30 1022.7           SCILLY
1876 04 07 18 00  49.92   -6.30 1021.7           SCILLY
1876 04 08 08 00  49.92   -6.30 1016.6           SCILLY
1876 04 08 14 00  49.92   -6.30 1014.6           SCILLY
1876 04 08 18 00  49.92   -6.30 1014.6           SCILLY
1876 04 09 08 00  49.92   -6.30 1014.2           SCILLY
1876 04 09 14 00  49.92   -6.30 1013.9           SCILLY
1876 04 09 18 00  49.92   -6.30 1012.2           SCILLY
1876 04 10 08 00  49.92   -6.30  998.3           SCILLY
1876 04 10 14 00  49.92   -6.30  996.6           SCILLY
1876 04 10 18 00  49.92   -6.30 1001.4           SCILLY
1876 04 11 08 00  49.92   -6.30 1010.2           SCILLY
1876 04 11 14 00  49.92   -6.30 1014.6           SCILLY
1876 04 11 18 00  49.92   -6.30 1015.6           SCILLY
1876 04 12 08 00  49.92   -6.30 1018.3           SCILLY
1876 04 12 14 00  49.92   -6.30 1021.0           SCILLY
1876 04 12 18 00  49.92   -6.30 1022.0           SCILLY
1876 04 13 08 00  49.92   -6.30 1010.8           SCILLY
1876 04 13 14 00  49.92   -6.30 1012.2           SCILLY
1876 04 13 18 00  49.92   -6.30 1013.2           SCILLY
1876 04 14 08 00  49.92   -6.30 1017.6           SCILLY
1876 04 14 14 00  49.92   -6.30 1019.6           SCILLY
1876 04 14 18 00  49.92   -6.30 1020.3           SCILLY
1876 04 15 08 00  49.92   -6.30 1024.0           SCILLY
1876 04 15 14 00  49.92   -6.30 1023.7           SCILLY
1876 04 15 18 00  49.92   -6.30 1024.0           SCILLY
1876 04 16 08 00  49.92   -6.30 1020.3           SCILLY
1876 04 16 14 00  49.92   -6.30 1018.6           SCILLY
1876 04 16 18 00  49.92   -6.30 1016.6           SCILLY
1876 04 17 08 00  49.92   -6.30 1000.0           SCILLY
1876 04 17 14 00  49.92   -6.30  993.6           SCILLY
1876 04 17 18 00  49.92   -6.30  987.5           SCILLY
1876 04 18 08 00  49.92   -6.30  981.7           SCILLY
1876 04 18 14 00  49.92   -6.30  978.7           SCILLY
1876 04 18 18 00  49.92   -6.30  977.7           SCILLY
1876 04 19 08 00  49.92   -6.30  980.7           SCILLY
1876 04 20 08 00  49.92   -6.30  988.1           SCILLY
1876 04 21 08 00  49.92   -6.30  998.0           SCILLY
1876 04 21 14 00  49.92   -6.30 1002.4           SCILLY
1876 04 21 18 00  49.92   -6.30 1005.1           SCILLY
1876 04 22 08 00  49.92   -6.30 1012.2           SCILLY
1876 04 22 14 00  49.92   -6.30 1014.6           SCILLY
1876 04 22 18 00  49.92   -6.30 1014.6           SCILLY
1876 04 23 08 00  49.92   -6.30 1011.9           SCILLY
1876 04 23 14 00  49.92   -6.30 1012.5           SCILLY
1876 04 23 18 00  49.92   -6.30 1013.2           SCILLY
1876 04 24 08 00  49.92   -6.30 1013.9           SCILLY
1876 04 24 14 00  49.92   -6.30 1014.2           SCILLY
1876 04 24 18 00  49.92   -6.30 1014.9           SCILLY
1876 04 25 08 00  49.92   -6.30 1021.7           SCILLY
1876 04 25 14 00  49.92   -6.30 1024.4           SCILLY
1876 04 25 18 00  49.92   -6.30 1026.1           SCILLY
1876 04 26 08 00  49.92   -6.30 1023.7           SCILLY
1876 04 26 14 00  49.92   -6.30 1021.3           SCILLY
1876 04 26 18 00  49.92   -6.30 1020.0           SCILLY
1876 04 27 08 00  49.92   -6.30 1014.9           SCILLY
1876 04 27 14 00  49.92   -6.30 1009.5           SCILLY
1876 04 27 18 00  49.92   -6.30 1004.7           SCILLY
1876 04 28 08 00  49.92   -6.30 1000.3           SCILLY
1876 04 28 14 00  49.92   -6.30  998.0           SCILLY
1876 04 28 18 00  49.92   -6.30  995.9           SCILLY
1876 04 29 08 00  49.92   -6.30  993.2           SCILLY
1876 04 29 14 00  49.92   -6.30  994.2           SCILLY
1876 04 29 18 00  49.92   -6.30  994.6           SCILLY
1876 04 30 08 00  49.92   -6.30 1001.0           SCILLY
1876 04 30 14 00  49.92   -6.30 1006.8           SCILLY
1876 04 30 18 00  49.92   -6.30 1008.8           SCILLY
