1896 02 01 01 00  56.82   -5.11 1035.8      FORTWILLIAM
1896 02 01 02 00  56.82   -5.11 1035.5      FORTWILLIAM
1896 02 01 03 00  56.82   -5.11 1035.2      FORTWILLIAM
1896 02 01 04 00  56.82   -5.11 1034.8      FORTWILLIAM
1896 02 01 05 00  56.82   -5.11 1034.2      FORTWILLIAM
1896 02 01 06 00  56.82   -5.11 1034.0      FORTWILLIAM
1896 02 01 07 00  56.82   -5.11 1033.2      FORTWILLIAM
1896 02 01 08 00  49.92   -6.30 1035.9           SCILLY
1896 02 01 08 00  56.82   -5.11 1033.3      FORTWILLIAM
1896 02 01 09 00  56.82   -5.11 1032.9      FORTWILLIAM
1896 02 01 10 00  56.82   -5.11 1032.8      FORTWILLIAM
1896 02 01 11 00  56.82   -5.11 1032.4      FORTWILLIAM
1896 02 01 12 00  56.82   -5.11 1031.8      FORTWILLIAM
1896 02 01 13 00  56.82   -5.11 1031.3      FORTWILLIAM
1896 02 01 14 00  49.92   -6.30 1035.2           SCILLY
1896 02 01 14 00  56.82   -5.11 1031.1      FORTWILLIAM
1896 02 01 15 00  56.82   -5.11 1030.4      FORTWILLIAM
1896 02 01 16 00  56.82   -5.11 1029.6      FORTWILLIAM
1896 02 01 17 00  56.82   -5.11 1029.3      FORTWILLIAM
1896 02 01 18 00  49.92   -6.30 1033.9           SCILLY
1896 02 01 18 00  56.82   -5.11 1029.1      FORTWILLIAM
1896 02 01 19 00  56.82   -5.11 1028.7      FORTWILLIAM
1896 02 01 20 00  56.82   -5.11 1028.4      FORTWILLIAM
1896 02 01 21 00  56.82   -5.11 1028.0      FORTWILLIAM
1896 02 01 22 00  56.82   -5.11 1027.6      FORTWILLIAM
1896 02 01 23 00  56.82   -5.11 1027.1      FORTWILLIAM
1896 02 01 24 00  56.82   -5.11 1026.9      FORTWILLIAM
1896 02 02 01 00  56.82   -5.11 1026.5      FORTWILLIAM
1896 02 02 02 00  56.82   -5.11 1026.8      FORTWILLIAM
1896 02 02 03 00  56.82   -5.11 1026.9      FORTWILLIAM
1896 02 02 04 00  56.82   -5.11 1027.3      FORTWILLIAM
1896 02 02 05 00  56.82   -5.11 1027.5      FORTWILLIAM
1896 02 02 06 00  56.82   -5.11 1028.1      FORTWILLIAM
1896 02 02 07 00  56.82   -5.11 1029.6      FORTWILLIAM
1896 02 02 08 00  49.92   -6.30 1032.2           SCILLY
1896 02 02 08 00  56.82   -5.11 1030.9      FORTWILLIAM
1896 02 02 09 00  56.82   -5.11 1032.0      FORTWILLIAM
1896 02 02 10 00  56.82   -5.11 1033.2      FORTWILLIAM
1896 02 02 11 00  56.82   -5.11 1033.6      FORTWILLIAM
1896 02 02 12 00  56.82   -5.11 1034.2      FORTWILLIAM
1896 02 02 13 00  56.82   -5.11 1034.2      FORTWILLIAM
1896 02 02 14 00  49.92   -6.30 1033.2           SCILLY
1896 02 02 14 00  56.82   -5.11 1034.2      FORTWILLIAM
1896 02 02 15 00  56.82   -5.11 1034.2      FORTWILLIAM
1896 02 02 16 00  56.82   -5.11 1035.3      FORTWILLIAM
1896 02 02 17 00  56.82   -5.11 1035.6      FORTWILLIAM
1896 02 02 18 00  49.92   -6.30 1033.5           SCILLY
1896 02 02 18 00  56.82   -5.11 1036.3      FORTWILLIAM
1896 02 02 19 00  56.82   -5.11 1036.9      FORTWILLIAM
1896 02 02 20 00  56.82   -5.11 1036.9      FORTWILLIAM
1896 02 02 21 00  56.82   -5.11 1037.4      FORTWILLIAM
1896 02 02 22 00  56.82   -5.11 1037.4      FORTWILLIAM
1896 02 02 23 00  56.82   -5.11 1037.4      FORTWILLIAM
1896 02 02 24 00  56.82   -5.11 1037.8      FORTWILLIAM
1896 02 03 01 00  56.82   -5.11 1037.9      FORTWILLIAM
1896 02 03 02 00  56.82   -5.11 1037.8      FORTWILLIAM
1896 02 03 03 00  56.82   -5.11 1037.5      FORTWILLIAM
1896 02 03 04 00  56.82   -5.11 1037.5      FORTWILLIAM
1896 02 03 05 00  56.82   -5.11 1037.2      FORTWILLIAM
1896 02 03 06 00  56.82   -5.11 1037.2      FORTWILLIAM
1896 02 03 07 00  56.82   -5.11 1036.7      FORTWILLIAM
1896 02 03 08 00  49.92   -6.30 1033.2           SCILLY
1896 02 03 08 00  56.82   -5.11 1036.9      FORTWILLIAM
1896 02 03 09 00  56.82   -5.11 1037.2      FORTWILLIAM
1896 02 03 10 00  56.82   -5.11 1037.3      FORTWILLIAM
1896 02 03 11 00  56.82   -5.11 1037.1      FORTWILLIAM
1896 02 03 12 00  56.82   -5.11 1037.2      FORTWILLIAM
1896 02 03 13 00  56.82   -5.11 1036.6      FORTWILLIAM
1896 02 03 14 00  49.92   -6.30 1033.2           SCILLY
1896 02 03 14 00  56.82   -5.11 1036.5      FORTWILLIAM
1896 02 03 15 00  56.82   -5.11 1035.8      FORTWILLIAM
1896 02 03 16 00  56.82   -5.11 1035.4      FORTWILLIAM
1896 02 03 17 00  56.82   -5.11 1035.0      FORTWILLIAM
1896 02 03 18 00  49.92   -6.30 1033.2           SCILLY
1896 02 03 18 00  56.82   -5.11 1034.8      FORTWILLIAM
1896 02 03 19 00  56.82   -5.11 1034.5      FORTWILLIAM
1896 02 03 20 00  56.82   -5.11 1034.5      FORTWILLIAM
1896 02 03 21 00  56.82   -5.11 1034.3      FORTWILLIAM
1896 02 03 22 00  56.82   -5.11 1034.0      FORTWILLIAM
1896 02 03 23 00  56.82   -5.11 1033.1      FORTWILLIAM
1896 02 03 24 00  56.82   -5.11 1032.9      FORTWILLIAM
1896 02 04 01 00  56.82   -5.11 1031.7      FORTWILLIAM
1896 02 04 02 00  56.82   -5.11 1031.3      FORTWILLIAM
1896 02 04 03 00  56.82   -5.11 1030.4      FORTWILLIAM
1896 02 04 04 00  56.82   -5.11 1029.8      FORTWILLIAM
1896 02 04 05 00  56.82   -5.11 1029.2      FORTWILLIAM
1896 02 04 06 00  56.82   -5.11 1028.9      FORTWILLIAM
1896 02 04 07 00  56.82   -5.11 1028.4      FORTWILLIAM
1896 02 04 08 00  49.92   -6.30 1033.9           SCILLY
1896 02 04 08 00  56.82   -5.11 1028.5      FORTWILLIAM
1896 02 04 09 00  56.82   -5.11 1028.3      FORTWILLIAM
1896 02 04 10 00  56.82   -5.11 1027.9      FORTWILLIAM
1896 02 04 11 00  56.82   -5.11 1027.5      FORTWILLIAM
1896 02 04 12 00  56.82   -5.11 1027.5      FORTWILLIAM
1896 02 04 13 00  56.82   -5.11 1026.4      FORTWILLIAM
1896 02 04 14 00  49.92   -6.30 1035.2           SCILLY
1896 02 04 14 00  56.82   -5.11 1025.9      FORTWILLIAM
1896 02 04 15 00  56.82   -5.11 1025.7      FORTWILLIAM
1896 02 04 16 00  56.82   -5.11 1025.8      FORTWILLIAM
1896 02 04 17 00  56.82   -5.11 1025.5      FORTWILLIAM
1896 02 04 18 00  49.92   -6.30 1035.2           SCILLY
1896 02 04 18 00  56.82   -5.11 1026.3      FORTWILLIAM
1896 02 04 19 00  56.82   -5.11 1026.4      FORTWILLIAM
1896 02 04 20 00  56.82   -5.11 1026.5      FORTWILLIAM
1896 02 04 21 00  56.82   -5.11 1026.5      FORTWILLIAM
1896 02 04 22 00  56.82   -5.11 1026.7      FORTWILLIAM
1896 02 04 23 00  56.82   -5.11 1027.0      FORTWILLIAM
1896 02 04 24 00  56.82   -5.11 1027.5      FORTWILLIAM
1896 02 05 01 00  56.82   -5.11 1027.0      FORTWILLIAM
1896 02 05 02 00  56.82   -5.11 1027.1      FORTWILLIAM
1896 02 05 03 00  56.82   -5.11 1026.9      FORTWILLIAM
1896 02 05 04 00  56.82   -5.11 1027.1      FORTWILLIAM
1896 02 05 05 00  56.82   -5.11 1027.0      FORTWILLIAM
1896 02 05 06 00  56.82   -5.11 1027.2      FORTWILLIAM
1896 02 05 07 00  56.82   -5.11 1027.1      FORTWILLIAM
1896 02 05 08 00  49.92   -6.30 1034.9           SCILLY
1896 02 05 08 00  56.82   -5.11 1027.5      FORTWILLIAM
1896 02 05 09 00  56.82   -5.11 1028.1      FORTWILLIAM
1896 02 05 10 00  56.82   -5.11 1028.8      FORTWILLIAM
1896 02 05 11 00  56.82   -5.11 1028.8      FORTWILLIAM
1896 02 05 12 00  56.82   -5.11 1028.5      FORTWILLIAM
1896 02 05 13 00  56.82   -5.11 1028.5      FORTWILLIAM
1896 02 05 14 00  49.92   -6.30 1034.2           SCILLY
1896 02 05 14 00  56.82   -5.11 1028.4      FORTWILLIAM
1896 02 05 15 00  56.82   -5.11 1028.2      FORTWILLIAM
1896 02 05 16 00  56.82   -5.11 1028.6      FORTWILLIAM
1896 02 05 17 00  56.82   -5.11 1028.8      FORTWILLIAM
1896 02 05 18 00  49.92   -6.30 1033.5           SCILLY
1896 02 05 18 00  56.82   -5.11 1029.5      FORTWILLIAM
1896 02 05 19 00  56.82   -5.11 1030.0      FORTWILLIAM
1896 02 05 20 00  56.82   -5.11 1030.3      FORTWILLIAM
1896 02 05 21 00  56.82   -5.11 1030.3      FORTWILLIAM
1896 02 05 22 00  56.82   -5.11 1030.2      FORTWILLIAM
1896 02 05 23 00  56.82   -5.11 1030.2      FORTWILLIAM
1896 02 05 24 00  56.82   -5.11 1030.2      FORTWILLIAM
1896 02 06 01 00  56.82   -5.11 1029.8      FORTWILLIAM
1896 02 06 02 00  56.82   -5.11 1029.7      FORTWILLIAM
1896 02 06 03 00  56.82   -5.11 1029.4      FORTWILLIAM
1896 02 06 04 00  56.82   -5.11 1028.9      FORTWILLIAM
1896 02 06 05 00  56.82   -5.11 1028.3      FORTWILLIAM
1896 02 06 06 00  56.82   -5.11 1028.2      FORTWILLIAM
1896 02 06 07 00  56.82   -5.11 1027.9      FORTWILLIAM
1896 02 06 08 00  49.92   -6.30 1032.2           SCILLY
1896 02 06 08 00  56.82   -5.11 1028.0      FORTWILLIAM
1896 02 06 09 00  56.82   -5.11 1027.8      FORTWILLIAM
1896 02 06 10 00  56.82   -5.11 1027.5      FORTWILLIAM
1896 02 06 11 00  56.82   -5.11 1027.4      FORTWILLIAM
1896 02 06 12 00  56.82   -5.11 1026.8      FORTWILLIAM
1896 02 06 13 00  56.82   -5.11 1026.2      FORTWILLIAM
1896 02 06 14 00  49.92   -6.30 1032.5           SCILLY
1896 02 06 14 00  56.82   -5.11 1025.7      FORTWILLIAM
1896 02 06 15 00  56.82   -5.11 1025.3      FORTWILLIAM
1896 02 06 16 00  56.82   -5.11 1024.8      FORTWILLIAM
1896 02 06 17 00  56.82   -5.11 1024.5      FORTWILLIAM
1896 02 06 18 00  49.92   -6.30 1031.8           SCILLY
1896 02 06 18 00  56.82   -5.11 1024.5      FORTWILLIAM
1896 02 06 19 00  56.82   -5.11 1023.8      FORTWILLIAM
1896 02 06 20 00  56.82   -5.11 1023.9      FORTWILLIAM
1896 02 06 21 00  56.82   -5.11 1023.3      FORTWILLIAM
1896 02 06 22 00  56.82   -5.11 1023.2      FORTWILLIAM
1896 02 06 23 00  56.82   -5.11 1022.6      FORTWILLIAM
1896 02 06 24 00  56.82   -5.11 1022.8      FORTWILLIAM
1896 02 07 01 00  56.82   -5.11 1022.3      FORTWILLIAM
1896 02 07 02 00  56.82   -5.11 1021.7      FORTWILLIAM
1896 02 07 03 00  56.82   -5.11 1021.0      FORTWILLIAM
1896 02 07 04 00  56.82   -5.11 1020.8      FORTWILLIAM
1896 02 07 05 00  56.82   -5.11 1020.5      FORTWILLIAM
1896 02 07 06 00  56.82   -5.11 1020.4      FORTWILLIAM
1896 02 07 07 00  56.82   -5.11 1019.7      FORTWILLIAM
1896 02 07 08 00  49.92   -6.30 1028.8           SCILLY
1896 02 07 08 00  56.82   -5.11 1019.6      FORTWILLIAM
1896 02 07 09 00  56.82   -5.11 1019.0      FORTWILLIAM
1896 02 07 10 00  56.82   -5.11 1018.0      FORTWILLIAM
1896 02 07 11 00  56.82   -5.11 1017.9      FORTWILLIAM
1896 02 07 12 00  56.82   -5.11 1017.7      FORTWILLIAM
1896 02 07 13 00  56.82   -5.11 1016.7      FORTWILLIAM
1896 02 07 14 00  49.92   -6.30 1025.7           SCILLY
1896 02 07 14 00  56.82   -5.11 1015.5      FORTWILLIAM
1896 02 07 15 00  56.82   -5.11 1015.0      FORTWILLIAM
1896 02 07 16 00  56.82   -5.11 1014.1      FORTWILLIAM
1896 02 07 17 00  56.82   -5.11 1013.2      FORTWILLIAM
1896 02 07 18 00  49.92   -6.30 1023.0           SCILLY
1896 02 07 18 00  56.82   -5.11 1012.3      FORTWILLIAM
1896 02 07 19 00  56.82   -5.11 1011.5      FORTWILLIAM
1896 02 07 20 00  56.82   -5.11 1011.0      FORTWILLIAM
1896 02 07 21 00  56.82   -5.11 1010.7      FORTWILLIAM
1896 02 07 22 00  56.82   -5.11 1010.7      FORTWILLIAM
1896 02 07 23 00  56.82   -5.11 1010.2      FORTWILLIAM
1896 02 07 24 00  56.82   -5.11 1009.6      FORTWILLIAM
1896 02 08 01 00  56.82   -5.11 1009.0      FORTWILLIAM
1896 02 08 02 00  56.82   -5.11 1009.4      FORTWILLIAM
1896 02 08 03 00  56.82   -5.11 1008.7      FORTWILLIAM
1896 02 08 04 00  56.82   -5.11 1008.3      FORTWILLIAM
1896 02 08 05 00  56.82   -5.11 1007.4      FORTWILLIAM
1896 02 08 06 00  56.82   -5.11 1007.2      FORTWILLIAM
1896 02 08 07 00  56.82   -5.11 1006.3      FORTWILLIAM
1896 02 08 08 00  49.92   -6.30 1018.6           SCILLY
1896 02 08 08 00  56.82   -5.11 1006.0      FORTWILLIAM
1896 02 08 09 00  56.82   -5.11 1005.8      FORTWILLIAM
1896 02 08 10 00  56.82   -5.11 1005.6      FORTWILLIAM
1896 02 08 11 00  56.82   -5.11 1005.5      FORTWILLIAM
1896 02 08 12 00  56.82   -5.11 1005.6      FORTWILLIAM
1896 02 08 13 00  56.82   -5.11 1005.0      FORTWILLIAM
1896 02 08 14 00  49.92   -6.30 1017.9           SCILLY
1896 02 08 14 00  56.82   -5.11 1004.7      FORTWILLIAM
1896 02 08 15 00  56.82   -5.11 1004.0      FORTWILLIAM
1896 02 08 16 00  56.82   -5.11 1003.7      FORTWILLIAM
1896 02 08 17 00  56.82   -5.11 1002.3      FORTWILLIAM
1896 02 08 18 00  49.92   -6.30 1018.3           SCILLY
1896 02 08 18 00  56.82   -5.11 1002.8      FORTWILLIAM
1896 02 08 19 00  56.82   -5.11 1003.5      FORTWILLIAM
1896 02 08 20 00  56.82   -5.11 1004.4      FORTWILLIAM
1896 02 08 21 00  56.82   -5.11 1005.2      FORTWILLIAM
1896 02 08 22 00  56.82   -5.11 1006.3      FORTWILLIAM
1896 02 08 23 00  56.82   -5.11 1007.1      FORTWILLIAM
1896 02 08 24 00  56.82   -5.11 1007.4      FORTWILLIAM
1896 02 09 01 00  56.82   -5.11 1007.7      FORTWILLIAM
1896 02 09 02 00  56.82   -5.11 1007.5      FORTWILLIAM
1896 02 09 03 00  56.82   -5.11 1008.0      FORTWILLIAM
1896 02 09 04 00  56.82   -5.11 1008.1      FORTWILLIAM
1896 02 09 05 00  56.82   -5.11 1008.3      FORTWILLIAM
1896 02 09 06 00  56.82   -5.11 1008.5      FORTWILLIAM
1896 02 09 07 00  56.82   -5.11 1008.8      FORTWILLIAM
1896 02 09 08 00  49.92   -6.30 1022.7           SCILLY
1896 02 09 08 00  56.82   -5.11 1009.1      FORTWILLIAM
1896 02 09 09 00  56.82   -5.11 1009.8      FORTWILLIAM
1896 02 09 10 00  56.82   -5.11 1010.1      FORTWILLIAM
1896 02 09 11 00  56.82   -5.11 1010.8      FORTWILLIAM
1896 02 09 12 00  56.82   -5.11 1011.6      FORTWILLIAM
1896 02 09 13 00  56.82   -5.11 1012.1      FORTWILLIAM
1896 02 09 14 00  49.92   -6.30 1024.0           SCILLY
1896 02 09 14 00  56.82   -5.11 1012.1      FORTWILLIAM
1896 02 09 15 00  56.82   -5.11 1012.0      FORTWILLIAM
1896 02 09 16 00  56.82   -5.11 1012.4      FORTWILLIAM
1896 02 09 17 00  56.82   -5.11 1013.7      FORTWILLIAM
1896 02 09 18 00  49.92   -6.30 1025.1           SCILLY
1896 02 09 18 00  56.82   -5.11 1014.2      FORTWILLIAM
1896 02 09 19 00  56.82   -5.11 1015.1      FORTWILLIAM
1896 02 09 20 00  56.82   -5.11 1015.9      FORTWILLIAM
1896 02 09 21 00  56.82   -5.11 1016.4      FORTWILLIAM
1896 02 09 22 00  56.82   -5.11 1016.6      FORTWILLIAM
1896 02 09 23 00  56.82   -5.11 1017.2      FORTWILLIAM
1896 02 09 24 00  56.82   -5.11 1017.6      FORTWILLIAM
1896 02 10 01 00  56.82   -5.11 1018.0      FORTWILLIAM
1896 02 10 02 00  56.82   -5.11 1018.3      FORTWILLIAM
1896 02 10 03 00  56.82   -5.11 1018.3      FORTWILLIAM
1896 02 10 04 00  56.82   -5.11 1018.6      FORTWILLIAM
1896 02 10 05 00  56.82   -5.11 1018.6      FORTWILLIAM
1896 02 10 06 00  56.82   -5.11 1018.8      FORTWILLIAM
1896 02 10 07 00  56.82   -5.11 1019.3      FORTWILLIAM
1896 02 10 08 00  49.92   -6.30 1028.8           SCILLY
1896 02 10 08 00  56.82   -5.11 1019.7      FORTWILLIAM
1896 02 10 09 00  56.82   -5.11 1019.9      FORTWILLIAM
1896 02 10 10 00  56.82   -5.11 1019.9      FORTWILLIAM
1896 02 10 11 00  56.82   -5.11 1019.9      FORTWILLIAM
1896 02 10 12 00  56.82   -5.11 1019.9      FORTWILLIAM
1896 02 10 13 00  56.82   -5.11 1020.0      FORTWILLIAM
1896 02 10 14 00  49.92   -6.30 1029.8           SCILLY
1896 02 10 14 00  56.82   -5.11 1020.0      FORTWILLIAM
1896 02 10 15 00  56.82   -5.11 1019.6      FORTWILLIAM
1896 02 10 16 00  56.82   -5.11 1019.2      FORTWILLIAM
1896 02 10 17 00  56.82   -5.11 1019.2      FORTWILLIAM
1896 02 10 18 00  49.92   -6.30 1029.8           SCILLY
1896 02 10 18 00  56.82   -5.11 1019.2      FORTWILLIAM
1896 02 10 19 00  56.82   -5.11 1019.4      FORTWILLIAM
1896 02 10 20 00  56.82   -5.11 1019.5      FORTWILLIAM
1896 02 10 21 00  56.82   -5.11 1019.5      FORTWILLIAM
1896 02 10 22 00  56.82   -5.11 1019.9      FORTWILLIAM
1896 02 10 23 00  56.82   -5.11 1020.0      FORTWILLIAM
1896 02 10 24 00  56.82   -5.11 1020.2      FORTWILLIAM
1896 02 11 01 00  56.82   -5.11 1019.9      FORTWILLIAM
1896 02 11 02 00  56.82   -5.11 1019.6      FORTWILLIAM
1896 02 11 03 00  56.82   -5.11 1019.9      FORTWILLIAM
1896 02 11 04 00  56.82   -5.11 1019.6      FORTWILLIAM
1896 02 11 05 00  56.82   -5.11 1019.8      FORTWILLIAM
1896 02 11 06 00  56.82   -5.11 1019.8      FORTWILLIAM
1896 02 11 07 00  56.82   -5.11 1020.2      FORTWILLIAM
1896 02 11 08 00  49.92   -6.30 1031.8           SCILLY
1896 02 11 08 00  56.82   -5.11 1020.0      FORTWILLIAM
1896 02 11 09 00  56.82   -5.11 1020.0      FORTWILLIAM
1896 02 11 10 00  56.82   -5.11 1019.9      FORTWILLIAM
1896 02 11 11 00  56.82   -5.11 1019.5      FORTWILLIAM
1896 02 11 12 00  56.82   -5.11 1019.9      FORTWILLIAM
1896 02 11 13 00  56.82   -5.11 1019.1      FORTWILLIAM
1896 02 11 14 00  49.92   -6.30 1032.2           SCILLY
1896 02 11 14 00  56.82   -5.11 1018.5      FORTWILLIAM
1896 02 11 15 00  56.82   -5.11 1018.2      FORTWILLIAM
1896 02 11 16 00  56.82   -5.11 1017.7      FORTWILLIAM
1896 02 11 17 00  56.82   -5.11 1017.3      FORTWILLIAM
1896 02 11 18 00  49.92   -6.30 1031.2           SCILLY
1896 02 11 18 00  56.82   -5.11 1017.1      FORTWILLIAM
1896 02 11 19 00  56.82   -5.11 1016.6      FORTWILLIAM
1896 02 11 20 00  56.82   -5.11 1016.3      FORTWILLIAM
1896 02 11 21 00  56.82   -5.11 1016.0      FORTWILLIAM
1896 02 11 22 00  56.82   -5.11 1015.8      FORTWILLIAM
1896 02 11 23 00  56.82   -5.11 1015.1      FORTWILLIAM
1896 02 11 24 00  56.82   -5.11 1015.0      FORTWILLIAM
1896 02 12 01 00  56.82   -5.11 1014.0      FORTWILLIAM
1896 02 12 02 00  56.82   -5.11 1013.8      FORTWILLIAM
1896 02 12 03 00  56.82   -5.11 1013.2      FORTWILLIAM
1896 02 12 04 00  56.82   -5.11 1012.8      FORTWILLIAM
1896 02 12 05 00  56.82   -5.11 1012.2      FORTWILLIAM
1896 02 12 06 00  56.82   -5.11 1012.1      FORTWILLIAM
1896 02 12 07 00  56.82   -5.11 1012.2      FORTWILLIAM
1896 02 12 08 00  49.92   -6.30 1029.1           SCILLY
1896 02 12 08 00  56.82   -5.11 1013.8      FORTWILLIAM
1896 02 12 09 00  56.82   -5.11 1014.2      FORTWILLIAM
1896 02 12 10 00  56.82   -5.11 1014.9      FORTWILLIAM
1896 02 12 11 00  56.82   -5.11 1015.9      FORTWILLIAM
1896 02 12 12 00  56.82   -5.11 1016.8      FORTWILLIAM
1896 02 12 13 00  56.82   -5.11 1017.3      FORTWILLIAM
1896 02 12 14 00  49.92   -6.30 1029.1           SCILLY
1896 02 12 14 00  56.82   -5.11 1017.7      FORTWILLIAM
1896 02 12 15 00  56.82   -5.11 1018.2      FORTWILLIAM
1896 02 12 16 00  56.82   -5.11 1019.2      FORTWILLIAM
1896 02 12 17 00  56.82   -5.11 1019.9      FORTWILLIAM
1896 02 12 18 00  49.92   -6.30 1027.8           SCILLY
1896 02 12 18 00  56.82   -5.11 1021.2      FORTWILLIAM
1896 02 12 19 00  56.82   -5.11 1022.0      FORTWILLIAM
1896 02 12 20 00  56.82   -5.11 1023.6      FORTWILLIAM
1896 02 12 21 00  56.82   -5.11 1024.3      FORTWILLIAM
1896 02 12 22 00  56.82   -5.11 1025.4      FORTWILLIAM
1896 02 12 23 00  56.82   -5.11 1026.0      FORTWILLIAM
1896 02 12 24 00  56.82   -5.11 1026.9      FORTWILLIAM
1896 02 13 01 00  56.82   -5.11 1027.3      FORTWILLIAM
1896 02 13 02 00  56.82   -5.11 1028.2      FORTWILLIAM
1896 02 13 03 00  56.82   -5.11 1028.5      FORTWILLIAM
1896 02 13 04 00  56.82   -5.11 1029.1      FORTWILLIAM
1896 02 13 05 00  56.82   -5.11 1029.3      FORTWILLIAM
1896 02 13 06 00  56.82   -5.11 1030.1      FORTWILLIAM
1896 02 13 07 00  56.82   -5.11 1030.2      FORTWILLIAM
1896 02 13 08 00  49.92   -6.30 1030.8           SCILLY
1896 02 13 08 00  56.82   -5.11 1030.8      FORTWILLIAM
1896 02 13 09 00  56.82   -5.11 1030.9      FORTWILLIAM
1896 02 13 10 00  56.82   -5.11 1031.0      FORTWILLIAM
1896 02 13 11 00  56.82   -5.11 1031.0      FORTWILLIAM
1896 02 13 12 00  56.82   -5.11 1031.3      FORTWILLIAM
1896 02 13 13 00  56.82   -5.11 1030.7      FORTWILLIAM
1896 02 13 14 00  49.92   -6.30 1030.8           SCILLY
1896 02 13 14 00  56.82   -5.11 1030.5      FORTWILLIAM
1896 02 13 15 00  56.82   -5.11 1029.9      FORTWILLIAM
1896 02 13 16 00  56.82   -5.11 1029.9      FORTWILLIAM
1896 02 13 17 00  56.82   -5.11 1029.7      FORTWILLIAM
1896 02 13 18 00  49.92   -6.30 1030.1           SCILLY
1896 02 13 18 00  56.82   -5.11 1030.0      FORTWILLIAM
1896 02 13 19 00  56.82   -5.11 1030.0      FORTWILLIAM
1896 02 13 20 00  56.82   -5.11 1030.0      FORTWILLIAM
1896 02 13 21 00  56.82   -5.11 1029.7      FORTWILLIAM
1896 02 13 22 00  56.82   -5.11 1029.8      FORTWILLIAM
1896 02 13 23 00  56.82   -5.11 1029.6      FORTWILLIAM
1896 02 13 24 00  56.82   -5.11 1029.6      FORTWILLIAM
1896 02 14 01 00  56.82   -5.11 1029.2      FORTWILLIAM
1896 02 14 02 00  56.82   -5.11 1029.1      FORTWILLIAM
1896 02 14 03 00  56.82   -5.11 1028.4      FORTWILLIAM
1896 02 14 04 00  56.82   -5.11 1028.3      FORTWILLIAM
1896 02 14 05 00  56.82   -5.11 1028.0      FORTWILLIAM
1896 02 14 06 00  56.82   -5.11 1027.9      FORTWILLIAM
1896 02 14 07 00  56.82   -5.11 1027.8      FORTWILLIAM
1896 02 14 08 00  49.92   -6.30 1029.8           SCILLY
1896 02 14 08 00  56.82   -5.11 1028.0      FORTWILLIAM
1896 02 14 09 00  56.82   -5.11 1027.8      FORTWILLIAM
1896 02 14 10 00  56.82   -5.11 1028.0      FORTWILLIAM
1896 02 14 11 00  56.82   -5.11 1027.7      FORTWILLIAM
1896 02 14 12 00  56.82   -5.11 1027.6      FORTWILLIAM
1896 02 14 13 00  56.82   -5.11 1027.0      FORTWILLIAM
1896 02 14 14 00  49.92   -6.30 1029.5           SCILLY
1896 02 14 14 00  56.82   -5.11 1027.0      FORTWILLIAM
1896 02 14 15 00  56.82   -5.11 1026.9      FORTWILLIAM
1896 02 14 16 00  56.82   -5.11 1027.0      FORTWILLIAM
1896 02 14 17 00  56.82   -5.11 1027.2      FORTWILLIAM
1896 02 14 18 00  49.92   -6.30 1028.4           SCILLY
1896 02 14 18 00  56.82   -5.11 1027.6      FORTWILLIAM
1896 02 14 19 00  56.82   -5.11 1027.8      FORTWILLIAM
1896 02 14 20 00  56.82   -5.11 1028.2      FORTWILLIAM
1896 02 14 21 00  56.82   -5.11 1028.2      FORTWILLIAM
1896 02 14 22 00  56.82   -5.11 1028.8      FORTWILLIAM
1896 02 14 23 00  56.82   -5.11 1028.8      FORTWILLIAM
1896 02 14 24 00  56.82   -5.11 1029.3      FORTWILLIAM
1896 02 15 01 00  56.82   -5.11 1029.3      FORTWILLIAM
1896 02 15 02 00  56.82   -5.11 1029.8      FORTWILLIAM
1896 02 15 03 00  56.82   -5.11 1029.4      FORTWILLIAM
1896 02 15 04 00  56.82   -5.11 1029.8      FORTWILLIAM
1896 02 15 05 00  56.82   -5.11 1030.0      FORTWILLIAM
1896 02 15 06 00  56.82   -5.11 1030.7      FORTWILLIAM
1896 02 15 07 00  56.82   -5.11 1031.0      FORTWILLIAM
1896 02 15 08 00  49.92   -6.30 1030.5           SCILLY
1896 02 15 08 00  56.82   -5.11 1031.6      FORTWILLIAM
1896 02 15 09 00  56.82   -5.11 1031.7      FORTWILLIAM
1896 02 15 10 00  56.82   -5.11 1032.1      FORTWILLIAM
1896 02 15 11 00  56.82   -5.11 1032.0      FORTWILLIAM
1896 02 15 12 00  56.82   -5.11 1032.8      FORTWILLIAM
1896 02 15 13 00  56.82   -5.11 1032.3      FORTWILLIAM
1896 02 15 14 00  49.92   -6.30 1031.2           SCILLY
1896 02 15 14 00  56.82   -5.11 1032.3      FORTWILLIAM
1896 02 15 15 00  56.82   -5.11 1031.9      FORTWILLIAM
1896 02 15 16 00  56.82   -5.11 1032.3      FORTWILLIAM
1896 02 15 17 00  56.82   -5.11 1032.2      FORTWILLIAM
1896 02 15 18 00  49.92   -6.30 1030.8           SCILLY
1896 02 15 18 00  56.82   -5.11 1033.0      FORTWILLIAM
1896 02 15 19 00  56.82   -5.11 1033.2      FORTWILLIAM
1896 02 15 20 00  56.82   -5.11 1033.6      FORTWILLIAM
1896 02 15 21 00  56.82   -5.11 1033.6      FORTWILLIAM
1896 02 15 22 00  56.82   -5.11 1033.9      FORTWILLIAM
1896 02 15 23 00  56.82   -5.11 1033.7      FORTWILLIAM
1896 02 15 24 00  56.82   -5.11 1033.9      FORTWILLIAM
1896 02 16 01 00  56.82   -5.11 1034.1      FORTWILLIAM
1896 02 16 02 00  56.82   -5.11 1034.5      FORTWILLIAM
1896 02 16 03 00  56.82   -5.11 1034.9      FORTWILLIAM
1896 02 16 04 00  56.82   -5.11 1035.1      FORTWILLIAM
1896 02 16 05 00  56.82   -5.11 1034.7      FORTWILLIAM
1896 02 16 06 00  56.82   -5.11 1035.1      FORTWILLIAM
1896 02 16 07 00  56.82   -5.11 1035.2      FORTWILLIAM
1896 02 16 08 00  49.92   -6.30 1032.5           SCILLY
1896 02 16 08 00  56.82   -5.11 1035.6      FORTWILLIAM
1896 02 16 09 00  56.82   -5.11 1035.6      FORTWILLIAM
1896 02 16 10 00  56.82   -5.11 1036.0      FORTWILLIAM
1896 02 16 11 00  56.82   -5.11 1036.0      FORTWILLIAM
1896 02 16 12 00  56.82   -5.11 1036.2      FORTWILLIAM
1896 02 16 13 00  56.82   -5.11 1036.1      FORTWILLIAM
1896 02 16 14 00  49.92   -6.30 1033.5           SCILLY
1896 02 16 14 00  56.82   -5.11 1036.0      FORTWILLIAM
1896 02 16 15 00  56.82   -5.11 1035.7      FORTWILLIAM
1896 02 16 16 00  56.82   -5.11 1035.8      FORTWILLIAM
1896 02 16 17 00  56.82   -5.11 1035.8      FORTWILLIAM
1896 02 16 18 00  49.92   -6.30 1031.8           SCILLY
1896 02 16 18 00  56.82   -5.11 1036.0      FORTWILLIAM
1896 02 16 19 00  56.82   -5.11 1035.7      FORTWILLIAM
1896 02 16 20 00  56.82   -5.11 1035.7      FORTWILLIAM
1896 02 16 21 00  56.82   -5.11 1035.3      FORTWILLIAM
1896 02 16 22 00  56.82   -5.11 1035.2      FORTWILLIAM
1896 02 16 23 00  56.82   -5.11 1034.6      FORTWILLIAM
1896 02 16 24 00  56.82   -5.11 1034.7      FORTWILLIAM
1896 02 17 01 00  56.82   -5.11 1034.2      FORTWILLIAM
1896 02 17 02 00  56.82   -5.11 1033.9      FORTWILLIAM
1896 02 17 03 00  56.82   -5.11 1033.4      FORTWILLIAM
1896 02 17 04 00  56.82   -5.11 1032.9      FORTWILLIAM
1896 02 17 05 00  56.82   -5.11 1032.4      FORTWILLIAM
1896 02 17 06 00  56.82   -5.11 1032.4      FORTWILLIAM
1896 02 17 07 00  56.82   -5.11 1032.0      FORTWILLIAM
1896 02 17 08 00  49.92   -6.30 1027.8           SCILLY
1896 02 17 08 00  56.82   -5.11 1032.2      FORTWILLIAM
1896 02 17 09 00  56.82   -5.11 1031.8      FORTWILLIAM
1896 02 17 10 00  56.82   -5.11 1031.6      FORTWILLIAM
1896 02 17 11 00  56.82   -5.11 1031.2      FORTWILLIAM
1896 02 17 12 00  56.82   -5.11 1030.7      FORTWILLIAM
1896 02 17 13 00  56.82   -5.11 1029.8      FORTWILLIAM
1896 02 17 14 00  49.92   -6.30 1024.7           SCILLY
1896 02 17 14 00  56.82   -5.11 1029.0      FORTWILLIAM
1896 02 17 15 00  56.82   -5.11 1028.2      FORTWILLIAM
1896 02 17 16 00  56.82   -5.11 1027.7      FORTWILLIAM
1896 02 17 17 00  56.82   -5.11 1027.5      FORTWILLIAM
1896 02 17 18 00  49.92   -6.30 1022.7           SCILLY
1896 02 17 18 00  56.82   -5.11 1027.7      FORTWILLIAM
1896 02 17 19 00  56.82   -5.11 1027.7      FORTWILLIAM
1896 02 17 20 00  56.82   -5.11 1027.3      FORTWILLIAM
1896 02 17 21 00  56.82   -5.11 1026.7      FORTWILLIAM
1896 02 17 22 00  56.82   -5.11 1026.5      FORTWILLIAM
1896 02 17 23 00  56.82   -5.11 1025.9      FORTWILLIAM
1896 02 17 24 00  56.82   -5.11 1025.8      FORTWILLIAM
1896 02 18 01 00  56.82   -5.11 1025.1      FORTWILLIAM
1896 02 18 02 00  56.82   -5.11 1024.9      FORTWILLIAM
1896 02 18 03 00  56.82   -5.11 1024.2      FORTWILLIAM
1896 02 18 04 00  56.82   -5.11 1023.9      FORTWILLIAM
1896 02 18 05 00  56.82   -5.11 1023.5      FORTWILLIAM
1896 02 18 06 00  56.82   -5.11 1023.4      FORTWILLIAM
1896 02 18 07 00  56.82   -5.11 1023.2      FORTWILLIAM
1896 02 18 08 00  49.92   -6.30 1019.0           SCILLY
1896 02 18 08 00  56.82   -5.11 1023.1      FORTWILLIAM
1896 02 18 09 00  56.82   -5.11 1023.0      FORTWILLIAM
1896 02 18 10 00  56.82   -5.11 1022.4      FORTWILLIAM
1896 02 18 11 00  56.82   -5.11 1022.1      FORTWILLIAM
1896 02 18 12 00  56.82   -5.11 1021.7      FORTWILLIAM
1896 02 18 13 00  56.82   -5.11 1021.0      FORTWILLIAM
1896 02 18 14 00  49.92   -6.30 1017.3           SCILLY
1896 02 18 14 00  56.82   -5.11 1020.2      FORTWILLIAM
1896 02 18 15 00  56.82   -5.11 1019.7      FORTWILLIAM
1896 02 18 16 00  56.82   -5.11 1019.6      FORTWILLIAM
1896 02 18 17 00  56.82   -5.11 1019.0      FORTWILLIAM
1896 02 18 18 00  49.92   -6.30 1015.2           SCILLY
1896 02 18 18 00  56.82   -5.11 1018.6      FORTWILLIAM
1896 02 18 19 00  56.82   -5.11 1017.7      FORTWILLIAM
1896 02 18 20 00  56.82   -5.11 1016.6      FORTWILLIAM
1896 02 18 21 00  56.82   -5.11 1015.2      FORTWILLIAM
1896 02 18 22 00  56.82   -5.11 1014.4      FORTWILLIAM
1896 02 18 23 00  56.82   -5.11 1013.2      FORTWILLIAM
1896 02 18 24 00  56.82   -5.11 1012.0      FORTWILLIAM
1896 02 19 01 00  56.82   -5.11 1011.1      FORTWILLIAM
1896 02 19 02 00  56.82   -5.11 1010.1      FORTWILLIAM
1896 02 19 03 00  56.82   -5.11 1009.5      FORTWILLIAM
1896 02 19 04 00  56.82   -5.11 1008.4      FORTWILLIAM
1896 02 19 05 00  56.82   -5.11 1007.1      FORTWILLIAM
1896 02 19 06 00  56.82   -5.11 1005.9      FORTWILLIAM
1896 02 19 07 00  56.82   -5.11 1004.7      FORTWILLIAM
1896 02 19 08 00  49.92   -6.30 1006.4           SCILLY
1896 02 19 08 00  56.82   -5.11 1004.4      FORTWILLIAM
1896 02 19 09 00  56.82   -5.11 1003.2      FORTWILLIAM
1896 02 19 10 00  56.82   -5.11 1001.5      FORTWILLIAM
1896 02 19 11 00  56.82   -5.11 1000.3      FORTWILLIAM
1896 02 19 12 00  56.82   -5.11  999.7      FORTWILLIAM
1896 02 19 13 00  56.82   -5.11  998.9      FORTWILLIAM
1896 02 19 14 00  49.92   -6.30 1001.7           SCILLY
1896 02 19 14 00  56.82   -5.11  998.4      FORTWILLIAM
1896 02 19 15 00  56.82   -5.11  997.6      FORTWILLIAM
1896 02 19 16 00  56.82   -5.11  997.1      FORTWILLIAM
1896 02 19 17 00  56.82   -5.11  996.6      FORTWILLIAM
1896 02 19 18 00  49.92   -6.30 1000.0           SCILLY
1896 02 19 18 00  56.82   -5.11  995.9      FORTWILLIAM
1896 02 19 19 00  56.82   -5.11  995.5      FORTWILLIAM
1896 02 19 20 00  56.82   -5.11  995.2      FORTWILLIAM
1896 02 19 21 00  56.82   -5.11  994.9      FORTWILLIAM
1896 02 19 22 00  56.82   -5.11  994.6      FORTWILLIAM
1896 02 19 23 00  56.82   -5.11  994.5      FORTWILLIAM
1896 02 19 24 00  56.82   -5.11  994.3      FORTWILLIAM
1896 02 20 01 00  56.82   -5.11  994.0      FORTWILLIAM
1896 02 20 02 00  56.82   -5.11  994.1      FORTWILLIAM
1896 02 20 03 00  56.82   -5.11  994.3      FORTWILLIAM
1896 02 20 04 00  56.82   -5.11  994.8      FORTWILLIAM
1896 02 20 05 00  56.82   -5.11  995.0      FORTWILLIAM
1896 02 20 06 00  56.82   -5.11  995.1      FORTWILLIAM
1896 02 20 07 00  56.82   -5.11  996.6      FORTWILLIAM
1896 02 20 08 00  49.92   -6.30 1002.7           SCILLY
1896 02 20 08 00  56.82   -5.11  998.4      FORTWILLIAM
1896 02 20 09 00  56.82   -5.11  999.5      FORTWILLIAM
1896 02 20 10 00  56.82   -5.11 1000.2      FORTWILLIAM
1896 02 20 11 00  56.82   -5.11 1000.7      FORTWILLIAM
1896 02 20 12 00  56.82   -5.11 1001.2      FORTWILLIAM
1896 02 20 13 00  56.82   -5.11 1001.4      FORTWILLIAM
1896 02 20 14 00  49.92   -6.30 1006.4           SCILLY
1896 02 20 14 00  56.82   -5.11 1001.6      FORTWILLIAM
1896 02 20 15 00  56.82   -5.11 1001.6      FORTWILLIAM
1896 02 20 16 00  56.82   -5.11 1001.7      FORTWILLIAM
1896 02 20 17 00  56.82   -5.11 1002.4      FORTWILLIAM
1896 02 20 18 00  49.92   -6.30 1007.8           SCILLY
1896 02 20 18 00  56.82   -5.11 1003.2      FORTWILLIAM
1896 02 20 19 00  56.82   -5.11 1003.4      FORTWILLIAM
1896 02 20 20 00  56.82   -5.11 1004.1      FORTWILLIAM
1896 02 20 21 00  56.82   -5.11 1004.3      FORTWILLIAM
1896 02 20 22 00  56.82   -5.11 1004.6      FORTWILLIAM
1896 02 20 23 00  56.82   -5.11 1004.9      FORTWILLIAM
1896 02 20 24 00  56.82   -5.11 1005.0      FORTWILLIAM
1896 02 21 01 00  56.82   -5.11 1005.1      FORTWILLIAM
1896 02 21 02 00  56.82   -5.11 1005.2      FORTWILLIAM
1896 02 21 03 00  56.82   -5.11 1005.1      FORTWILLIAM
1896 02 21 04 00  56.82   -5.11 1004.9      FORTWILLIAM
1896 02 21 05 00  56.82   -5.11 1005.0      FORTWILLIAM
1896 02 21 06 00  56.82   -5.11 1005.0      FORTWILLIAM
1896 02 21 07 00  56.82   -5.11 1004.8      FORTWILLIAM
1896 02 21 08 00  49.92   -6.30 1006.4           SCILLY
1896 02 21 08 00  56.82   -5.11 1005.1      FORTWILLIAM
1896 02 21 09 00  56.82   -5.11 1005.0      FORTWILLIAM
1896 02 21 10 00  56.82   -5.11 1005.0      FORTWILLIAM
1896 02 21 11 00  56.82   -5.11 1004.6      FORTWILLIAM
1896 02 21 12 00  56.82   -5.11 1005.2      FORTWILLIAM
1896 02 21 13 00  56.82   -5.11 1005.0      FORTWILLIAM
1896 02 21 14 00  49.92   -6.30 1003.7           SCILLY
1896 02 21 14 00  56.82   -5.11 1005.1      FORTWILLIAM
1896 02 21 15 00  56.82   -5.11 1005.0      FORTWILLIAM
1896 02 21 16 00  56.82   -5.11 1005.7      FORTWILLIAM
1896 02 21 17 00  56.82   -5.11 1006.3      FORTWILLIAM
1896 02 21 18 00  49.92   -6.30 1002.4           SCILLY
1896 02 21 18 00  56.82   -5.11 1007.0      FORTWILLIAM
1896 02 21 19 00  56.82   -5.11 1007.7      FORTWILLIAM
1896 02 21 20 00  56.82   -5.11 1008.2      FORTWILLIAM
1896 02 21 21 00  56.82   -5.11 1008.8      FORTWILLIAM
1896 02 21 22 00  56.82   -5.11 1009.2      FORTWILLIAM
1896 02 21 23 00  56.82   -5.11 1009.8      FORTWILLIAM
1896 02 21 24 00  56.82   -5.11 1010.6      FORTWILLIAM
1896 02 22 01 00  56.82   -5.11 1011.3      FORTWILLIAM
1896 02 22 02 00  56.82   -5.11 1011.9      FORTWILLIAM
1896 02 22 03 00  56.82   -5.11 1012.0      FORTWILLIAM
1896 02 22 04 00  56.82   -5.11 1012.7      FORTWILLIAM
1896 02 22 05 00  56.82   -5.11 1013.5      FORTWILLIAM
1896 02 22 06 00  56.82   -5.11 1014.5      FORTWILLIAM
1896 02 22 07 00  56.82   -5.11 1014.9      FORTWILLIAM
1896 02 22 08 00  49.92   -6.30 1006.4           SCILLY
1896 02 22 08 00  56.82   -5.11 1016.0      FORTWILLIAM
1896 02 22 09 00  56.82   -5.11 1016.6      FORTWILLIAM
1896 02 22 10 00  56.82   -5.11 1017.4      FORTWILLIAM
1896 02 22 11 00  56.82   -5.11 1017.7      FORTWILLIAM
1896 02 22 12 00  56.82   -5.11 1018.5      FORTWILLIAM
1896 02 22 13 00  56.82   -5.11 1018.8      FORTWILLIAM
1896 02 22 14 00  49.92   -6.30 1011.5           SCILLY
1896 02 22 14 00  56.82   -5.11 1019.6      FORTWILLIAM
1896 02 22 15 00  56.82   -5.11 1020.0      FORTWILLIAM
1896 02 22 16 00  56.82   -5.11 1020.4      FORTWILLIAM
1896 02 22 17 00  56.82   -5.11 1020.8      FORTWILLIAM
1896 02 22 18 00  49.92   -6.30 1013.9           SCILLY
1896 02 22 18 00  56.82   -5.11 1021.6      FORTWILLIAM
1896 02 22 19 00  56.82   -5.11 1022.0      FORTWILLIAM
1896 02 22 20 00  56.82   -5.11 1022.5      FORTWILLIAM
1896 02 22 21 00  56.82   -5.11 1022.8      FORTWILLIAM
1896 02 22 22 00  56.82   -5.11 1024.1      FORTWILLIAM
1896 02 22 23 00  56.82   -5.11 1024.5      FORTWILLIAM
1896 02 22 24 00  56.82   -5.11 1024.8      FORTWILLIAM
1896 02 23 01 00  56.82   -5.11 1024.5      FORTWILLIAM
1896 02 23 02 00  56.82   -5.11 1025.0      FORTWILLIAM
1896 02 23 03 00  56.82   -5.11 1025.2      FORTWILLIAM
1896 02 23 04 00  56.82   -5.11 1025.4      FORTWILLIAM
1896 02 23 05 00  56.82   -5.11 1025.1      FORTWILLIAM
1896 02 23 06 00  56.82   -5.11 1025.2      FORTWILLIAM
1896 02 23 07 00  56.82   -5.11 1025.7      FORTWILLIAM
1896 02 23 08 00  49.92   -6.30 1021.3           SCILLY
1896 02 23 08 00  56.82   -5.11 1026.3      FORTWILLIAM
1896 02 23 09 00  56.82   -5.11 1026.5      FORTWILLIAM
1896 02 23 10 00  56.82   -5.11 1026.5      FORTWILLIAM
1896 02 23 11 00  56.82   -5.11 1025.3      FORTWILLIAM
1896 02 23 12 00  56.82   -5.11 1024.6      FORTWILLIAM
1896 02 23 13 00  56.82   -5.11 1024.6      FORTWILLIAM
1896 02 23 14 00  49.92   -6.30 1021.7           SCILLY
1896 02 23 14 00  56.82   -5.11 1024.2      FORTWILLIAM
1896 02 23 15 00  56.82   -5.11 1024.0      FORTWILLIAM
1896 02 23 16 00  56.82   -5.11 1024.2      FORTWILLIAM
1896 02 23 17 00  56.82   -5.11 1024.4      FORTWILLIAM
1896 02 23 18 00  49.92   -6.30 1023.4           SCILLY
1896 02 23 18 00  56.82   -5.11 1024.8      FORTWILLIAM
1896 02 23 19 00  56.82   -5.11 1024.8      FORTWILLIAM
1896 02 23 20 00  56.82   -5.11 1025.3      FORTWILLIAM
1896 02 23 21 00  56.82   -5.11 1025.1      FORTWILLIAM
1896 02 23 22 00  56.82   -5.11 1024.7      FORTWILLIAM
1896 02 23 23 00  56.82   -5.11 1025.2      FORTWILLIAM
1896 02 23 24 00  56.82   -5.11 1025.4      FORTWILLIAM
1896 02 24 01 00  56.82   -5.11 1025.4      FORTWILLIAM
1896 02 24 02 00  56.82   -5.11 1025.6      FORTWILLIAM
1896 02 24 03 00  56.82   -5.11 1025.6      FORTWILLIAM
1896 02 24 04 00  56.82   -5.11 1025.5      FORTWILLIAM
1896 02 24 05 00  56.82   -5.11 1025.5      FORTWILLIAM
1896 02 24 06 00  56.82   -5.11 1025.8      FORTWILLIAM
1896 02 24 07 00  56.82   -5.11 1026.4      FORTWILLIAM
1896 02 24 08 00  49.92   -6.30 1026.4           SCILLY
1896 02 24 08 00  56.82   -5.11 1026.7      FORTWILLIAM
1896 02 24 09 00  56.82   -5.11 1026.8      FORTWILLIAM
1896 02 24 10 00  56.82   -5.11 1025.9      FORTWILLIAM
1896 02 24 11 00  56.82   -5.11 1025.9      FORTWILLIAM
1896 02 24 12 00  56.82   -5.11 1025.6      FORTWILLIAM
1896 02 24 13 00  56.82   -5.11 1025.3      FORTWILLIAM
1896 02 24 14 00  49.92   -6.30 1026.8           SCILLY
1896 02 24 14 00  56.82   -5.11 1024.7      FORTWILLIAM
1896 02 24 15 00  56.82   -5.11 1024.1      FORTWILLIAM
1896 02 24 16 00  56.82   -5.11 1023.9      FORTWILLIAM
1896 02 24 17 00  56.82   -5.11 1023.5      FORTWILLIAM
1896 02 24 18 00  49.92   -6.30 1026.1           SCILLY
1896 02 24 18 00  56.82   -5.11 1023.8      FORTWILLIAM
1896 02 24 19 00  56.82   -5.11 1023.2      FORTWILLIAM
1896 02 24 20 00  56.82   -5.11 1022.7      FORTWILLIAM
1896 02 24 21 00  56.82   -5.11 1022.5      FORTWILLIAM
1896 02 24 22 00  56.82   -5.11 1022.1      FORTWILLIAM
1896 02 24 23 00  56.82   -5.11 1022.5      FORTWILLIAM
1896 02 24 24 00  56.82   -5.11 1021.6      FORTWILLIAM
1896 02 25 01 00  56.82   -5.11 1021.1      FORTWILLIAM
1896 02 25 02 00  56.82   -5.11 1021.2      FORTWILLIAM
1896 02 25 03 00  56.82   -5.11 1019.8      FORTWILLIAM
1896 02 25 04 00  56.82   -5.11 1019.1      FORTWILLIAM
1896 02 25 05 00  56.82   -5.11 1018.5      FORTWILLIAM
1896 02 25 06 00  56.82   -5.11 1018.0      FORTWILLIAM
1896 02 25 07 00  56.82   -5.11 1017.4      FORTWILLIAM
1896 02 25 08 00  49.92   -6.30 1022.7           SCILLY
1896 02 25 08 00  56.82   -5.11 1017.1      FORTWILLIAM
1896 02 25 09 00  56.82   -5.11 1016.4      FORTWILLIAM
1896 02 25 10 00  56.82   -5.11 1015.9      FORTWILLIAM
1896 02 25 11 00  56.82   -5.11 1015.4      FORTWILLIAM
1896 02 25 12 00  56.82   -5.11 1015.5      FORTWILLIAM
1896 02 25 13 00  56.82   -5.11 1014.0      FORTWILLIAM
1896 02 25 14 00  49.92   -6.30 1019.0           SCILLY
1896 02 25 14 00  56.82   -5.11 1013.5      FORTWILLIAM
1896 02 25 15 00  56.82   -5.11 1012.4      FORTWILLIAM
1896 02 25 16 00  56.82   -5.11 1012.1      FORTWILLIAM
1896 02 25 17 00  56.82   -5.11 1012.1      FORTWILLIAM
1896 02 25 18 00  49.92   -6.30 1014.6           SCILLY
1896 02 25 18 00  56.82   -5.11 1012.1      FORTWILLIAM
1896 02 25 19 00  56.82   -5.11 1012.2      FORTWILLIAM
1896 02 25 20 00  56.82   -5.11 1012.3      FORTWILLIAM
1896 02 25 21 00  56.82   -5.11 1012.0      FORTWILLIAM
1896 02 25 22 00  56.82   -5.11 1012.1      FORTWILLIAM
1896 02 25 23 00  56.82   -5.11 1012.2      FORTWILLIAM
1896 02 25 24 00  56.82   -5.11 1012.3      FORTWILLIAM
1896 02 26 01 00  56.82   -5.11 1012.9      FORTWILLIAM
1896 02 26 02 00  56.82   -5.11 1013.4      FORTWILLIAM
1896 02 26 03 00  56.82   -5.11 1013.6      FORTWILLIAM
1896 02 26 04 00  56.82   -5.11 1013.9      FORTWILLIAM
1896 02 26 05 00  56.82   -5.11 1014.2      FORTWILLIAM
1896 02 26 06 00  56.82   -5.11 1015.0      FORTWILLIAM
1896 02 26 07 00  56.82   -5.11 1015.6      FORTWILLIAM
1896 02 26 08 00  49.92   -6.30 1012.9           SCILLY
1896 02 26 08 00  56.82   -5.11 1016.7      FORTWILLIAM
1896 02 26 09 00  56.82   -5.11 1017.8      FORTWILLIAM
1896 02 26 10 00  56.82   -5.11 1018.7      FORTWILLIAM
1896 02 26 11 00  56.82   -5.11 1019.1      FORTWILLIAM
1896 02 26 12 00  56.82   -5.11 1019.6      FORTWILLIAM
1896 02 26 13 00  56.82   -5.11 1019.5      FORTWILLIAM
1896 02 26 14 00  49.92   -6.30 1019.0           SCILLY
1896 02 26 14 00  56.82   -5.11 1019.5      FORTWILLIAM
1896 02 26 15 00  56.82   -5.11 1019.5      FORTWILLIAM
1896 02 26 16 00  56.82   -5.11 1020.2      FORTWILLIAM
1896 02 26 17 00  56.82   -5.11 1020.3      FORTWILLIAM
1896 02 26 18 00  49.92   -6.30 1020.7           SCILLY
1896 02 26 18 00  56.82   -5.11 1021.2      FORTWILLIAM
1896 02 26 19 00  56.82   -5.11 1021.4      FORTWILLIAM
1896 02 26 20 00  56.82   -5.11 1021.5      FORTWILLIAM
1896 02 26 21 00  56.82   -5.11 1021.5      FORTWILLIAM
1896 02 26 22 00  56.82   -5.11 1021.0      FORTWILLIAM
1896 02 26 23 00  56.82   -5.11 1021.0      FORTWILLIAM
1896 02 26 24 00  56.82   -5.11 1020.5      FORTWILLIAM
1896 02 27 01 00  56.82   -5.11 1019.6      FORTWILLIAM
1896 02 27 02 00  56.82   -5.11 1018.9      FORTWILLIAM
1896 02 27 03 00  56.82   -5.11 1017.6      FORTWILLIAM
1896 02 27 04 00  56.82   -5.11 1016.3      FORTWILLIAM
1896 02 27 05 00  56.82   -5.11 1014.8      FORTWILLIAM
1896 02 27 06 00  56.82   -5.11 1013.9      FORTWILLIAM
1896 02 27 07 00  56.82   -5.11 1013.2      FORTWILLIAM
1896 02 27 08 00  49.92   -6.30 1025.7           SCILLY
1896 02 27 08 00  56.82   -5.11 1012.5      FORTWILLIAM
1896 02 27 09 00  56.82   -5.11 1012.1      FORTWILLIAM
1896 02 27 10 00  56.82   -5.11 1012.5      FORTWILLIAM
1896 02 27 11 00  56.82   -5.11 1012.8      FORTWILLIAM
1896 02 27 12 00  56.82   -5.11 1012.2      FORTWILLIAM
1896 02 27 13 00  56.82   -5.11 1012.4      FORTWILLIAM
1896 02 27 14 00  49.92   -6.30 1027.1           SCILLY
1896 02 27 14 00  56.82   -5.11 1012.2      FORTWILLIAM
1896 02 27 15 00  56.82   -5.11 1012.3      FORTWILLIAM
1896 02 27 16 00  56.82   -5.11 1012.6      FORTWILLIAM
1896 02 27 17 00  56.82   -5.11 1012.8      FORTWILLIAM
1896 02 27 18 00  49.92   -6.30 1026.4           SCILLY
1896 02 27 18 00  56.82   -5.11 1013.5      FORTWILLIAM
1896 02 27 19 00  56.82   -5.11 1013.5      FORTWILLIAM
1896 02 27 20 00  56.82   -5.11 1013.5      FORTWILLIAM
1896 02 27 21 00  56.82   -5.11 1013.6      FORTWILLIAM
1896 02 27 22 00  56.82   -5.11 1013.5      FORTWILLIAM
1896 02 27 23 00  56.82   -5.11 1013.4      FORTWILLIAM
1896 02 27 24 00  56.82   -5.11 1013.5      FORTWILLIAM
1896 02 28 01 00  56.82   -5.11 1013.5      FORTWILLIAM
1896 02 28 02 00  56.82   -5.11 1013.3      FORTWILLIAM
1896 02 28 03 00  56.82   -5.11 1013.0      FORTWILLIAM
1896 02 28 04 00  56.82   -5.11 1012.9      FORTWILLIAM
1896 02 28 05 00  56.82   -5.11 1013.0      FORTWILLIAM
1896 02 28 06 00  56.82   -5.11 1012.7      FORTWILLIAM
1896 02 28 07 00  56.82   -5.11 1013.2      FORTWILLIAM
1896 02 28 08 00  49.92   -6.30 1027.8           SCILLY
1896 02 28 08 00  56.82   -5.11 1014.0      FORTWILLIAM
1896 02 28 09 00  56.82   -5.11 1014.3      FORTWILLIAM
1896 02 28 10 00  56.82   -5.11 1014.8      FORTWILLIAM
1896 02 28 11 00  56.82   -5.11 1015.4      FORTWILLIAM
1896 02 28 12 00  56.82   -5.11 1015.9      FORTWILLIAM
1896 02 28 13 00  56.82   -5.11 1016.4      FORTWILLIAM
1896 02 28 14 00  49.92   -6.30 1028.8           SCILLY
1896 02 28 14 00  56.82   -5.11 1016.7      FORTWILLIAM
1896 02 28 15 00  56.82   -5.11 1017.2      FORTWILLIAM
1896 02 28 16 00  56.82   -5.11 1017.9      FORTWILLIAM
1896 02 28 17 00  56.82   -5.11 1018.8      FORTWILLIAM
1896 02 28 18 00  49.92   -6.30 1028.1           SCILLY
1896 02 28 18 00  56.82   -5.11 1019.2      FORTWILLIAM
1896 02 28 19 00  56.82   -5.11 1020.0      FORTWILLIAM
1896 02 28 20 00  56.82   -5.11 1020.4      FORTWILLIAM
1896 02 28 21 00  56.82   -5.11 1020.8      FORTWILLIAM
1896 02 28 22 00  56.82   -5.11 1020.8      FORTWILLIAM
1896 02 28 23 00  56.82   -5.11 1020.7      FORTWILLIAM
1896 02 28 24 00  56.82   -5.11 1020.2      FORTWILLIAM
1896 02 29 01 00  56.82   -5.11 1019.5      FORTWILLIAM
1896 02 29 02 00  56.82   -5.11 1018.7      FORTWILLIAM
1896 02 29 03 00  56.82   -5.11 1018.6      FORTWILLIAM
1896 02 29 04 00  56.82   -5.11 1018.2      FORTWILLIAM
1896 02 29 05 00  56.82   -5.11 1017.7      FORTWILLIAM
1896 02 29 06 00  56.82   -5.11 1017.5      FORTWILLIAM
1896 02 29 07 00  56.82   -5.11 1017.0      FORTWILLIAM
1896 02 29 08 00  49.92   -6.30 1027.1           SCILLY
1896 02 29 08 00  56.82   -5.11 1016.9      FORTWILLIAM
1896 02 29 09 00  56.82   -5.11 1016.3      FORTWILLIAM
1896 02 29 10 00  56.82   -5.11 1015.7      FORTWILLIAM
1896 02 29 11 00  56.82   -5.11 1015.0      FORTWILLIAM
1896 02 29 12 00  56.82   -5.11 1014.4      FORTWILLIAM
1896 02 29 13 00  56.82   -5.11 1013.8      FORTWILLIAM
1896 02 29 14 00  49.92   -6.30 1026.1           SCILLY
1896 02 29 14 00  56.82   -5.11 1012.7      FORTWILLIAM
1896 02 29 15 00  56.82   -5.11 1011.7      FORTWILLIAM
1896 02 29 16 00  56.82   -5.11 1010.7      FORTWILLIAM
1896 02 29 17 00  56.82   -5.11 1010.0      FORTWILLIAM
1896 02 29 18 00  49.92   -6.30 1024.0           SCILLY
1896 02 29 18 00  56.82   -5.11 1009.2      FORTWILLIAM
1896 02 29 19 00  56.82   -5.11 1007.8      FORTWILLIAM
1896 02 29 20 00  56.82   -5.11 1007.1      FORTWILLIAM
1896 02 29 21 00  56.82   -5.11 1005.5      FORTWILLIAM
1896 02 29 22 00  56.82   -5.11 1003.7      FORTWILLIAM
1896 02 29 23 00  56.82   -5.11 1002.3      FORTWILLIAM
1896 02 29 24 00  56.82   -5.11 1001.2      FORTWILLIAM
