1884 11 01 08 00  49.92   -6.30 1015.2           SCILLY
1884 11 01 08 00  56.82   -5.11 1005.7      FORTWILLIAM
1884 11 01 09 00  56.82   -5.11 1005.3      FORTWILLIAM
1884 11 01 14 00  49.92   -6.30 1012.9           SCILLY
1884 11 01 14 00  56.82   -5.11 1007.9      FORTWILLIAM
1884 11 01 18 00  49.92   -6.30 1011.9           SCILLY
1884 11 01 18 00  56.82   -5.11 1009.8      FORTWILLIAM
1884 11 01 21 00  56.82   -5.11 1010.1      FORTWILLIAM
1884 11 02 08 00  49.92   -6.30 1011.2           SCILLY
1884 11 02 08 00  56.82   -5.11 1006.3      FORTWILLIAM
1884 11 02 09 00  56.82   -5.11 1006.6      FORTWILLIAM
1884 11 02 14 00  49.92   -6.30 1013.9           SCILLY
1884 11 02 14 00  56.82   -5.11 1007.3      FORTWILLIAM
1884 11 02 18 00  49.92   -6.30 1015.6           SCILLY
1884 11 02 18 00  56.82   -5.11 1009.3      FORTWILLIAM
1884 11 02 21 00  56.82   -5.11 1009.3      FORTWILLIAM
1884 11 03 08 00  49.92   -6.30 1019.3           SCILLY
1884 11 03 08 00  56.82   -5.11 1010.1      FORTWILLIAM
1884 11 03 09 00  56.82   -5.11 1011.1      FORTWILLIAM
1884 11 03 14 00  49.92   -6.30 1017.9           SCILLY
1884 11 03 14 00  56.82   -5.11 1013.5      FORTWILLIAM
1884 11 03 18 00  49.92   -6.30 1017.3           SCILLY
1884 11 03 18 00  56.82   -5.11 1013.6      FORTWILLIAM
1884 11 03 21 00  56.82   -5.11 1012.9      FORTWILLIAM
1884 11 04 08 00  49.92   -6.30 1008.8           SCILLY
1884 11 04 08 00  56.82   -5.11 1001.6      FORTWILLIAM
1884 11 04 09 00  56.82   -5.11 1000.5      FORTWILLIAM
1884 11 04 14 00  49.92   -6.30 1007.1           SCILLY
1884 11 04 14 00  56.82   -5.11  994.7      FORTWILLIAM
1884 11 04 18 00  49.92   -6.30 1006.1           SCILLY
1884 11 04 18 00  56.82   -5.11  989.7      FORTWILLIAM
1884 11 04 21 00  56.82   -5.11  985.2      FORTWILLIAM
1884 11 05 08 00  49.92   -6.30 1012.2           SCILLY
1884 11 05 08 00  56.82   -5.11  987.8      FORTWILLIAM
1884 11 05 09 00  56.82   -5.11  987.8      FORTWILLIAM
1884 11 05 14 00  49.92   -6.30 1012.2           SCILLY
1884 11 05 14 00  56.82   -5.11  991.5      FORTWILLIAM
1884 11 05 18 00  49.92   -6.30 1011.5           SCILLY
1884 11 05 18 00  56.82   -5.11  997.9      FORTWILLIAM
1884 11 05 21 00  56.82   -5.11 1000.0      FORTWILLIAM
1884 11 06 08 00  49.92   -6.30 1011.9           SCILLY
1884 11 06 08 00  56.82   -5.11 1008.3      FORTWILLIAM
1884 11 06 09 00  56.82   -5.11 1009.0      FORTWILLIAM
1884 11 06 14 00  49.92   -6.30 1009.5           SCILLY
1884 11 06 14 00  56.82   -5.11 1011.6      FORTWILLIAM
1884 11 06 18 00  49.92   -6.30 1008.1           SCILLY
1884 11 06 18 00  56.82   -5.11 1012.2      FORTWILLIAM
1884 11 06 21 00  56.82   -5.11 1011.9      FORTWILLIAM
1884 11 07 08 00  49.92   -6.30 1005.4           SCILLY
1884 11 07 08 00  56.82   -5.11  994.7      FORTWILLIAM
1884 11 07 09 00  56.82   -5.11  993.2      FORTWILLIAM
1884 11 07 14 00  49.92   -6.30 1011.9           SCILLY
1884 11 07 14 00  56.82   -5.11  991.9      FORTWILLIAM
1884 11 07 18 00  49.92   -6.30 1015.9           SCILLY
1884 11 07 18 00  56.82   -5.11 1000.1      FORTWILLIAM
1884 11 07 21 00  56.82   -5.11 1006.8      FORTWILLIAM
1884 11 08 08 00  49.92   -6.30 1025.4           SCILLY
1884 11 08 08 00  56.82   -5.11 1009.2      FORTWILLIAM
1884 11 08 09 00  56.82   -5.11 1007.9      FORTWILLIAM
1884 11 08 14 00  49.92   -6.30 1025.1           SCILLY
1884 11 08 14 00  56.82   -5.11 1005.9      FORTWILLIAM
1884 11 08 18 00  49.92   -6.30 1023.7           SCILLY
1884 11 08 18 00  56.82   -5.11 1004.2      FORTWILLIAM
1884 11 08 21 00  56.82   -5.11 1004.6      FORTWILLIAM
1884 11 09 08 00  49.92   -6.30 1022.4           SCILLY
1884 11 09 08 00  56.82   -5.11 1007.2      FORTWILLIAM
1884 11 09 09 00  56.82   -5.11 1008.5      FORTWILLIAM
1884 11 09 14 00  49.92   -6.30 1024.7           SCILLY
1884 11 09 14 00  56.82   -5.11 1013.1      FORTWILLIAM
1884 11 09 18 00  49.92   -6.30 1025.7           SCILLY
1884 11 09 18 00  56.82   -5.11 1016.0      FORTWILLIAM
1884 11 09 21 00  56.82   -5.11 1019.0      FORTWILLIAM
1884 11 10 08 00  49.92   -6.30 1029.5           SCILLY
1884 11 10 08 00  56.82   -5.11 1028.1      FORTWILLIAM
1884 11 10 09 00  56.82   -5.11 1028.5      FORTWILLIAM
1884 11 10 14 00  49.92   -6.30 1027.4           SCILLY
1884 11 10 14 00  56.82   -5.11 1028.4      FORTWILLIAM
1884 11 10 18 00  49.92   -6.30 1026.8           SCILLY
1884 11 10 18 00  56.82   -5.11 1026.9      FORTWILLIAM
1884 11 10 21 00  56.82   -5.11 1026.2      FORTWILLIAM
1884 11 11 08 00  49.92   -6.30 1025.7           SCILLY
1884 11 11 08 00  56.82   -5.11 1021.4      FORTWILLIAM
1884 11 11 09 00  56.82   -5.11 1020.6      FORTWILLIAM
1884 11 11 14 00  49.92   -6.30 1024.4           SCILLY
1884 11 11 14 00  56.82   -5.11 1020.4      FORTWILLIAM
1884 11 11 18 00  49.92   -6.30 1023.4           SCILLY
1884 11 11 18 00  56.82   -5.11 1020.9      FORTWILLIAM
1884 11 11 21 00  56.82   -5.11 1020.9      FORTWILLIAM
1884 11 12 08 00  49.92   -6.30 1021.7           SCILLY
1884 11 12 08 00  56.82   -5.11 1015.8      FORTWILLIAM
1884 11 12 09 00  56.82   -5.11 1015.8      FORTWILLIAM
1884 11 12 14 00  49.92   -6.30 1021.7           SCILLY
1884 11 12 14 00  56.82   -5.11 1016.4      FORTWILLIAM
1884 11 12 18 00  49.92   -6.30 1022.4           SCILLY
1884 11 12 18 00  56.82   -5.11 1019.2      FORTWILLIAM
1884 11 12 21 00  56.82   -5.11 1021.2      FORTWILLIAM
1884 11 13 08 00  49.92   -6.30 1026.8           SCILLY
1884 11 13 08 00  56.82   -5.11 1030.5      FORTWILLIAM
1884 11 13 09 00  56.82   -5.11 1030.6      FORTWILLIAM
1884 11 13 14 00  49.92   -6.30 1027.1           SCILLY
1884 11 13 14 00  56.82   -5.11 1032.5      FORTWILLIAM
1884 11 13 18 00  49.92   -6.30 1028.1           SCILLY
1884 11 13 18 00  56.82   -5.11 1034.8      FORTWILLIAM
1884 11 13 21 00  56.82   -5.11 1035.8      FORTWILLIAM
1884 11 14 08 00  49.92   -6.30 1028.8           SCILLY
1884 11 14 08 00  56.82   -5.11 1036.7      FORTWILLIAM
1884 11 14 09 00  56.82   -5.11 1036.5      FORTWILLIAM
1884 11 14 14 00  49.92   -6.30 1026.4           SCILLY
1884 11 14 14 00  56.82   -5.11 1035.0      FORTWILLIAM
1884 11 14 18 00  49.92   -6.30 1025.7           SCILLY
1884 11 14 18 00  56.82   -5.11 1033.2      FORTWILLIAM
1884 11 14 21 00  56.82   -5.11 1033.4      FORTWILLIAM
1884 11 15 08 00  49.92   -6.30 1024.4           SCILLY
1884 11 15 08 00  56.82   -5.11 1031.2      FORTWILLIAM
1884 11 15 09 00  56.82   -5.11 1031.6      FORTWILLIAM
1884 11 15 14 00  49.92   -6.30 1024.0           SCILLY
1884 11 15 14 00  56.82   -5.11 1030.9      FORTWILLIAM
1884 11 15 18 00  49.92   -6.30 1024.0           SCILLY
1884 11 15 18 00  56.82   -5.11 1030.9      FORTWILLIAM
1884 11 15 21 00  56.82   -5.11 1031.0      FORTWILLIAM
1884 11 16 08 00  49.92   -6.30 1022.7           SCILLY
1884 11 16 08 00  56.82   -5.11 1028.3      FORTWILLIAM
1884 11 16 09 00  56.82   -5.11 1028.4      FORTWILLIAM
1884 11 16 14 00  49.92   -6.30 1022.0           SCILLY
1884 11 16 14 00  56.82   -5.11 1027.6      FORTWILLIAM
1884 11 16 18 00  49.92   -6.30 1021.3           SCILLY
1884 11 16 18 00  56.82   -5.11 1028.0      FORTWILLIAM
1884 11 16 21 00  56.82   -5.11 1028.2      FORTWILLIAM
1884 11 17 08 00  49.92   -6.30 1022.7           SCILLY
1884 11 17 08 00  56.82   -5.11 1029.9      FORTWILLIAM
1884 11 17 09 00  56.82   -5.11 1029.7      FORTWILLIAM
1884 11 17 14 00  49.92   -6.30 1022.7           SCILLY
1884 11 17 14 00  56.82   -5.11 1030.9      FORTWILLIAM
1884 11 17 18 00  49.92   -6.30 1024.4           SCILLY
1884 11 17 18 00  56.82   -5.11 1032.3      FORTWILLIAM
1884 11 17 21 00  56.82   -5.11 1033.2      FORTWILLIAM
1884 11 18 08 00  49.92   -6.30 1029.1           SCILLY
1884 11 18 08 00  56.82   -5.11 1035.7      FORTWILLIAM
1884 11 18 09 00  56.82   -5.11 1036.9      FORTWILLIAM
1884 11 18 14 00  49.92   -6.30 1030.8           SCILLY
1884 11 18 14 00  56.82   -5.11 1038.0      FORTWILLIAM
1884 11 18 18 00  49.92   -6.30 1031.2           SCILLY
1884 11 18 18 00  56.82   -5.11 1039.5      FORTWILLIAM
1884 11 18 21 00  56.82   -5.11 1039.8      FORTWILLIAM
1884 11 19 08 00  49.92   -6.30 1033.5           SCILLY
1884 11 19 08 00  56.82   -5.11 1039.1      FORTWILLIAM
1884 11 19 09 00  56.82   -5.11 1039.3      FORTWILLIAM
1884 11 19 14 00  49.92   -6.30 1034.2           SCILLY
1884 11 19 14 00  56.82   -5.11 1037.8      FORTWILLIAM
1884 11 19 18 00  49.92   -6.30 1033.9           SCILLY
1884 11 19 18 00  56.82   -5.11 1035.7      FORTWILLIAM
1884 11 19 21 00  56.82   -5.11 1034.4      FORTWILLIAM
1884 11 20 08 00  49.92   -6.30 1029.8           SCILLY
1884 11 20 08 00  56.82   -5.11 1023.1      FORTWILLIAM
1884 11 20 09 00  56.82   -5.11 1022.0      FORTWILLIAM
1884 11 20 14 00  49.92   -6.30 1025.4           SCILLY
1884 11 20 14 00  56.82   -5.11 1020.3      FORTWILLIAM
1884 11 20 18 00  49.92   -6.30 1022.4           SCILLY
1884 11 20 18 00  56.82   -5.11 1020.3      FORTWILLIAM
1884 11 20 21 00  56.82   -5.11 1020.8      FORTWILLIAM
1884 11 21 08 00  49.92   -6.30 1015.2           SCILLY
1884 11 21 08 00  56.82   -5.11 1023.8      FORTWILLIAM
1884 11 21 09 00  56.82   -5.11 1023.9      FORTWILLIAM
1884 11 21 14 00  49.92   -6.30 1015.6           SCILLY
1884 11 21 14 00  56.82   -5.11 1025.4      FORTWILLIAM
1884 11 21 18 00  49.92   -6.30 1017.6           SCILLY
1884 11 21 18 00  56.82   -5.11 1025.6      FORTWILLIAM
1884 11 21 21 00  56.82   -5.11 1026.3      FORTWILLIAM
1884 11 22 08 00  49.92   -6.30 1023.0           SCILLY
1884 11 22 08 00  56.82   -5.11 1023.6      FORTWILLIAM
1884 11 22 09 00  56.82   -5.11 1023.7      FORTWILLIAM
1884 11 22 14 00  49.92   -6.30 1023.7           SCILLY
1884 11 22 14 00  56.82   -5.11 1023.4      FORTWILLIAM
1884 11 22 18 00  49.92   -6.30 1024.0           SCILLY
1884 11 22 18 00  56.82   -5.11 1024.3      FORTWILLIAM
1884 11 22 21 00  56.82   -5.11 1022.7      FORTWILLIAM
1884 11 23 08 00  49.92   -6.30 1023.7           SCILLY
1884 11 23 08 00  56.82   -5.11 1022.3      FORTWILLIAM
1884 11 23 09 00  56.82   -5.11 1022.5      FORTWILLIAM
1884 11 23 14 00  49.92   -6.30 1023.7           SCILLY
1884 11 23 14 00  56.82   -5.11 1021.3      FORTWILLIAM
1884 11 23 18 00  49.92   -6.30 1023.0           SCILLY
1884 11 23 18 00  56.82   -5.11 1020.1      FORTWILLIAM
1884 11 23 21 00  56.82   -5.11 1020.9      FORTWILLIAM
1884 11 24 08 00  49.92   -6.30 1021.0           SCILLY
1884 11 24 08 00  56.82   -5.11 1022.4      FORTWILLIAM
1884 11 24 09 00  56.82   -5.11 1023.0      FORTWILLIAM
1884 11 24 14 00  49.92   -6.30 1021.0           SCILLY
1884 11 24 14 00  56.82   -5.11 1022.8      FORTWILLIAM
1884 11 24 18 00  49.92   -6.30 1021.3           SCILLY
1884 11 24 18 00  56.82   -5.11 1022.2      FORTWILLIAM
1884 11 24 21 00  56.82   -5.11 1022.1      FORTWILLIAM
1884 11 25 08 00  49.92   -6.30 1024.7           SCILLY
1884 11 25 08 00  56.82   -5.11 1022.2      FORTWILLIAM
1884 11 25 09 00  56.82   -5.11 1022.5      FORTWILLIAM
1884 11 25 14 00  49.92   -6.30 1025.7           SCILLY
1884 11 25 14 00  56.82   -5.11 1023.0      FORTWILLIAM
1884 11 25 18 00  49.92   -6.30 1026.4           SCILLY
1884 11 25 18 00  56.82   -5.11 1024.0      FORTWILLIAM
1884 11 25 21 00  56.82   -5.11 1024.4      FORTWILLIAM
1884 11 26 08 00  49.92   -6.30 1028.8           SCILLY
1884 11 26 08 00  56.82   -5.11 1022.6      FORTWILLIAM
1884 11 26 09 00  56.82   -5.11 1022.7      FORTWILLIAM
1884 11 26 14 00  49.92   -6.30 1030.1           SCILLY
1884 11 26 14 00  56.82   -5.11 1021.3      FORTWILLIAM
1884 11 26 18 00  49.92   -6.30 1030.8           SCILLY
1884 11 26 18 00  56.82   -5.11 1020.1      FORTWILLIAM
1884 11 26 21 00  56.82   -5.11 1018.4      FORTWILLIAM
1884 11 27 08 00  49.92   -6.30 1029.8           SCILLY
1884 11 27 08 00  56.82   -5.11 1008.4      FORTWILLIAM
1884 11 27 09 00  56.82   -5.11 1008.2      FORTWILLIAM
1884 11 27 14 00  49.92   -6.30 1026.1           SCILLY
1884 11 27 14 00  56.82   -5.11 1004.8      FORTWILLIAM
1884 11 27 18 00  49.92   -6.30 1023.4           SCILLY
1884 11 27 18 00  56.82   -5.11 1004.9      FORTWILLIAM
1884 11 27 21 00  56.82   -5.11 1004.0      FORTWILLIAM
1884 11 28 08 00  49.92   -6.30 1015.6           SCILLY
1884 11 28 08 00  56.82   -5.11 1004.2      FORTWILLIAM
1884 11 28 09 00  56.82   -5.11 1004.6      FORTWILLIAM
1884 11 28 14 00  49.92   -6.30 1012.2           SCILLY
1884 11 28 14 00  56.82   -5.11 1004.7      FORTWILLIAM
1884 11 28 18 00  49.92   -6.30 1013.2           SCILLY
1884 11 28 18 00  56.82   -5.11 1005.7      FORTWILLIAM
1884 11 28 21 00  56.82   -5.11 1009.0      FORTWILLIAM
1884 11 29 08 00  49.92   -6.30 1011.9           SCILLY
1884 11 29 08 00  56.82   -5.11 1010.7      FORTWILLIAM
1884 11 29 09 00  56.82   -5.11 1012.3      FORTWILLIAM
1884 11 29 14 00  49.92   -6.30 1013.5           SCILLY
1884 11 29 14 00  56.82   -5.11 1013.7      FORTWILLIAM
1884 11 29 18 00  49.92   -6.30 1015.9           SCILLY
1884 11 29 18 00  56.82   -5.11 1015.4      FORTWILLIAM
1884 11 29 21 00  56.82   -5.11 1015.4      FORTWILLIAM
1884 11 30 08 00  49.92   -6.30 1014.9           SCILLY
1884 11 30 08 00  56.82   -5.11 1010.1      FORTWILLIAM
1884 11 30 09 00  56.82   -5.11 1010.1      FORTWILLIAM
1884 11 30 14 00  49.92   -6.30 1009.5           SCILLY
1884 11 30 14 00  56.82   -5.11 1009.0      FORTWILLIAM
1884 11 30 18 00  49.92   -6.30 1007.8           SCILLY
1884 11 30 18 00  56.82   -5.11 1010.4      FORTWILLIAM
1884 11 30 21 00  56.82   -5.11 1012.0      FORTWILLIAM
