1876 12 01 08 00  49.92   -6.30  992.2           SCILLY
1876 12 01 14 00  49.92   -6.30  984.8           SCILLY
1876 12 01 18 00  49.92   -6.30  980.7           SCILLY
1876 12 02 08 00  49.92   -6.30  988.5           SCILLY
1876 12 02 14 00  49.92   -6.30  983.4           SCILLY
1876 12 02 18 00  49.92   -6.30  981.0           SCILLY
1876 12 03 08 00  49.92   -6.30  976.0           SCILLY
1876 12 03 14 00  49.92   -6.30  978.3           SCILLY
1876 12 03 18 00  49.92   -6.30  973.6           SCILLY
1876 12 04 08 00  49.92   -6.30  966.8           SCILLY
1876 12 04 14 00  49.92   -6.30  974.6           SCILLY
1876 12 04 18 00  49.92   -6.30  977.3           SCILLY
1876 12 05 08 00  49.92   -6.30  966.1           SCILLY
1876 12 05 14 00  49.92   -6.30  969.2           SCILLY
1876 12 05 18 00  49.92   -6.30  971.2           SCILLY
1876 12 06 08 00  49.92   -6.30  985.4           SCILLY
1876 12 06 14 00  49.92   -6.30  989.2           SCILLY
1876 12 06 18 00  49.92   -6.30  988.8           SCILLY
1876 12 07 08 00  49.92   -6.30  984.1           SCILLY
1876 12 07 14 00  49.92   -6.30  985.4           SCILLY
1876 12 07 18 00  49.92   -6.30  988.8           SCILLY
1876 12 08 08 00  49.92   -6.30 1005.1           SCILLY
1876 12 08 14 00  49.92   -6.30 1012.2           SCILLY
1876 12 08 18 00  49.92   -6.30 1015.2           SCILLY
1876 12 09 08 00  49.92   -6.30 1022.7           SCILLY
1876 12 09 14 00  49.92   -6.30 1024.0           SCILLY
1876 12 09 18 00  49.92   -6.30 1024.4           SCILLY
1876 12 10 08 00  49.92   -6.30 1021.7           SCILLY
1876 12 10 14 00  49.92   -6.30 1019.6           SCILLY
1876 12 10 18 00  49.92   -6.30 1017.6           SCILLY
1876 12 11 08 00  49.92   -6.30 1016.3           SCILLY
1876 12 11 14 00  49.92   -6.30 1015.6           SCILLY
1876 12 11 18 00  49.92   -6.30 1013.9           SCILLY
1876 12 12 08 00  49.92   -6.30 1004.4           SCILLY
1876 12 12 14 00  49.92   -6.30 1006.4           SCILLY
1876 12 12 18 00  49.92   -6.30 1007.5           SCILLY
1876 12 13 08 00  49.92   -6.30 1005.4           SCILLY
1876 12 13 14 00  49.92   -6.30 1002.4           SCILLY
1876 12 13 18 00  49.92   -6.30 1001.0           SCILLY
1876 12 14 08 00  49.92   -6.30 1006.8           SCILLY
1876 12 14 14 00  49.92   -6.30 1008.8           SCILLY
1876 12 14 18 00  49.92   -6.30 1009.1           SCILLY
1876 12 15 08 00  49.92   -6.30 1007.5           SCILLY
1876 12 15 14 00  49.92   -6.30 1004.1           SCILLY
1876 12 15 18 00  49.92   -6.30 1002.0           SCILLY
1876 12 16 08 00  49.92   -6.30  998.3           SCILLY
1876 12 16 14 00  49.92   -6.30  999.3           SCILLY
1876 12 16 18 00  49.92   -6.30 1000.0           SCILLY
1876 12 17 08 00  49.92   -6.30  999.7           SCILLY
1876 12 17 14 00  49.92   -6.30  999.3           SCILLY
1876 12 17 18 00  49.92   -6.30  998.6           SCILLY
1876 12 18 08 00  49.92   -6.30  990.9           SCILLY
1876 12 18 14 00  49.92   -6.30  989.8           SCILLY
1876 12 18 18 00  49.92   -6.30  989.8           SCILLY
1876 12 19 08 00  49.92   -6.30  983.7           SCILLY
1876 12 19 14 00  49.92   -6.30  974.6           SCILLY
1876 12 19 18 00  49.92   -6.30  972.9           SCILLY
1876 12 20 08 00  49.92   -6.30  969.2           SCILLY
1876 12 20 14 00  49.92   -6.30  968.8           SCILLY
1876 12 20 18 00  49.92   -6.30  969.9           SCILLY
1876 12 21 08 00  49.92   -6.30  976.3           SCILLY
1876 12 21 14 00  49.92   -6.30  978.3           SCILLY
1876 12 21 18 00  49.92   -6.30  980.0           SCILLY
1876 12 22 08 00  49.92   -6.30  990.5           SCILLY
1876 12 22 14 00  49.92   -6.30  992.2           SCILLY
1876 12 22 18 00  49.92   -6.30  991.2           SCILLY
1876 12 23 08 00  49.92   -6.30  993.2           SCILLY
1876 12 23 14 00  49.92   -6.30  996.6           SCILLY
1876 12 23 18 00  49.92   -6.30  997.3           SCILLY
1876 12 24 08 00  49.92   -6.30  997.3           SCILLY
1876 12 24 14 00  49.92   -6.30 1000.3           SCILLY
1876 12 24 18 00  49.92   -6.30 1000.3           SCILLY
1876 12 25 08 00  49.92   -6.30 1006.1           SCILLY
1876 12 25 14 00  49.92   -6.30 1010.8           SCILLY
1876 12 25 18 00  49.92   -6.30 1011.9           SCILLY
1876 12 26 08 00  49.92   -6.30 1010.5           SCILLY
1876 12 26 14 00  49.92   -6.30 1006.1           SCILLY
1876 12 26 18 00  49.92   -6.30 1004.4           SCILLY
1876 12 27 08 00  49.92   -6.30 1000.3           SCILLY
1876 12 27 14 00  49.92   -6.30  999.7           SCILLY
1876 12 27 18 00  49.92   -6.30 1001.7           SCILLY
1876 12 28 08 00  49.92   -6.30 1002.0           SCILLY
1876 12 28 14 00  49.92   -6.30 1003.7           SCILLY
1876 12 28 18 00  49.92   -6.30 1005.4           SCILLY
1876 12 29 08 00  49.92   -6.30 1004.1           SCILLY
1876 12 29 14 00  49.92   -6.30  992.2           SCILLY
1876 12 29 18 00  49.92   -6.30  999.0           SCILLY
1876 12 30 08 00  49.92   -6.30  991.2           SCILLY
1876 12 30 14 00  49.92   -6.30  991.9           SCILLY
1876 12 30 18 00  49.92   -6.30  992.6           SCILLY
1876 12 31 08 00  49.92   -6.30  987.1           SCILLY
1876 12 31 14 00  49.92   -6.30  988.5           SCILLY
1876 12 31 18 00  49.92   -6.30  988.1           SCILLY
