1881 02 01 08 00  49.92   -6.30 1009.8           SCILLY
1881 02 01 14 00  49.92   -6.30 1011.5           SCILLY
1881 02 01 18 00  49.92   -6.30 1010.2           SCILLY
1881 02 02 08 00  49.92   -6.30 1001.0           SCILLY
1881 02 02 14 00  49.92   -6.30 1003.4           SCILLY
1881 02 02 18 00  49.92   -6.30 1002.7           SCILLY
1881 02 03 08 00  49.92   -6.30  997.0           SCILLY
1881 02 03 14 00  49.92   -6.30  991.9           SCILLY
1881 02 03 18 00  49.92   -6.30  991.2           SCILLY
1881 02 04 08 00  49.92   -6.30  994.6           SCILLY
1881 02 04 14 00  49.92   -6.30  998.6           SCILLY
1881 02 04 18 00  49.92   -6.30  999.3           SCILLY
1881 02 05 08 00  49.92   -6.30 1003.7           SCILLY
1881 02 05 14 00  49.92   -6.30 1006.8           SCILLY
1881 02 05 18 00  49.92   -6.30 1009.1           SCILLY
1881 02 06 08 00  49.92   -6.30 1016.6           SCILLY
1881 02 06 14 00  49.92   -6.30 1017.3           SCILLY
1881 02 06 18 00  49.92   -6.30 1016.3           SCILLY
1881 02 07 08 00  49.92   -6.30 1005.8           SCILLY
1881 02 07 14 00  49.92   -6.30 1002.0           SCILLY
1881 02 07 18 00  49.92   -6.30  999.0           SCILLY
1881 02 08 08 00  49.92   -6.30 1003.7           SCILLY
1881 02 08 14 00  49.92   -6.30 1006.1           SCILLY
1881 02 08 18 00  49.92   -6.30 1009.1           SCILLY
1881 02 09 08 00  49.92   -6.30 1011.5           SCILLY
1881 02 09 14 00  49.92   -6.30 1006.1           SCILLY
1881 02 09 18 00  49.92   -6.30 1004.4           SCILLY
1881 02 10 08 00  49.92   -6.30  990.2           SCILLY
1881 02 10 14 00  49.92   -6.30  989.8           SCILLY
1881 02 10 18 00  49.92   -6.30  988.8           SCILLY
1881 02 11 08 00  49.92   -6.30  994.2           SCILLY
1881 02 11 14 00  49.92   -6.30 1006.8           SCILLY
1881 02 11 18 00  49.92   -6.30 1012.9           SCILLY
1881 02 12 08 00  49.92   -6.30 1019.6           SCILLY
1881 02 12 14 00  49.92   -6.30 1017.3           SCILLY
1881 02 12 18 00  49.92   -6.30 1014.9           SCILLY
1881 02 13 08 00  49.92   -6.30 1005.8           SCILLY
1881 02 13 14 00  49.92   -6.30 1005.1           SCILLY
1881 02 13 18 00  49.92   -6.30 1003.4           SCILLY
1881 02 14 08 00  49.92   -6.30  996.3           SCILLY
1881 02 14 14 00  49.92   -6.30  995.6           SCILLY
1881 02 14 18 00  49.92   -6.30  996.6           SCILLY
1881 02 15 08 00  49.92   -6.30 1003.4           SCILLY
1881 02 15 14 00  49.92   -6.30 1005.4           SCILLY
1881 02 15 18 00  49.92   -6.30 1006.1           SCILLY
1881 02 16 08 00  49.92   -6.30 1010.2           SCILLY
1881 02 16 14 00  49.92   -6.30 1010.8           SCILLY
1881 02 16 18 00  49.92   -6.30 1010.2           SCILLY
1881 02 17 08 00  49.92   -6.30 1010.2           SCILLY
1881 02 17 14 00  49.92   -6.30 1010.2           SCILLY
1881 02 17 18 00  49.92   -6.30 1009.8           SCILLY
1881 02 18 08 00  49.92   -6.30 1010.5           SCILLY
1881 02 18 14 00  49.92   -6.30 1012.5           SCILLY
1881 02 18 18 00  49.92   -6.30 1013.5           SCILLY
1881 02 19 08 00  49.92   -6.30 1015.9           SCILLY
1881 02 19 14 00  49.92   -6.30 1016.6           SCILLY
1881 02 19 18 00  49.92   -6.30 1016.6           SCILLY
1881 02 20 08 00  49.92   -6.30 1017.6           SCILLY
1881 02 20 14 00  49.92   -6.30 1018.6           SCILLY
1881 02 20 18 00  49.92   -6.30 1019.0           SCILLY
1881 02 21 08 00  49.92   -6.30 1022.7           SCILLY
1881 02 21 14 00  49.92   -6.30 1023.7           SCILLY
1881 02 21 18 00  49.92   -6.30 1024.0           SCILLY
1881 02 22 08 00  49.92   -6.30 1023.7           SCILLY
1881 02 22 14 00  49.92   -6.30 1022.0           SCILLY
1881 02 22 18 00  49.92   -6.30 1020.7           SCILLY
1881 02 23 08 00  49.92   -6.30 1021.0           SCILLY
1881 02 23 14 00  49.92   -6.30 1021.7           SCILLY
1881 02 23 18 00  49.92   -6.30 1021.7           SCILLY
1881 02 24 08 00  49.92   -6.30 1023.7           SCILLY
1881 02 24 14 00  49.92   -6.30 1024.4           SCILLY
1881 02 24 18 00  49.92   -6.30 1024.0           SCILLY
1881 02 25 08 00  49.92   -6.30 1022.0           SCILLY
1881 02 25 14 00  49.92   -6.30 1020.0           SCILLY
1881 02 25 18 00  49.92   -6.30 1019.0           SCILLY
1881 02 26 08 00  49.92   -6.30 1012.2           SCILLY
1881 02 26 14 00  49.92   -6.30 1009.8           SCILLY
1881 02 26 18 00  49.92   -6.30 1009.1           SCILLY
1881 02 27 08 00  49.92   -6.30 1008.5           SCILLY
1881 02 27 14 00  49.92   -6.30 1008.1           SCILLY
1881 02 27 18 00  49.92   -6.30 1007.8           SCILLY
1881 02 28 08 00  49.92   -6.30 1006.8           SCILLY
1881 02 28 14 00  49.92   -6.30 1009.5           SCILLY
1881 02 28 18 00  49.92   -6.30 1011.9           SCILLY
