1888 05 01 08 00  49.92   -6.30  994.9           SCILLY
1888 05 01 08 00  56.82   -5.11  984.8      FORTWILLIAM
1888 05 01 09 00  56.82   -5.11  984.5      FORTWILLIAM
1888 05 01 14 00  49.92   -6.30 1006.1           SCILLY
1888 05 01 14 00  56.82   -5.11  984.6      FORTWILLIAM
1888 05 01 18 00  49.92   -6.30 1010.2           SCILLY
1888 05 01 18 00  56.82   -5.11  987.4      FORTWILLIAM
1888 05 01 21 00  56.82   -5.11  993.6      FORTWILLIAM
1888 05 02 08 00  49.92   -6.30 1005.1           SCILLY
1888 05 02 08 00  56.82   -5.11  991.7      FORTWILLIAM
1888 05 02 09 00  56.82   -5.11  990.6      FORTWILLIAM
1888 05 02 14 00  49.92   -6.30 1007.5           SCILLY
1888 05 02 14 00  56.82   -5.11  986.8      FORTWILLIAM
1888 05 02 18 00  49.92   -6.30 1009.8           SCILLY
1888 05 02 18 00  56.82   -5.11  984.6      FORTWILLIAM
1888 05 02 21 00  56.82   -5.11  982.6      FORTWILLIAM
1888 05 03 08 00  49.92   -6.30 1017.3           SCILLY
1888 05 03 08 00  56.82   -5.11  988.1      FORTWILLIAM
1888 05 03 09 00  56.82   -5.11  991.1      FORTWILLIAM
1888 05 03 14 00  49.92   -6.30 1021.7           SCILLY
1888 05 03 14 00  56.82   -5.11 1000.8      FORTWILLIAM
1888 05 03 18 00  49.92   -6.30 1022.4           SCILLY
1888 05 03 18 00  56.82   -5.11 1005.3      FORTWILLIAM
1888 05 03 21 00  56.82   -5.11 1008.2      FORTWILLIAM
1888 05 04 08 00  49.92   -6.30 1021.7           SCILLY
1888 05 04 08 00  56.82   -5.11 1014.5      FORTWILLIAM
1888 05 04 09 00  56.82   -5.11 1014.8      FORTWILLIAM
1888 05 04 14 00  49.92   -6.30 1024.0           SCILLY
1888 05 04 14 00  56.82   -5.11 1014.7      FORTWILLIAM
1888 05 04 18 00  49.92   -6.30 1026.1           SCILLY
1888 05 04 18 00  56.82   -5.11 1015.3      FORTWILLIAM
1888 05 04 21 00  56.82   -5.11 1014.5      FORTWILLIAM
1888 05 05 08 00  49.92   -6.30 1028.8           SCILLY
1888 05 05 08 00  56.82   -5.11 1015.5      FORTWILLIAM
1888 05 05 09 00  56.82   -5.11 1014.6      FORTWILLIAM
1888 05 05 14 00  49.92   -6.30 1029.1           SCILLY
1888 05 05 14 00  56.82   -5.11 1017.0      FORTWILLIAM
1888 05 05 18 00  49.92   -6.30 1028.8           SCILLY
1888 05 05 18 00  56.82   -5.11 1018.8      FORTWILLIAM
1888 05 05 21 00  56.82   -5.11 1019.0      FORTWILLIAM
1888 05 06 08 00  49.92   -6.30 1027.1           SCILLY
1888 05 06 08 00  56.82   -5.11 1018.7      FORTWILLIAM
1888 05 06 09 00  56.82   -5.11 1018.8      FORTWILLIAM
1888 05 06 14 00  49.92   -6.30 1027.8           SCILLY
1888 05 06 14 00  56.82   -5.11 1017.2      FORTWILLIAM
1888 05 06 18 00  49.92   -6.30 1027.4           SCILLY
1888 05 06 18 00  56.82   -5.11 1016.9      FORTWILLIAM
1888 05 06 21 00  56.82   -5.11 1016.9      FORTWILLIAM
1888 05 07 08 00  49.92   -6.30 1027.4           SCILLY
1888 05 07 08 00  56.82   -5.11 1014.6      FORTWILLIAM
1888 05 07 09 00  56.82   -5.11 1014.6      FORTWILLIAM
1888 05 07 14 00  49.92   -6.30 1027.8           SCILLY
1888 05 07 14 00  56.82   -5.11 1014.5      FORTWILLIAM
1888 05 07 18 00  49.92   -6.30 1026.4           SCILLY
1888 05 07 18 00  56.82   -5.11 1012.9      FORTWILLIAM
1888 05 07 21 00  56.82   -5.11 1012.7      FORTWILLIAM
1888 05 08 08 00  49.92   -6.30 1025.4           SCILLY
1888 05 08 08 00  56.82   -5.11 1016.4      FORTWILLIAM
1888 05 08 09 00  56.82   -5.11 1017.4      FORTWILLIAM
1888 05 08 14 00  49.92   -6.30 1026.4           SCILLY
1888 05 08 14 00  56.82   -5.11 1020.6      FORTWILLIAM
1888 05 08 18 00  49.92   -6.30 1026.4           SCILLY
1888 05 08 18 00  56.82   -5.11 1022.0      FORTWILLIAM
1888 05 08 21 00  56.82   -5.11 1023.2      FORTWILLIAM
1888 05 09 08 00  49.92   -6.30 1026.8           SCILLY
1888 05 09 08 00  56.82   -5.11 1027.0      FORTWILLIAM
1888 05 09 09 00  56.82   -5.11 1026.9      FORTWILLIAM
1888 05 09 14 00  49.92   -6.30 1027.4           SCILLY
1888 05 09 14 00  56.82   -5.11 1027.7      FORTWILLIAM
1888 05 09 18 00  49.92   -6.30 1026.8           SCILLY
1888 05 09 18 00  56.82   -5.11 1027.6      FORTWILLIAM
1888 05 09 21 00  56.82   -5.11 1028.3      FORTWILLIAM
1888 05 10 08 00  49.92   -6.30 1025.4           SCILLY
1888 05 10 08 00  56.82   -5.11 1029.7      FORTWILLIAM
1888 05 10 09 00  56.82   -5.11 1029.9      FORTWILLIAM
1888 05 10 14 00  49.92   -6.30 1026.1           SCILLY
1888 05 10 14 00  56.82   -5.11 1029.9      FORTWILLIAM
1888 05 10 18 00  49.92   -6.30 1026.1           SCILLY
1888 05 10 18 00  56.82   -5.11 1030.3      FORTWILLIAM
1888 05 10 21 00  56.82   -5.11 1031.8      FORTWILLIAM
1888 05 11 08 00  49.92   -6.30 1029.8           SCILLY
1888 05 11 08 00  56.82   -5.11 1033.4      FORTWILLIAM
1888 05 11 09 00  56.82   -5.11 1032.9      FORTWILLIAM
1888 05 11 14 00  49.92   -6.30 1030.5           SCILLY
1888 05 11 14 00  56.82   -5.11 1031.2      FORTWILLIAM
1888 05 11 18 00  49.92   -6.30 1030.1           SCILLY
1888 05 11 18 00  56.82   -5.11 1029.8      FORTWILLIAM
1888 05 11 21 00  56.82   -5.11 1031.3      FORTWILLIAM
1888 05 12 08 00  49.92   -6.30 1029.8           SCILLY
1888 05 12 08 00  56.82   -5.11 1030.9      FORTWILLIAM
1888 05 12 09 00  56.82   -5.11 1030.8      FORTWILLIAM
1888 05 12 14 00  49.92   -6.30 1029.1           SCILLY
1888 05 12 14 00  56.82   -5.11 1029.5      FORTWILLIAM
1888 05 12 18 00  49.92   -6.30 1028.4           SCILLY
1888 05 12 18 00  56.82   -5.11 1028.1      FORTWILLIAM
1888 05 12 21 00  56.82   -5.11 1028.2      FORTWILLIAM
1888 05 13 08 00  49.92   -6.30 1025.1           SCILLY
1888 05 13 08 00  56.82   -5.11 1018.6      FORTWILLIAM
1888 05 13 09 00  56.82   -5.11 1018.1      FORTWILLIAM
1888 05 13 14 00  49.92   -6.30 1022.4           SCILLY
1888 05 13 14 00  56.82   -5.11 1015.9      FORTWILLIAM
1888 05 13 18 00  49.92   -6.30 1020.7           SCILLY
1888 05 13 18 00  56.82   -5.11 1015.6      FORTWILLIAM
1888 05 13 21 00  56.82   -5.11 1015.7      FORTWILLIAM
1888 05 14 08 00  49.92   -6.30 1014.9           SCILLY
1888 05 14 08 00  56.82   -5.11 1014.1      FORTWILLIAM
1888 05 14 09 00  56.82   -5.11 1014.0      FORTWILLIAM
1888 05 14 14 00  49.92   -6.30 1014.2           SCILLY
1888 05 14 14 00  56.82   -5.11 1010.3      FORTWILLIAM
1888 05 14 18 00  49.92   -6.30 1012.5           SCILLY
1888 05 14 18 00  56.82   -5.11 1007.5      FORTWILLIAM
1888 05 14 21 00  56.82   -5.11 1006.2      FORTWILLIAM
1888 05 15 08 00  49.92   -6.30 1004.4           SCILLY
1888 05 15 08 00  56.82   -5.11 1000.3      FORTWILLIAM
1888 05 15 09 00  56.82   -5.11  999.4      FORTWILLIAM
1888 05 15 14 00  49.92   -6.30 1001.0           SCILLY
1888 05 15 14 00  56.82   -5.11  998.6      FORTWILLIAM
1888 05 15 18 00  49.92   -6.30 1000.0           SCILLY
1888 05 15 18 00  56.82   -5.11  998.6      FORTWILLIAM
1888 05 15 21 00  56.82   -5.11  999.5      FORTWILLIAM
1888 05 16 08 00  49.92   -6.30  993.9           SCILLY
1888 05 16 08 00  56.82   -5.11  999.5      FORTWILLIAM
1888 05 16 09 00  56.82   -5.11  999.2      FORTWILLIAM
1888 05 16 14 00  49.92   -6.30  992.9           SCILLY
1888 05 16 14 00  56.82   -5.11  996.9      FORTWILLIAM
1888 05 16 18 00  49.92   -6.30  991.5           SCILLY
1888 05 16 18 00  56.82   -5.11  995.0      FORTWILLIAM
1888 05 16 21 00  56.82   -5.11  993.4      FORTWILLIAM
1888 05 17 08 00  49.92   -6.30  994.6           SCILLY
1888 05 17 08 00  56.82   -5.11  989.9      FORTWILLIAM
1888 05 17 09 00  56.82   -5.11  990.2      FORTWILLIAM
1888 05 17 14 00  49.92   -6.30  996.6           SCILLY
1888 05 17 14 00  56.82   -5.11  990.5      FORTWILLIAM
1888 05 17 18 00  49.92   -6.30  998.3           SCILLY
1888 05 17 18 00  56.82   -5.11  992.6      FORTWILLIAM
1888 05 17 21 00  56.82   -5.11  993.3      FORTWILLIAM
1888 05 18 08 00  49.92   -6.30  999.0           SCILLY
1888 05 18 08 00  56.82   -5.11 1000.4      FORTWILLIAM
1888 05 18 09 00  56.82   -5.11 1000.2      FORTWILLIAM
1888 05 18 14 00  49.92   -6.30  998.6           SCILLY
1888 05 18 14 00  56.82   -5.11 1000.9      FORTWILLIAM
1888 05 18 18 00  49.92   -6.30  998.3           SCILLY
1888 05 18 18 00  56.82   -5.11 1000.8      FORTWILLIAM
1888 05 18 21 00  56.82   -5.11 1001.3      FORTWILLIAM
1888 05 19 08 00  49.92   -6.30  998.0           SCILLY
1888 05 19 08 00  56.82   -5.11 1002.2      FORTWILLIAM
1888 05 19 09 00  56.82   -5.11 1002.4      FORTWILLIAM
1888 05 19 14 00  49.92   -6.30 1005.8           SCILLY
1888 05 19 14 00  56.82   -5.11 1001.9      FORTWILLIAM
1888 05 19 18 00  49.92   -6.30 1009.8           SCILLY
1888 05 19 18 00  56.82   -5.11 1000.8      FORTWILLIAM
1888 05 19 21 00  56.82   -5.11 1002.2      FORTWILLIAM
1888 05 20 08 00  49.92   -6.30 1021.0           SCILLY
1888 05 20 08 00  56.82   -5.11 1014.1      FORTWILLIAM
1888 05 20 09 00  56.82   -5.11 1013.5      FORTWILLIAM
1888 05 20 14 00  49.92   -6.30 1024.7           SCILLY
1888 05 20 14 00  56.82   -5.11 1017.8      FORTWILLIAM
1888 05 20 18 00  49.92   -6.30 1025.4           SCILLY
1888 05 20 18 00  56.82   -5.11 1020.9      FORTWILLIAM
1888 05 20 21 00  56.82   -5.11 1024.3      FORTWILLIAM
1888 05 21 08 00  49.92   -6.30 1029.8           SCILLY
1888 05 21 08 00  56.82   -5.11 1030.3      FORTWILLIAM
1888 05 21 09 00  56.82   -5.11 1030.0      FORTWILLIAM
1888 05 21 14 00  49.92   -6.30 1029.8           SCILLY
1888 05 21 14 00  56.82   -5.11 1030.8      FORTWILLIAM
1888 05 21 18 00  49.92   -6.30 1029.8           SCILLY
1888 05 21 18 00  56.82   -5.11 1030.7      FORTWILLIAM
1888 05 21 21 00  56.82   -5.11 1032.9      FORTWILLIAM
1888 05 22 08 00  49.92   -6.30 1029.1           SCILLY
1888 05 22 08 00  56.82   -5.11 1034.3      FORTWILLIAM
1888 05 22 09 00  56.82   -5.11 1034.0      FORTWILLIAM
1888 05 22 14 00  49.92   -6.30 1029.1           SCILLY
1888 05 22 14 00  56.82   -5.11 1032.3      FORTWILLIAM
1888 05 22 18 00  49.92   -6.30 1027.8           SCILLY
1888 05 22 18 00  56.82   -5.11 1032.2      FORTWILLIAM
1888 05 22 21 00  56.82   -5.11 1033.6      FORTWILLIAM
1888 05 23 08 00  49.92   -6.30 1026.8           SCILLY
1888 05 23 08 00  56.82   -5.11 1034.6      FORTWILLIAM
1888 05 23 09 00  56.82   -5.11 1034.2      FORTWILLIAM
1888 05 23 14 00  49.92   -6.30 1026.1           SCILLY
1888 05 23 14 00  56.82   -5.11 1032.8      FORTWILLIAM
1888 05 23 18 00  49.92   -6.30 1025.7           SCILLY
1888 05 23 18 00  56.82   -5.11 1032.1      FORTWILLIAM
1888 05 23 21 00  56.82   -5.11 1033.4      FORTWILLIAM
1888 05 24 08 00  49.92   -6.30 1025.1           SCILLY
1888 05 24 08 00  56.82   -5.11 1033.2      FORTWILLIAM
1888 05 24 09 00  56.82   -5.11 1032.7      FORTWILLIAM
1888 05 24 14 00  49.92   -6.30 1024.7           SCILLY
1888 05 24 14 00  56.82   -5.11 1030.5      FORTWILLIAM
1888 05 24 18 00  49.92   -6.30 1024.0           SCILLY
1888 05 24 18 00  56.82   -5.11 1029.4      FORTWILLIAM
1888 05 24 21 00  56.82   -5.11 1029.7      FORTWILLIAM
1888 05 25 08 00  49.92   -6.30 1022.4           SCILLY
1888 05 25 08 00  56.82   -5.11 1027.8      FORTWILLIAM
1888 05 25 09 00  56.82   -5.11 1027.2      FORTWILLIAM
1888 05 25 14 00  49.92   -6.30 1021.3           SCILLY
1888 05 25 14 00  56.82   -5.11 1024.3      FORTWILLIAM
1888 05 25 18 00  49.92   -6.30 1020.3           SCILLY
1888 05 25 18 00  56.82   -5.11 1024.8      FORTWILLIAM
1888 05 25 21 00  56.82   -5.11 1024.6      FORTWILLIAM
1888 05 26 08 00  49.92   -6.30 1018.6           SCILLY
1888 05 26 08 00  56.82   -5.11 1022.1      FORTWILLIAM
1888 05 26 09 00  56.82   -5.11 1021.8      FORTWILLIAM
1888 05 26 14 00  49.92   -6.30 1018.3           SCILLY
1888 05 26 14 00  56.82   -5.11 1019.0      FORTWILLIAM
1888 05 26 18 00  49.92   -6.30 1016.6           SCILLY
1888 05 26 18 00  56.82   -5.11 1015.9      FORTWILLIAM
1888 05 26 21 00  56.82   -5.11 1014.5      FORTWILLIAM
1888 05 27 08 00  49.92   -6.30 1010.2           SCILLY
1888 05 27 08 00  56.82   -5.11 1010.2      FORTWILLIAM
1888 05 27 09 00  56.82   -5.11 1009.9      FORTWILLIAM
1888 05 27 14 00  49.92   -6.30 1006.8           SCILLY
1888 05 27 14 00  56.82   -5.11 1008.1      FORTWILLIAM
1888 05 27 18 00  49.92   -6.30 1005.1           SCILLY
1888 05 27 18 00  56.82   -5.11 1009.1      FORTWILLIAM
1888 05 27 21 00  56.82   -5.11 1009.6      FORTWILLIAM
1888 05 28 08 00  49.92   -6.30 1003.7           SCILLY
1888 05 28 08 00  56.82   -5.11 1012.3      FORTWILLIAM
1888 05 28 09 00  56.82   -5.11 1012.3      FORTWILLIAM
1888 05 28 14 00  49.92   -6.30 1005.8           SCILLY
1888 05 28 14 00  56.82   -5.11 1012.3      FORTWILLIAM
1888 05 28 18 00  49.92   -6.30 1006.4           SCILLY
1888 05 28 18 00  56.82   -5.11 1013.0      FORTWILLIAM
1888 05 28 21 00  56.82   -5.11 1013.4      FORTWILLIAM
1888 05 29 08 00  49.92   -6.30 1009.8           SCILLY
1888 05 29 08 00  56.82   -5.11 1013.2      FORTWILLIAM
1888 05 29 09 00  56.82   -5.11 1012.1      FORTWILLIAM
1888 05 29 14 00  49.92   -6.30 1006.8           SCILLY
1888 05 29 14 00  56.82   -5.11 1009.8      FORTWILLIAM
1888 05 29 18 00  49.92   -6.30 1006.4           SCILLY
1888 05 29 18 00  56.82   -5.11 1005.3      FORTWILLIAM
1888 05 29 21 00  56.82   -5.11 1001.9      FORTWILLIAM
1888 05 30 08 00  49.92   -6.30 1006.8           SCILLY
1888 05 30 08 00  56.82   -5.11  988.7      FORTWILLIAM
1888 05 30 09 00  56.82   -5.11  988.9      FORTWILLIAM
1888 05 30 14 00  49.92   -6.30 1010.5           SCILLY
1888 05 30 14 00  56.82   -5.11  988.9      FORTWILLIAM
1888 05 30 18 00  49.92   -6.30 1011.9           SCILLY
1888 05 30 18 00  56.82   -5.11  991.6      FORTWILLIAM
1888 05 30 21 00  56.82   -5.11  992.3      FORTWILLIAM
1888 05 31 08 00  49.92   -6.30 1016.9           SCILLY
1888 05 31 08 00  56.82   -5.11  997.2      FORTWILLIAM
1888 05 31 09 00  56.82   -5.11  998.1      FORTWILLIAM
1888 05 31 14 00  49.92   -6.30 1020.3           SCILLY
1888 05 31 14 00  56.82   -5.11 1004.6      FORTWILLIAM
1888 05 31 18 00  49.92   -6.30 1021.3           SCILLY
1888 05 31 18 00  56.82   -5.11 1009.3      FORTWILLIAM
1888 05 31 21 00  56.82   -5.11 1012.2      FORTWILLIAM
