1885 02 01 08 00  49.92   -6.30  985.4           SCILLY
1885 02 01 08 00  56.82   -5.11  971.2      FORTWILLIAM
1885 02 01 09 00  56.82   -5.11  972.2      FORTWILLIAM
1885 02 01 14 00  49.92   -6.30  985.1           SCILLY
1885 02 01 14 00  56.82   -5.11  976.4      FORTWILLIAM
1885 02 01 18 00  49.92   -6.30  986.1           SCILLY
1885 02 01 18 00  56.82   -5.11  981.5      FORTWILLIAM
1885 02 01 21 00  56.82   -5.11  979.8      FORTWILLIAM
1885 02 02 08 00  49.92   -6.30  979.0           SCILLY
1885 02 02 08 00  56.82   -5.11  980.1      FORTWILLIAM
1885 02 02 09 00  56.82   -5.11  979.0      FORTWILLIAM
1885 02 02 14 00  49.92   -6.30  981.0           SCILLY
1885 02 02 14 00  56.82   -5.11  974.1      FORTWILLIAM
1885 02 02 18 00  49.92   -6.30  982.1           SCILLY
1885 02 02 18 00  56.82   -5.11  972.2      FORTWILLIAM
1885 02 02 21 00  56.82   -5.11  972.2      FORTWILLIAM
1885 02 03 08 00  49.92   -6.30  988.8           SCILLY
1885 02 03 08 00  56.82   -5.11  977.0      FORTWILLIAM
1885 02 03 09 00  56.82   -5.11  978.5      FORTWILLIAM
1885 02 03 14 00  49.92   -6.30  991.9           SCILLY
1885 02 03 14 00  56.82   -5.11  982.7      FORTWILLIAM
1885 02 03 18 00  49.92   -6.30  992.6           SCILLY
1885 02 03 18 00  56.82   -5.11  986.1      FORTWILLIAM
1885 02 03 21 00  56.82   -5.11  987.1      FORTWILLIAM
1885 02 04 08 00  49.92   -6.30  988.8           SCILLY
1885 02 04 08 00  56.82   -5.11  989.3      FORTWILLIAM
1885 02 04 09 00  56.82   -5.11  989.5      FORTWILLIAM
1885 02 04 14 00  49.92   -6.30  989.2           SCILLY
1885 02 04 14 00  56.82   -5.11  987.4      FORTWILLIAM
1885 02 04 18 00  49.92   -6.30  990.9           SCILLY
1885 02 04 18 00  56.82   -5.11  987.1      FORTWILLIAM
1885 02 04 21 00  56.82   -5.11  986.0      FORTWILLIAM
1885 02 05 08 00  49.92   -6.30  994.9           SCILLY
1885 02 05 08 00  56.82   -5.11  984.4      FORTWILLIAM
1885 02 05 09 00  56.82   -5.11  984.5      FORTWILLIAM
1885 02 05 14 00  49.92   -6.30 1001.0           SCILLY
1885 02 05 14 00  56.82   -5.11  986.2      FORTWILLIAM
1885 02 05 18 00  49.92   -6.30 1004.7           SCILLY
1885 02 05 18 00  56.82   -5.11  989.7      FORTWILLIAM
1885 02 05 21 00  56.82   -5.11  992.3      FORTWILLIAM
1885 02 06 08 00  49.92   -6.30 1002.4           SCILLY
1885 02 06 08 00  56.82   -5.11  993.8      FORTWILLIAM
1885 02 06 09 00  56.82   -5.11  992.6      FORTWILLIAM
1885 02 06 14 00  49.92   -6.30  995.3           SCILLY
1885 02 06 14 00  56.82   -5.11  987.6      FORTWILLIAM
1885 02 06 18 00  49.92   -6.30  993.9           SCILLY
1885 02 06 18 00  56.82   -5.11  984.3      FORTWILLIAM
1885 02 06 21 00  56.82   -5.11  980.5      FORTWILLIAM
1885 02 07 08 00  49.92   -6.30 1003.0           SCILLY
1885 02 07 08 00  56.82   -5.11  986.2      FORTWILLIAM
1885 02 07 09 00  56.82   -5.11  987.0      FORTWILLIAM
1885 02 07 14 00  49.92   -6.30 1008.1           SCILLY
1885 02 07 14 00  56.82   -5.11  990.0      FORTWILLIAM
1885 02 07 18 00  49.92   -6.30 1010.5           SCILLY
1885 02 07 18 00  56.82   -5.11  992.8      FORTWILLIAM
1885 02 07 21 00  56.82   -5.11  995.8      FORTWILLIAM
1885 02 08 08 00  49.92   -6.30 1002.7           SCILLY
1885 02 08 08 00  56.82   -5.11  986.2      FORTWILLIAM
1885 02 08 09 00  56.82   -5.11  984.2      FORTWILLIAM
1885 02 08 14 00  49.92   -6.30  994.2           SCILLY
1885 02 08 14 00  56.82   -5.11  982.1      FORTWILLIAM
1885 02 08 18 00  49.92   -6.30  996.3           SCILLY
1885 02 08 18 00  56.82   -5.11  987.3      FORTWILLIAM
1885 02 08 21 00  56.82   -5.11  989.1      FORTWILLIAM
1885 02 09 08 00  49.92   -6.30 1009.5           SCILLY
1885 02 09 08 00  56.82   -5.11  990.4      FORTWILLIAM
1885 02 09 09 00  56.82   -5.11  990.6      FORTWILLIAM
1885 02 09 14 00  49.92   -6.30 1010.2           SCILLY
1885 02 09 14 00  56.82   -5.11  994.7      FORTWILLIAM
1885 02 09 18 00  49.92   -6.30 1010.2           SCILLY
1885 02 09 18 00  56.82   -5.11  998.3      FORTWILLIAM
1885 02 09 21 00  56.82   -5.11 1000.1      FORTWILLIAM
1885 02 10 08 00  49.92   -6.30 1013.5           SCILLY
1885 02 10 08 00  56.82   -5.11 1008.2      FORTWILLIAM
1885 02 10 09 00  56.82   -5.11 1009.0      FORTWILLIAM
1885 02 10 14 00  49.92   -6.30 1015.2           SCILLY
1885 02 10 14 00  56.82   -5.11 1006.7      FORTWILLIAM
1885 02 10 18 00  49.92   -6.30 1015.2           SCILLY
1885 02 10 18 00  56.82   -5.11 1004.3      FORTWILLIAM
1885 02 10 21 00  56.82   -5.11  999.0      FORTWILLIAM
1885 02 11 08 00  49.92   -6.30 1017.9           SCILLY
1885 02 11 08 00  56.82   -5.11 1003.5      FORTWILLIAM
1885 02 11 09 00  56.82   -5.11 1004.5      FORTWILLIAM
1885 02 11 14 00  49.92   -6.30 1019.6           SCILLY
1885 02 11 14 00  56.82   -5.11 1010.0      FORTWILLIAM
1885 02 11 18 00  49.92   -6.30 1019.3           SCILLY
1885 02 11 18 00  56.82   -5.11 1009.6      FORTWILLIAM
1885 02 11 21 00  56.82   -5.11 1007.8      FORTWILLIAM
1885 02 12 08 00  49.92   -6.30 1019.3           SCILLY
1885 02 12 08 00  56.82   -5.11 1003.3      FORTWILLIAM
1885 02 12 09 00  56.82   -5.11 1002.8      FORTWILLIAM
1885 02 12 14 00  49.92   -6.30 1020.0           SCILLY
1885 02 12 14 00  56.82   -5.11 1003.2      FORTWILLIAM
1885 02 12 18 00  49.92   -6.30 1019.3           SCILLY
1885 02 12 18 00  56.82   -5.11 1005.1      FORTWILLIAM
1885 02 12 21 00  56.82   -5.11 1007.0      FORTWILLIAM
1885 02 13 08 00  49.92   -6.30 1015.6           SCILLY
1885 02 13 08 00  56.82   -5.11 1003.1      FORTWILLIAM
1885 02 13 09 00  56.82   -5.11 1002.4      FORTWILLIAM
1885 02 13 14 00  49.92   -6.30 1014.2           SCILLY
1885 02 13 14 00  56.82   -5.11  997.6      FORTWILLIAM
1885 02 13 18 00  49.92   -6.30 1012.2           SCILLY
1885 02 13 18 00  56.82   -5.11  996.0      FORTWILLIAM
1885 02 13 21 00  56.82   -5.11  995.8      FORTWILLIAM
1885 02 14 08 00  49.92   -6.30 1007.8           SCILLY
1885 02 14 08 00  56.82   -5.11 1003.5      FORTWILLIAM
1885 02 14 09 00  56.82   -5.11 1003.8      FORTWILLIAM
1885 02 14 14 00  49.92   -6.30 1006.1           SCILLY
1885 02 14 14 00  56.82   -5.11 1004.7      FORTWILLIAM
1885 02 14 18 00  49.92   -6.30 1004.7           SCILLY
1885 02 14 18 00  56.82   -5.11 1004.7      FORTWILLIAM
1885 02 14 21 00  56.82   -5.11 1004.7      FORTWILLIAM
1885 02 15 08 00  49.92   -6.30  998.0           SCILLY
1885 02 15 08 00  56.82   -5.11  998.4      FORTWILLIAM
1885 02 15 09 00  56.82   -5.11  999.0      FORTWILLIAM
1885 02 15 14 00  49.92   -6.30  996.6           SCILLY
1885 02 15 14 00  56.82   -5.11  996.4      FORTWILLIAM
1885 02 15 18 00  49.92   -6.30  994.9           SCILLY
1885 02 15 18 00  56.82   -5.11  995.9      FORTWILLIAM
1885 02 15 21 00  56.82   -5.11  995.9      FORTWILLIAM
1885 02 16 08 00  49.92   -6.30  988.8           SCILLY
1885 02 16 08 00  56.82   -5.11  996.4      FORTWILLIAM
1885 02 16 09 00  56.82   -5.11  996.7      FORTWILLIAM
1885 02 16 14 00  49.92   -6.30  984.1           SCILLY
1885 02 16 14 00  56.82   -5.11  994.1      FORTWILLIAM
1885 02 16 18 00  49.92   -6.30  985.4           SCILLY
1885 02 16 18 00  56.82   -5.11  994.2      FORTWILLIAM
1885 02 16 21 00  56.82   -5.11  994.3      FORTWILLIAM
1885 02 17 08 00  49.92   -6.30  994.9           SCILLY
1885 02 17 08 00  56.82   -5.11  996.7      FORTWILLIAM
1885 02 17 09 00  56.82   -5.11  997.0      FORTWILLIAM
1885 02 17 14 00  49.92   -6.30  995.6           SCILLY
1885 02 17 14 00  56.82   -5.11  996.0      FORTWILLIAM
1885 02 17 18 00  49.92   -6.30  997.0           SCILLY
1885 02 17 18 00  56.82   -5.11  995.3      FORTWILLIAM
1885 02 17 21 00  56.82   -5.11  994.7      FORTWILLIAM
1885 02 18 08 00  49.92   -6.30 1004.4           SCILLY
1885 02 18 08 00  56.82   -5.11  996.7      FORTWILLIAM
1885 02 18 09 00  56.82   -5.11  997.1      FORTWILLIAM
1885 02 18 14 00  49.92   -6.30 1006.1           SCILLY
1885 02 18 14 00  56.82   -5.11  998.3      FORTWILLIAM
1885 02 18 18 00  49.92   -6.30 1006.1           SCILLY
1885 02 18 18 00  56.82   -5.11 1001.5      FORTWILLIAM
1885 02 18 21 00  56.82   -5.11 1003.8      FORTWILLIAM
1885 02 19 08 00  49.92   -6.30 1005.1           SCILLY
1885 02 19 08 00  56.82   -5.11 1005.0      FORTWILLIAM
1885 02 19 09 00  56.82   -5.11 1005.4      FORTWILLIAM
1885 02 19 14 00  49.92   -6.30 1003.7           SCILLY
1885 02 19 14 00  56.82   -5.11 1006.9      FORTWILLIAM
1885 02 19 18 00  49.92   -6.30 1002.4           SCILLY
1885 02 19 18 00  56.82   -5.11 1009.0      FORTWILLIAM
1885 02 19 21 00  56.82   -5.11 1011.0      FORTWILLIAM
1885 02 20 08 00  49.92   -6.30 1000.7           SCILLY
1885 02 20 08 00  56.82   -5.11 1011.6      FORTWILLIAM
1885 02 20 09 00  56.82   -5.11 1011.8      FORTWILLIAM
1885 02 20 14 00  49.92   -6.30 1005.8           SCILLY
1885 02 20 14 00  56.82   -5.11 1011.6      FORTWILLIAM
1885 02 20 18 00  49.92   -6.30 1009.1           SCILLY
1885 02 20 18 00  56.82   -5.11 1011.7      FORTWILLIAM
1885 02 20 21 00  56.82   -5.11 1013.0      FORTWILLIAM
1885 02 21 08 00  49.92   -6.30 1016.6           SCILLY
1885 02 21 08 00  56.82   -5.11 1011.5      FORTWILLIAM
1885 02 21 09 00  56.82   -5.11 1010.9      FORTWILLIAM
1885 02 21 14 00  49.92   -6.30 1012.9           SCILLY
1885 02 21 14 00  56.82   -5.11 1003.1      FORTWILLIAM
1885 02 21 18 00  49.92   -6.30 1009.5           SCILLY
1885 02 21 18 00  56.82   -5.11  996.8      FORTWILLIAM
1885 02 21 21 00  56.82   -5.11  993.3      FORTWILLIAM
1885 02 22 08 00  49.92   -6.30 1005.1           SCILLY
1885 02 22 08 00  56.82   -5.11  982.4      FORTWILLIAM
1885 02 22 09 00  56.82   -5.11  982.3      FORTWILLIAM
1885 02 22 14 00  49.92   -6.30 1007.1           SCILLY
1885 02 22 14 00  56.82   -5.11  990.3      FORTWILLIAM
1885 02 22 18 00  49.92   -6.30 1011.2           SCILLY
1885 02 22 18 00  56.82   -5.11  993.8      FORTWILLIAM
1885 02 22 21 00  56.82   -5.11  995.9      FORTWILLIAM
1885 02 23 08 00  49.92   -6.30 1009.5           SCILLY
1885 02 23 08 00  56.82   -5.11  997.3      FORTWILLIAM
1885 02 23 09 00  56.82   -5.11  995.3      FORTWILLIAM
1885 02 23 14 00  49.92   -6.30 1007.5           SCILLY
1885 02 23 14 00  56.82   -5.11  996.9      FORTWILLIAM
1885 02 23 18 00  49.92   -6.30 1005.8           SCILLY
1885 02 23 18 00  56.82   -5.11  997.6      FORTWILLIAM
1885 02 23 21 00  56.82   -5.11  995.8      FORTWILLIAM
1885 02 24 08 00  49.92   -6.30 1001.0           SCILLY
1885 02 24 08 00  56.82   -5.11  993.1      FORTWILLIAM
1885 02 24 09 00  56.82   -5.11  993.1      FORTWILLIAM
1885 02 24 14 00  49.92   -6.30 1001.4           SCILLY
1885 02 24 14 00  56.82   -5.11  993.0      FORTWILLIAM
1885 02 24 18 00  49.92   -6.30 1003.4           SCILLY
1885 02 24 18 00  56.82   -5.11  992.8      FORTWILLIAM
1885 02 24 21 00  56.82   -5.11  993.0      FORTWILLIAM
1885 02 25 08 00  49.92   -6.30 1011.2           SCILLY
1885 02 25 08 00  56.82   -5.11 1002.7      FORTWILLIAM
1885 02 25 09 00  56.82   -5.11 1003.5      FORTWILLIAM
1885 02 25 14 00  49.92   -6.30 1014.9           SCILLY
1885 02 25 14 00  56.82   -5.11 1006.8      FORTWILLIAM
1885 02 25 18 00  49.92   -6.30 1015.6           SCILLY
1885 02 25 18 00  56.82   -5.11 1008.6      FORTWILLIAM
1885 02 25 21 00  56.82   -5.11 1009.2      FORTWILLIAM
1885 02 26 08 00  49.92   -6.30 1009.8           SCILLY
1885 02 26 08 00  56.82   -5.11  996.9      FORTWILLIAM
1885 02 26 09 00  56.82   -5.11  996.6      FORTWILLIAM
1885 02 26 14 00  49.92   -6.30 1007.5           SCILLY
1885 02 26 14 00  56.82   -5.11  995.6      FORTWILLIAM
1885 02 26 18 00  49.92   -6.30 1006.8           SCILLY
1885 02 26 18 00  56.82   -5.11  995.2      FORTWILLIAM
1885 02 26 21 00  56.82   -5.11  996.6      FORTWILLIAM
1885 02 27 08 00  49.92   -6.30 1004.1           SCILLY
1885 02 27 08 00  56.82   -5.11  996.9      FORTWILLIAM
1885 02 27 09 00  56.82   -5.11  997.1      FORTWILLIAM
1885 02 27 14 00  49.92   -6.30 1005.1           SCILLY
1885 02 27 14 00  56.82   -5.11  998.3      FORTWILLIAM
1885 02 27 18 00  49.92   -6.30 1005.1           SCILLY
1885 02 27 18 00  56.82   -5.11  998.9      FORTWILLIAM
1885 02 27 21 00  56.82   -5.11  999.8      FORTWILLIAM
1885 02 28 08 00  49.92   -6.30 1013.9           SCILLY
1885 02 28 08 00  56.82   -5.11 1011.8      FORTWILLIAM
1885 02 28 09 00  56.82   -5.11 1013.1      FORTWILLIAM
1885 02 28 14 00  49.92   -6.30 1019.3           SCILLY
1885 02 28 14 00  56.82   -5.11 1016.7      FORTWILLIAM
1885 02 28 18 00  49.92   -6.30 1020.3           SCILLY
1885 02 28 18 00  56.82   -5.11 1020.9      FORTWILLIAM
1885 02 28 21 00  56.82   -5.11 1021.3      FORTWILLIAM
