1875 11 01 08 00  49.93   -6.30 1006.8           SCILLY
1875 11 01 14 00  49.93   -6.30 1006.8           SCILLY
1875 11 01 18 00  49.93   -6.30 1005.1           SCILLY
1875 11 02 08 00  49.93   -6.30 1005.1           SCILLY
1875 11 02 14 00  49.93   -6.30 1003.7           SCILLY
1875 11 02 18 00  49.93   -6.30 1003.4           SCILLY
1875 11 03 08 00  49.93   -6.30 1003.0           SCILLY
1875 11 03 14 00  49.93   -6.30 1007.5           SCILLY
1875 11 03 18 00  49.93   -6.30 1010.2           SCILLY
1875 11 04 08 00  49.93   -6.30 1011.2           SCILLY
1875 11 04 14 00  49.93   -6.30 1012.5           SCILLY
1875 11 04 18 00  49.93   -6.30 1014.6           SCILLY
1875 11 05 08 00  49.93   -6.30 1015.6           SCILLY
1875 11 05 14 00  49.93   -6.30 1012.5           SCILLY
1875 11 05 18 00  49.93   -6.30 1009.5           SCILLY
1875 11 06 08 00  49.93   -6.30  999.7           SCILLY
1875 11 06 14 00  49.93   -6.30  999.0           SCILLY
1875 11 06 18 00  49.93   -6.30 1000.3           SCILLY
1875 11 07 08 00  49.93   -6.30 1003.4           SCILLY
1875 11 07 14 00  49.93   -6.30  996.6           SCILLY
1875 11 07 18 00  49.93   -6.30  991.9           SCILLY
1875 11 08 08 00  49.93   -6.30 1002.0           SCILLY
1875 11 08 14 00  49.93   -6.30 1004.7           SCILLY
1875 11 08 18 00  49.93   -6.30 1004.1           SCILLY
1875 11 09 08 00  49.93   -6.30  991.2           SCILLY
1875 11 09 14 00  49.93   -6.30  990.9           SCILLY
1875 11 09 18 00  49.93   -6.30  988.5           SCILLY
1875 11 10 08 00  49.93   -6.30  985.4           SCILLY
1875 11 10 14 00  49.93   -6.30  987.8           SCILLY
1875 11 10 18 00  49.93   -6.30  979.3           SCILLY
1875 11 11 08 00  49.93   -6.30  991.5           SCILLY
1875 11 11 14 00  49.93   -6.30 1001.4           SCILLY
1875 11 11 18 00  49.93   -6.30 1005.8           SCILLY
1875 11 12 08 00  49.93   -6.30 1012.2           SCILLY
1875 11 12 14 00  49.93   -6.30 1013.5           SCILLY
1875 11 12 18 00  49.93   -6.30 1011.9           SCILLY
1875 11 13 08 00  49.93   -6.30  999.7           SCILLY
1875 11 13 14 00  49.93   -6.30  996.6           SCILLY
1875 11 13 18 00  49.93   -6.30  992.9           SCILLY
1875 11 14 08 00  49.93   -6.30  998.3           SCILLY
1875 11 14 14 00  49.93   -6.30 1008.8           SCILLY
1875 11 14 18 00  49.93   -6.30 1012.5           SCILLY
1875 11 15 08 00  49.93   -6.30 1022.4           SCILLY
1875 11 15 14 00  49.93   -6.30 1020.3           SCILLY
1875 11 15 18 00  49.93   -6.30 1019.6           SCILLY
1875 11 16 08 00  49.93   -6.30 1013.2           SCILLY
1875 11 16 14 00  49.93   -6.30 1012.2           SCILLY
1875 11 16 18 00  49.93   -6.30 1013.9           SCILLY
1875 11 17 08 00  49.93   -6.30 1019.0           SCILLY
1875 11 17 14 00  49.93   -6.30 1020.7           SCILLY
1875 11 17 18 00  49.93   -6.30 1022.0           SCILLY
1875 11 18 08 00  49.93   -6.30 1025.1           SCILLY
1875 11 18 14 00  49.93   -6.30 1025.4           SCILLY
1875 11 18 18 00  49.93   -6.30 1025.1           SCILLY
1875 11 19 08 00  49.93   -6.30 1018.3           SCILLY
1875 11 19 14 00  49.93   -6.30 1017.6           SCILLY
1875 11 19 18 00  49.93   -6.30 1019.6           SCILLY
1875 11 20 08 00  49.93   -6.30 1022.7           SCILLY
1875 11 20 14 00  49.93   -6.30 1023.0           SCILLY
1875 11 20 18 00  49.93   -6.30 1023.0           SCILLY
1875 11 21 08 00  49.93   -6.30 1020.3           SCILLY
1875 11 21 14 00  49.93   -6.30 1019.3           SCILLY
1875 11 21 18 00  49.93   -6.30 1019.6           SCILLY
1875 11 22 08 00  49.93   -6.30 1023.0           SCILLY
1875 11 22 14 00  49.93   -6.30 1024.0           SCILLY
1875 11 22 18 00  49.93   -6.30 1024.0           SCILLY
1875 11 23 08 00  49.93   -6.30 1023.7           SCILLY
1875 11 23 14 00  49.93   -6.30 1023.0           SCILLY
1875 11 23 18 00  49.93   -6.30 1022.4           SCILLY
1875 11 24 08 00  49.93   -6.30 1020.3           SCILLY
1875 11 24 14 00  49.93   -6.30 1018.6           SCILLY
1875 11 24 18 00  49.93   -6.30 1017.9           SCILLY
1875 11 25 08 00  49.93   -6.30 1015.6           SCILLY
1875 11 25 14 00  49.93   -6.30 1015.2           SCILLY
1875 11 25 18 00  49.93   -6.30 1015.2           SCILLY
1875 11 26 08 00  49.93   -6.30 1015.2           SCILLY
1875 11 26 14 00  49.93   -6.30 1015.2           SCILLY
1875 11 26 18 00  49.93   -6.30 1015.6           SCILLY
1875 11 27 08 00  49.93   -6.30 1017.6           SCILLY
1875 11 27 14 00  49.93   -6.30 1017.9           SCILLY
1875 11 27 18 00  49.93   -6.30 1019.0           SCILLY
1875 11 28 08 00  49.93   -6.30 1017.3           SCILLY
1875 11 28 14 00  49.93   -6.30 1015.6           SCILLY
1875 11 28 18 00  49.93   -6.30 1015.6           SCILLY
1875 11 29 08 00  49.93   -6.30 1014.2           SCILLY
1875 11 29 14 00  49.93   -6.30 1014.2           SCILLY
1875 11 29 18 00  49.93   -6.30 1014.2           SCILLY
1875 11 30 08 00  49.93   -6.30 1012.5           SCILLY
1875 11 30 14 00  49.93   -6.30 1011.9           SCILLY
1875 11 30 18 00  49.93   -6.30 1011.2           SCILLY
