1888 11 01 08 00  49.92   -6.30 1003.7           SCILLY
1888 11 01 08 00  56.82   -5.11 1005.2      FORTWILLIAM
1888 11 01 09 00  56.82   -5.11 1005.9      FORTWILLIAM
1888 11 01 14 00  49.92   -6.30 1000.3           SCILLY
1888 11 01 14 00  56.82   -5.11 1009.5      FORTWILLIAM
1888 11 01 18 00  49.92   -6.30 1001.0           SCILLY
1888 11 01 18 00  56.82   -5.11 1013.4      FORTWILLIAM
1888 11 01 21 00  56.82   -5.11 1014.5      FORTWILLIAM
1888 11 02 08 00  49.92   -6.30 1002.4           SCILLY
1888 11 02 08 00  56.82   -5.11 1015.4      FORTWILLIAM
1888 11 02 09 00  56.82   -5.11 1015.5      FORTWILLIAM
1888 11 02 14 00  49.92   -6.30 1001.7           SCILLY
1888 11 02 14 00  56.82   -5.11 1013.2      FORTWILLIAM
1888 11 02 18 00  49.92   -6.30 1000.3           SCILLY
1888 11 02 18 00  56.82   -5.11 1013.6      FORTWILLIAM
1888 11 02 21 00  56.82   -5.11 1013.1      FORTWILLIAM
1888 11 03 08 00  49.92   -6.30  999.3           SCILLY
1888 11 03 08 00  56.82   -5.11 1012.3      FORTWILLIAM
1888 11 03 09 00  56.82   -5.11 1012.5      FORTWILLIAM
1888 11 03 14 00  49.92   -6.30 1000.3           SCILLY
1888 11 03 14 00  56.82   -5.11 1012.1      FORTWILLIAM
1888 11 03 18 00  49.92   -6.30 1001.0           SCILLY
1888 11 03 18 00  56.82   -5.11 1012.5      FORTWILLIAM
1888 11 03 21 00  56.82   -5.11 1012.4      FORTWILLIAM
1888 11 04 08 00  49.92   -6.30 1000.3           SCILLY
1888 11 04 08 00  56.82   -5.11 1013.1      FORTWILLIAM
1888 11 04 09 00  56.82   -5.11 1013.1      FORTWILLIAM
1888 11 04 14 00  49.92   -6.30  998.0           SCILLY
1888 11 04 14 00  56.82   -5.11 1012.0      FORTWILLIAM
1888 11 04 18 00  49.92   -6.30  998.3           SCILLY
1888 11 04 18 00  56.82   -5.11 1012.3      FORTWILLIAM
1888 11 04 21 00  56.82   -5.11 1012.4      FORTWILLIAM
1888 11 05 08 00  49.92   -6.30  999.0           SCILLY
1888 11 05 08 00  56.82   -5.11 1014.1      FORTWILLIAM
1888 11 05 09 00  56.82   -5.11 1014.5      FORTWILLIAM
1888 11 05 14 00  49.92   -6.30  997.3           SCILLY
1888 11 05 14 00  56.82   -5.11 1016.1      FORTWILLIAM
1888 11 05 18 00  49.92   -6.30  997.6           SCILLY
1888 11 05 18 00  56.82   -5.11 1016.1      FORTWILLIAM
1888 11 05 21 00  56.82   -5.11 1017.8      FORTWILLIAM
1888 11 06 08 00  49.92   -6.30 1001.0           SCILLY
1888 11 06 08 00  56.82   -5.11 1019.1      FORTWILLIAM
1888 11 06 09 00  56.82   -5.11 1019.1      FORTWILLIAM
1888 11 06 14 00  49.92   -6.30 1000.7           SCILLY
1888 11 06 14 00  56.82   -5.11 1017.7      FORTWILLIAM
1888 11 06 18 00  49.92   -6.30 1000.7           SCILLY
1888 11 06 18 00  56.82   -5.11 1016.5      FORTWILLIAM
1888 11 06 21 00  56.82   -5.11 1017.4      FORTWILLIAM
1888 11 07 08 00  49.92   -6.30 1000.0           SCILLY
1888 11 07 08 00  56.82   -5.11 1015.8      FORTWILLIAM
1888 11 07 09 00  56.82   -5.11 1015.4      FORTWILLIAM
1888 11 07 14 00  49.92   -6.30  999.7           SCILLY
1888 11 07 14 00  56.82   -5.11 1014.6      FORTWILLIAM
1888 11 07 18 00  49.92   -6.30  999.0           SCILLY
1888 11 07 18 00  56.82   -5.11 1012.9      FORTWILLIAM
1888 11 07 21 00  56.82   -5.11 1012.8      FORTWILLIAM
1888 11 08 08 00  49.92   -6.30  999.3           SCILLY
1888 11 08 08 00  56.82   -5.11 1013.3      FORTWILLIAM
1888 11 08 09 00  56.82   -5.11 1013.4      FORTWILLIAM
1888 11 08 14 00  49.92   -6.30  994.2           SCILLY
1888 11 08 14 00  56.82   -5.11 1013.2      FORTWILLIAM
1888 11 08 18 00  49.92   -6.30  992.9           SCILLY
1888 11 08 18 00  56.82   -5.11 1012.9      FORTWILLIAM
1888 11 08 21 00  56.82   -5.11 1013.3      FORTWILLIAM
1888 11 09 08 00  49.92   -6.30 1001.4           SCILLY
1888 11 09 08 00  56.82   -5.11 1011.9      FORTWILLIAM
1888 11 09 09 00  56.82   -5.11 1012.4      FORTWILLIAM
1888 11 09 14 00  49.92   -6.30 1002.0           SCILLY
1888 11 09 14 00  56.82   -5.11 1011.5      FORTWILLIAM
1888 11 09 18 00  49.92   -6.30 1003.0           SCILLY
1888 11 09 18 00  56.82   -5.11 1011.1      FORTWILLIAM
1888 11 09 21 00  56.82   -5.11 1011.0      FORTWILLIAM
1888 11 10 08 00  49.92   -6.30  999.7           SCILLY
1888 11 10 08 00  56.82   -5.11 1007.4      FORTWILLIAM
1888 11 10 09 00  56.82   -5.11 1006.5      FORTWILLIAM
1888 11 10 14 00  49.92   -6.30  998.0           SCILLY
1888 11 10 14 00  56.82   -5.11 1003.8      FORTWILLIAM
1888 11 10 18 00  49.92   -6.30 1000.3           SCILLY
1888 11 10 18 00  56.82   -5.11 1002.1      FORTWILLIAM
1888 11 10 21 00  56.82   -5.11 1000.6      FORTWILLIAM
1888 11 11 08 00  49.92   -6.30 1007.1           SCILLY
1888 11 11 08 00  56.82   -5.11 1004.0      FORTWILLIAM
1888 11 11 09 00  56.82   -5.11 1005.2      FORTWILLIAM
1888 11 11 14 00  49.92   -6.30 1006.1           SCILLY
1888 11 11 14 00  56.82   -5.11 1006.9      FORTWILLIAM
1888 11 11 18 00  49.92   -6.30 1004.7           SCILLY
1888 11 11 18 00  56.82   -5.11 1008.5      FORTWILLIAM
1888 11 11 21 00  56.82   -5.11 1009.6      FORTWILLIAM
1888 11 12 08 00  49.92   -6.30  994.6           SCILLY
1888 11 12 08 00  56.82   -5.11 1005.9      FORTWILLIAM
1888 11 12 09 00  56.82   -5.11 1005.2      FORTWILLIAM
1888 11 12 14 00  49.92   -6.30  990.2           SCILLY
1888 11 12 14 00  56.82   -5.11 1003.3      FORTWILLIAM
1888 11 12 18 00  49.92   -6.30  990.2           SCILLY
1888 11 12 18 00  56.82   -5.11 1001.0      FORTWILLIAM
1888 11 12 21 00  56.82   -5.11  998.4      FORTWILLIAM
1888 11 13 08 00  49.92   -6.30  994.6           SCILLY
1888 11 13 08 00  56.82   -5.11  997.0      FORTWILLIAM
1888 11 13 09 00  56.82   -5.11  997.4      FORTWILLIAM
1888 11 13 14 00  49.92   -6.30  997.0           SCILLY
1888 11 13 14 00  56.82   -5.11  997.0      FORTWILLIAM
1888 11 13 18 00  49.92   -6.30  999.3           SCILLY
1888 11 13 18 00  56.82   -5.11  996.5      FORTWILLIAM
1888 11 13 21 00  56.82   -5.11  997.8      FORTWILLIAM
1888 11 14 08 00  49.92   -6.30 1009.1           SCILLY
1888 11 14 08 00  56.82   -5.11  997.8      FORTWILLIAM
1888 11 14 09 00  56.82   -5.11  998.6      FORTWILLIAM
1888 11 14 14 00  49.92   -6.30 1012.2           SCILLY
1888 11 14 14 00  56.82   -5.11 1001.2      FORTWILLIAM
1888 11 14 18 00  49.92   -6.30 1013.5           SCILLY
1888 11 14 18 00  56.82   -5.11 1005.4      FORTWILLIAM
1888 11 14 21 00  56.82   -5.11 1007.7      FORTWILLIAM
1888 11 15 08 00  49.92   -6.30 1015.6           SCILLY
1888 11 15 08 00  56.82   -5.11  997.8      FORTWILLIAM
1888 11 15 09 00  56.82   -5.11  996.3      FORTWILLIAM
1888 11 15 14 00  49.92   -6.30 1017.6           SCILLY
1888 11 15 14 00  56.82   -5.11 1006.5      FORTWILLIAM
1888 11 15 18 00  49.92   -6.30 1018.6           SCILLY
1888 11 15 18 00  56.82   -5.11 1009.1      FORTWILLIAM
1888 11 15 21 00  56.82   -5.11 1010.7      FORTWILLIAM
1888 11 16 08 00  49.92   -6.30 1018.3           SCILLY
1888 11 16 08 00  56.82   -5.11  983.9      FORTWILLIAM
1888 11 16 09 00  56.82   -5.11  982.0      FORTWILLIAM
1888 11 16 14 00  49.92   -6.30 1021.7           SCILLY
1888 11 16 14 00  56.82   -5.11  997.0      FORTWILLIAM
1888 11 16 18 00  49.92   -6.30 1022.7           SCILLY
1888 11 16 18 00  56.82   -5.11 1001.8      FORTWILLIAM
1888 11 16 21 00  56.82   -5.11  998.8      FORTWILLIAM
1888 11 17 08 00  49.92   -6.30 1023.4           SCILLY
1888 11 17 08 00  56.82   -5.11  994.5      FORTWILLIAM
1888 11 17 09 00  56.82   -5.11  995.1      FORTWILLIAM
1888 11 17 14 00  49.92   -6.30 1022.7           SCILLY
1888 11 17 14 00  56.82   -5.11  999.5      FORTWILLIAM
1888 11 17 18 00  49.92   -6.30 1022.4           SCILLY
1888 11 17 18 00  56.82   -5.11 1002.3      FORTWILLIAM
1888 11 17 21 00  56.82   -5.11 1005.6      FORTWILLIAM
1888 11 18 08 00  49.92   -6.30 1020.0           SCILLY
1888 11 18 08 00  56.82   -5.11 1006.6      FORTWILLIAM
1888 11 18 09 00  56.82   -5.11 1006.7      FORTWILLIAM
1888 11 18 14 00  49.92   -6.30 1017.9           SCILLY
1888 11 18 14 00  56.82   -5.11 1004.2      FORTWILLIAM
1888 11 18 18 00  49.92   -6.30 1017.9           SCILLY
1888 11 18 18 00  56.82   -5.11 1004.4      FORTWILLIAM
1888 11 18 21 00  56.82   -5.11 1004.0      FORTWILLIAM
1888 11 19 08 00  49.92   -6.30 1019.0           SCILLY
1888 11 19 08 00  56.82   -5.11  998.8      FORTWILLIAM
1888 11 19 09 00  56.82   -5.11  997.0      FORTWILLIAM
1888 11 19 14 00  49.92   -6.30 1018.3           SCILLY
1888 11 19 14 00  56.82   -5.11  993.1      FORTWILLIAM
1888 11 19 18 00  49.92   -6.30 1016.9           SCILLY
1888 11 19 18 00  56.82   -5.11  993.9      FORTWILLIAM
1888 11 19 21 00  56.82   -5.11  995.0      FORTWILLIAM
1888 11 20 08 00  49.92   -6.30 1016.9           SCILLY
1888 11 20 08 00  56.82   -5.11  991.9      FORTWILLIAM
1888 11 20 09 00  56.82   -5.11  991.6      FORTWILLIAM
1888 11 20 14 00  49.92   -6.30 1021.0           SCILLY
1888 11 20 14 00  56.82   -5.11  992.6      FORTWILLIAM
1888 11 20 18 00  49.92   -6.30 1022.0           SCILLY
1888 11 20 18 00  56.82   -5.11  997.3      FORTWILLIAM
1888 11 20 21 00  56.82   -5.11 1000.1      FORTWILLIAM
1888 11 21 08 00  49.92   -6.30 1027.1           SCILLY
1888 11 21 08 00  56.82   -5.11 1006.3      FORTWILLIAM
1888 11 21 09 00  56.82   -5.11 1006.6      FORTWILLIAM
1888 11 21 14 00  49.92   -6.30 1028.1           SCILLY
1888 11 21 14 00  56.82   -5.11 1012.0      FORTWILLIAM
1888 11 21 18 00  49.92   -6.30 1028.1           SCILLY
1888 11 21 18 00  56.82   -5.11 1012.1      FORTWILLIAM
1888 11 21 21 00  56.82   -5.11 1009.4      FORTWILLIAM
1888 11 22 08 00  49.92   -6.30 1028.1           SCILLY
1888 11 22 08 00  56.82   -5.11 1000.6      FORTWILLIAM
1888 11 22 09 00  56.82   -5.11  999.9      FORTWILLIAM
1888 11 22 14 00  49.92   -6.30 1027.8           SCILLY
1888 11 22 14 00  56.82   -5.11 1000.5      FORTWILLIAM
1888 11 22 18 00  49.92   -6.30 1027.8           SCILLY
1888 11 22 18 00  56.82   -5.11 1001.9      FORTWILLIAM
1888 11 22 21 00  56.82   -5.11 1002.3      FORTWILLIAM
1888 11 23 08 00  49.92   -6.30 1028.8           SCILLY
1888 11 23 08 00  56.82   -5.11 1006.7      FORTWILLIAM
1888 11 23 09 00  56.82   -5.11 1007.2      FORTWILLIAM
1888 11 23 14 00  49.92   -6.30 1028.8           SCILLY
1888 11 23 14 00  56.82   -5.11 1008.3      FORTWILLIAM
1888 11 23 18 00  49.92   -6.30 1028.4           SCILLY
1888 11 23 18 00  56.82   -5.11 1005.4      FORTWILLIAM
1888 11 23 21 00  56.82   -5.11 1004.7      FORTWILLIAM
1888 11 24 08 00  49.92   -6.30 1025.1           SCILLY
1888 11 24 08 00  56.82   -5.11 1000.5      FORTWILLIAM
1888 11 24 09 00  56.82   -5.11 1001.3      FORTWILLIAM
1888 11 24 14 00  49.92   -6.30 1024.0           SCILLY
1888 11 24 14 00  56.82   -5.11 1001.9      FORTWILLIAM
1888 11 24 18 00  49.92   -6.30 1023.0           SCILLY
1888 11 24 18 00  56.82   -5.11 1000.9      FORTWILLIAM
1888 11 24 21 00  56.82   -5.11  999.1      FORTWILLIAM
1888 11 25 08 00  49.92   -6.30 1015.6           SCILLY
1888 11 25 08 00  56.82   -5.11  989.2      FORTWILLIAM
1888 11 25 09 00  56.82   -5.11  985.6      FORTWILLIAM
1888 11 25 14 00  49.92   -6.30 1009.1           SCILLY
1888 11 25 14 00  56.82   -5.11  987.5      FORTWILLIAM
1888 11 25 18 00  49.92   -6.30 1006.1           SCILLY
1888 11 25 18 00  56.82   -5.11  985.7      FORTWILLIAM
1888 11 25 21 00  56.82   -5.11  985.3      FORTWILLIAM
1888 11 26 08 00  49.92   -6.30 1005.4           SCILLY
1888 11 26 08 00  56.82   -5.11  988.0      FORTWILLIAM
1888 11 26 09 00  56.82   -5.11  988.9      FORTWILLIAM
1888 11 26 14 00  49.92   -6.30 1003.0           SCILLY
1888 11 26 14 00  56.82   -5.11  993.6      FORTWILLIAM
1888 11 26 18 00  49.92   -6.30 1003.0           SCILLY
1888 11 26 18 00  56.82   -5.11  995.0      FORTWILLIAM
1888 11 26 21 00  56.82   -5.11  996.6      FORTWILLIAM
1888 11 27 08 00  49.92   -6.30  987.8           SCILLY
1888 11 27 08 00  56.82   -5.11  993.4      FORTWILLIAM
1888 11 27 09 00  56.82   -5.11  993.0      FORTWILLIAM
1888 11 27 14 00  49.92   -6.30  991.5           SCILLY
1888 11 27 14 00  56.82   -5.11  988.3      FORTWILLIAM
1888 11 27 18 00  49.92   -6.30  992.6           SCILLY
1888 11 27 18 00  56.82   -5.11  987.2      FORTWILLIAM
1888 11 27 21 00  56.82   -5.11  989.0      FORTWILLIAM
1888 11 28 08 00  49.92   -6.30  992.2           SCILLY
1888 11 28 08 00  56.82   -5.11  997.1      FORTWILLIAM
1888 11 28 09 00  56.82   -5.11  998.1      FORTWILLIAM
1888 11 28 14 00  49.92   -6.30  991.9           SCILLY
1888 11 28 14 00  56.82   -5.11  999.8      FORTWILLIAM
1888 11 28 18 00  49.92   -6.30  990.5           SCILLY
1888 11 28 18 00  56.82   -5.11 1000.6      FORTWILLIAM
1888 11 28 21 00  56.82   -5.11 1001.8      FORTWILLIAM
1888 11 29 08 00  49.92   -6.30  983.7           SCILLY
1888 11 29 08 00  56.82   -5.11 1000.9      FORTWILLIAM
1888 11 29 09 00  56.82   -5.11 1000.9      FORTWILLIAM
1888 11 29 14 00  49.92   -6.30  986.1           SCILLY
1888 11 29 14 00  56.82   -5.11  998.0      FORTWILLIAM
1888 11 29 18 00  49.92   -6.30  986.5           SCILLY
1888 11 29 18 00  56.82   -5.11  997.4      FORTWILLIAM
1888 11 29 21 00  56.82   -5.11  995.5      FORTWILLIAM
1888 11 30 08 00  49.92   -6.30  993.2           SCILLY
1888 11 30 08 00  56.82   -5.11  994.7      FORTWILLIAM
1888 11 30 09 00  56.82   -5.11  995.2      FORTWILLIAM
1888 11 30 14 00  49.92   -6.30  994.6           SCILLY
1888 11 30 14 00  56.82   -5.11  996.3      FORTWILLIAM
1888 11 30 18 00  49.92   -6.30  994.9           SCILLY
1888 11 30 18 00  56.82   -5.11  998.0      FORTWILLIAM
1888 11 30 21 00  56.82   -5.11  999.5      FORTWILLIAM
