1887 04 01 08 00  49.92   -6.30 1013.2           SCILLY
1887 04 01 08 00  56.82   -5.11 1017.7      FORTWILLIAM
1887 04 01 09 00  56.82   -5.11 1017.7      FORTWILLIAM
1887 04 01 14 00  49.92   -6.30 1013.9           SCILLY
1887 04 01 14 00  56.82   -5.11 1016.9      FORTWILLIAM
1887 04 01 18 00  49.92   -6.30 1015.9           SCILLY
1887 04 01 18 00  56.82   -5.11 1015.4      FORTWILLIAM
1887 04 01 21 00  56.82   -5.11 1014.0      FORTWILLIAM
1887 04 02 08 00  49.92   -6.30 1015.9           SCILLY
1887 04 02 08 00  56.82   -5.11 1013.6      FORTWILLIAM
1887 04 02 09 00  56.82   -5.11 1014.0      FORTWILLIAM
1887 04 02 14 00  49.92   -6.30 1016.6           SCILLY
1887 04 02 14 00  56.82   -5.11 1014.7      FORTWILLIAM
1887 04 02 18 00  49.92   -6.30 1017.6           SCILLY
1887 04 02 18 00  56.82   -5.11 1015.6      FORTWILLIAM
1887 04 02 21 00  56.82   -5.11 1016.8      FORTWILLIAM
1887 04 03 08 00  49.92   -6.30 1020.3           SCILLY
1887 04 03 08 00  56.82   -5.11 1015.8      FORTWILLIAM
1887 04 03 09 00  56.82   -5.11 1015.8      FORTWILLIAM
1887 04 03 14 00  49.92   -6.30 1020.3           SCILLY
1887 04 03 14 00  56.82   -5.11 1013.8      FORTWILLIAM
1887 04 03 18 00  49.92   -6.30 1019.3           SCILLY
1887 04 03 18 00  56.82   -5.11 1011.4      FORTWILLIAM
1887 04 03 21 00  56.82   -5.11 1009.5      FORTWILLIAM
1887 04 04 08 00  49.92   -6.30 1012.9           SCILLY
1887 04 04 08 00  56.82   -5.11  999.6      FORTWILLIAM
1887 04 04 09 00  56.82   -5.11  999.7      FORTWILLIAM
1887 04 04 14 00  49.92   -6.30 1008.1           SCILLY
1887 04 04 14 00  56.82   -5.11  999.4      FORTWILLIAM
1887 04 04 18 00  49.92   -6.30 1004.7           SCILLY
1887 04 04 18 00  56.82   -5.11  998.6      FORTWILLIAM
1887 04 04 21 00  56.82   -5.11  998.8      FORTWILLIAM
1887 04 05 08 00  49.92   -6.30 1003.7           SCILLY
1887 04 05 08 00  56.82   -5.11 1004.3      FORTWILLIAM
1887 04 05 09 00  56.82   -5.11 1005.6      FORTWILLIAM
1887 04 05 14 00  49.92   -6.30 1004.1           SCILLY
1887 04 05 14 00  56.82   -5.11 1010.5      FORTWILLIAM
1887 04 05 18 00  49.92   -6.30 1005.8           SCILLY
1887 04 05 18 00  56.82   -5.11 1013.1      FORTWILLIAM
1887 04 05 21 00  56.82   -5.11 1017.2      FORTWILLIAM
1887 04 06 08 00  49.92   -6.30 1011.2           SCILLY
1887 04 06 08 00  56.82   -5.11 1023.9      FORTWILLIAM
1887 04 06 09 00  56.82   -5.11 1024.0      FORTWILLIAM
1887 04 06 14 00  49.92   -6.30 1012.2           SCILLY
1887 04 06 14 00  56.82   -5.11 1024.6      FORTWILLIAM
1887 04 06 18 00  49.92   -6.30 1012.9           SCILLY
1887 04 06 18 00  56.82   -5.11 1025.0      FORTWILLIAM
1887 04 06 21 00  56.82   -5.11 1025.5      FORTWILLIAM
1887 04 07 08 00  49.92   -6.30 1013.2           SCILLY
1887 04 07 08 00  56.82   -5.11 1027.5      FORTWILLIAM
1887 04 07 09 00  56.82   -5.11 1027.6      FORTWILLIAM
1887 04 07 14 00  49.92   -6.30 1013.9           SCILLY
1887 04 07 14 00  56.82   -5.11 1027.4      FORTWILLIAM
1887 04 07 18 00  49.92   -6.30 1013.9           SCILLY
1887 04 07 18 00  56.82   -5.11 1027.7      FORTWILLIAM
1887 04 07 21 00  56.82   -5.11 1028.3      FORTWILLIAM
1887 04 08 08 00  49.92   -6.30 1017.3           SCILLY
1887 04 08 08 00  56.82   -5.11 1028.7      FORTWILLIAM
1887 04 08 09 00  56.82   -5.11 1028.6      FORTWILLIAM
1887 04 08 14 00  49.92   -6.30 1017.9           SCILLY
1887 04 08 14 00  56.82   -5.11 1026.0      FORTWILLIAM
1887 04 08 18 00  49.92   -6.30 1017.9           SCILLY
1887 04 08 18 00  56.82   -5.11 1025.0      FORTWILLIAM
1887 04 08 21 00  56.82   -5.11 1026.1      FORTWILLIAM
1887 04 09 08 00  49.92   -6.30 1020.3           SCILLY
1887 04 09 08 00  56.82   -5.11 1027.7      FORTWILLIAM
1887 04 09 09 00  56.82   -5.11 1027.4      FORTWILLIAM
1887 04 09 14 00  49.92   -6.30 1020.3           SCILLY
1887 04 09 14 00  56.82   -5.11 1026.3      FORTWILLIAM
1887 04 09 18 00  49.92   -6.30 1019.0           SCILLY
1887 04 09 18 00  56.82   -5.11 1025.5      FORTWILLIAM
1887 04 09 21 00  56.82   -5.11 1026.1      FORTWILLIAM
1887 04 10 08 00  49.92   -6.30 1017.9           SCILLY
1887 04 10 08 00  56.82   -5.11 1026.4      FORTWILLIAM
1887 04 10 09 00  56.82   -5.11 1025.9      FORTWILLIAM
1887 04 10 14 00  49.92   -6.30 1018.3           SCILLY
1887 04 10 14 00  56.82   -5.11 1023.3      FORTWILLIAM
1887 04 10 18 00  49.92   -6.30 1017.9           SCILLY
1887 04 10 18 00  56.82   -5.11 1022.3      FORTWILLIAM
1887 04 10 21 00  56.82   -5.11 1023.4      FORTWILLIAM
1887 04 11 08 00  49.92   -6.30 1016.3           SCILLY
1887 04 11 08 00  56.82   -5.11 1023.7      FORTWILLIAM
1887 04 11 09 00  56.82   -5.11 1023.3      FORTWILLIAM
1887 04 11 14 00  49.92   -6.30 1016.3           SCILLY
1887 04 11 14 00  56.82   -5.11 1020.8      FORTWILLIAM
1887 04 11 18 00  49.92   -6.30 1015.2           SCILLY
1887 04 11 18 00  56.82   -5.11 1020.1      FORTWILLIAM
1887 04 11 21 00  56.82   -5.11 1021.3      FORTWILLIAM
1887 04 12 08 00  49.92   -6.30 1014.6           SCILLY
1887 04 12 08 00  56.82   -5.11 1022.2      FORTWILLIAM
1887 04 12 09 00  56.82   -5.11 1022.2      FORTWILLIAM
1887 04 12 14 00  49.92   -6.30 1014.9           SCILLY
1887 04 12 14 00  56.82   -5.11 1021.6      FORTWILLIAM
1887 04 12 18 00  49.92   -6.30 1014.9           SCILLY
1887 04 12 18 00  56.82   -5.11 1021.2      FORTWILLIAM
1887 04 12 21 00  56.82   -5.11 1023.5      FORTWILLIAM
1887 04 13 08 00  49.92   -6.30 1016.3           SCILLY
1887 04 13 08 00  56.82   -5.11 1027.1      FORTWILLIAM
1887 04 13 09 00  56.82   -5.11 1027.4      FORTWILLIAM
1887 04 13 14 00  49.92   -6.30 1018.3           SCILLY
1887 04 13 14 00  56.82   -5.11 1026.8      FORTWILLIAM
1887 04 13 18 00  49.92   -6.30 1019.0           SCILLY
1887 04 13 18 00  56.82   -5.11 1027.4      FORTWILLIAM
1887 04 13 21 00  56.82   -5.11 1028.8      FORTWILLIAM
1887 04 14 08 00  49.92   -6.30 1024.7           SCILLY
1887 04 14 08 00  56.82   -5.11 1030.6      FORTWILLIAM
1887 04 14 09 00  56.82   -5.11 1031.2      FORTWILLIAM
1887 04 14 14 00  49.92   -6.30 1027.4           SCILLY
1887 04 14 14 00  56.82   -5.11 1029.9      FORTWILLIAM
1887 04 14 18 00  49.92   -6.30 1027.8           SCILLY
1887 04 14 18 00  56.82   -5.11 1029.1      FORTWILLIAM
1887 04 14 21 00  56.82   -5.11 1029.6      FORTWILLIAM
1887 04 15 08 00  49.92   -6.30 1031.5           SCILLY
1887 04 15 08 00  56.82   -5.11 1028.9      FORTWILLIAM
1887 04 15 09 00  56.82   -5.11 1028.9      FORTWILLIAM
1887 04 15 14 00  49.92   -6.30 1031.8           SCILLY
1887 04 15 14 00  56.82   -5.11 1028.8      FORTWILLIAM
1887 04 15 18 00  49.92   -6.30 1031.2           SCILLY
1887 04 15 18 00  56.82   -5.11 1029.2      FORTWILLIAM
1887 04 15 21 00  56.82   -5.11 1030.4      FORTWILLIAM
1887 04 16 08 00  49.92   -6.30 1032.5           SCILLY
1887 04 16 08 00  56.82   -5.11 1034.2      FORTWILLIAM
1887 04 16 09 00  56.82   -5.11 1034.3      FORTWILLIAM
1887 04 16 14 00  49.92   -6.30 1033.5           SCILLY
1887 04 16 14 00  56.82   -5.11 1034.7      FORTWILLIAM
1887 04 16 18 00  49.92   -6.30 1034.2           SCILLY
1887 04 16 18 00  56.82   -5.11 1034.2      FORTWILLIAM
1887 04 16 21 00  56.82   -5.11 1034.7      FORTWILLIAM
1887 04 17 08 00  49.92   -6.30 1035.9           SCILLY
1887 04 17 08 00  56.82   -5.11 1034.9      FORTWILLIAM
1887 04 17 09 00  56.82   -5.11 1034.9      FORTWILLIAM
1887 04 17 14 00  49.92   -6.30 1036.9           SCILLY
1887 04 17 14 00  56.82   -5.11 1033.5      FORTWILLIAM
1887 04 17 18 00  49.92   -6.30 1036.6           SCILLY
1887 04 17 18 00  56.82   -5.11 1032.2      FORTWILLIAM
1887 04 17 21 00  56.82   -5.11 1032.4      FORTWILLIAM
1887 04 18 08 00  49.92   -6.30 1034.9           SCILLY
1887 04 18 08 00  56.82   -5.11 1030.6      FORTWILLIAM
1887 04 18 09 00  56.82   -5.11 1030.3      FORTWILLIAM
1887 04 18 14 00  49.92   -6.30 1034.2           SCILLY
1887 04 18 14 00  56.82   -5.11 1029.2      FORTWILLIAM
1887 04 18 18 00  49.92   -6.30 1033.2           SCILLY
1887 04 18 18 00  56.82   -5.11 1027.9      FORTWILLIAM
1887 04 18 21 00  56.82   -5.11 1027.2      FORTWILLIAM
1887 04 19 08 00  49.92   -6.30 1031.2           SCILLY
1887 04 19 08 00  56.82   -5.11 1023.9      FORTWILLIAM
1887 04 19 09 00  56.82   -5.11 1023.7      FORTWILLIAM
1887 04 19 14 00  49.92   -6.30 1030.5           SCILLY
1887 04 19 14 00  56.82   -5.11 1021.8      FORTWILLIAM
1887 04 19 18 00  49.92   -6.30 1028.8           SCILLY
1887 04 19 18 00  56.82   -5.11 1018.4      FORTWILLIAM
1887 04 19 21 00  56.82   -5.11 1016.8      FORTWILLIAM
1887 04 20 08 00  49.92   -6.30 1025.7           SCILLY
1887 04 20 08 00  56.82   -5.11 1012.9      FORTWILLIAM
1887 04 20 09 00  56.82   -5.11 1011.9      FORTWILLIAM
1887 04 20 14 00  49.92   -6.30 1023.7           SCILLY
1887 04 20 14 00  56.82   -5.11 1011.8      FORTWILLIAM
1887 04 20 18 00  49.92   -6.30 1021.7           SCILLY
1887 04 20 18 00  56.82   -5.11 1013.2      FORTWILLIAM
1887 04 20 21 00  56.82   -5.11 1013.2      FORTWILLIAM
1887 04 21 08 00  49.92   -6.30 1015.2           SCILLY
1887 04 21 08 00  56.82   -5.11 1006.0      FORTWILLIAM
1887 04 21 09 00  56.82   -5.11 1004.7      FORTWILLIAM
1887 04 21 14 00  49.92   -6.30 1011.9           SCILLY
1887 04 21 14 00  56.82   -5.11 1000.5      FORTWILLIAM
1887 04 21 18 00  49.92   -6.30 1008.8           SCILLY
1887 04 21 18 00  56.82   -5.11  997.2      FORTWILLIAM
1887 04 21 21 00  56.82   -5.11  995.3      FORTWILLIAM
1887 04 22 08 00  49.92   -6.30 1003.0           SCILLY
1887 04 22 08 00  56.82   -5.11  991.2      FORTWILLIAM
1887 04 22 09 00  56.82   -5.11  991.2      FORTWILLIAM
1887 04 22 14 00  49.92   -6.30 1001.4           SCILLY
1887 04 22 14 00  56.82   -5.11  990.5      FORTWILLIAM
1887 04 22 18 00  49.92   -6.30  998.6           SCILLY
1887 04 22 18 00  56.82   -5.11  989.2      FORTWILLIAM
1887 04 22 21 00  56.82   -5.11  988.5      FORTWILLIAM
1887 04 23 08 00  49.92   -6.30  992.6           SCILLY
1887 04 23 08 00  56.82   -5.11  985.5      FORTWILLIAM
1887 04 23 09 00  56.82   -5.11  985.5      FORTWILLIAM
1887 04 23 14 00  49.92   -6.30  996.3           SCILLY
1887 04 23 14 00  56.82   -5.11  983.9      FORTWILLIAM
1887 04 23 18 00  49.92   -6.30  991.5           SCILLY
1887 04 23 18 00  56.82   -5.11  984.1      FORTWILLIAM
1887 04 23 21 00  56.82   -5.11  985.2      FORTWILLIAM
1887 04 24 08 00  49.92   -6.30  994.6           SCILLY
1887 04 24 08 00  56.82   -5.11  986.8      FORTWILLIAM
1887 04 24 09 00  56.82   -5.11  987.5      FORTWILLIAM
1887 04 24 14 00  49.92   -6.30 1001.7           SCILLY
1887 04 24 14 00  56.82   -5.11  989.2      FORTWILLIAM
1887 04 24 18 00  49.92   -6.30 1003.4           SCILLY
1887 04 24 18 00  56.82   -5.11  991.3      FORTWILLIAM
1887 04 24 21 00  56.82   -5.11  992.4      FORTWILLIAM
1887 04 25 08 00  49.92   -6.30 1007.1           SCILLY
1887 04 25 08 00  56.82   -5.11  995.4      FORTWILLIAM
1887 04 25 09 00  56.82   -5.11  996.4      FORTWILLIAM
1887 04 25 14 00  49.92   -6.30 1009.8           SCILLY
1887 04 25 14 00  56.82   -5.11 1000.2      FORTWILLIAM
1887 04 25 18 00  49.92   -6.30 1010.2           SCILLY
1887 04 25 18 00  56.82   -5.11 1001.5      FORTWILLIAM
1887 04 25 21 00  56.82   -5.11 1003.2      FORTWILLIAM
1887 04 26 08 00  49.92   -6.30 1011.5           SCILLY
1887 04 26 08 00  56.82   -5.11 1002.0      FORTWILLIAM
1887 04 26 09 00  56.82   -5.11 1001.4      FORTWILLIAM
1887 04 26 14 00  49.92   -6.30 1010.2           SCILLY
1887 04 26 14 00  56.82   -5.11 1001.8      FORTWILLIAM
1887 04 26 18 00  49.92   -6.30 1011.9           SCILLY
1887 04 26 18 00  56.82   -5.11 1002.8      FORTWILLIAM
1887 04 26 21 00  56.82   -5.11 1004.9      FORTWILLIAM
1887 04 27 08 00  49.92   -6.30 1013.5           SCILLY
1887 04 27 08 00  56.82   -5.11 1006.0      FORTWILLIAM
1887 04 27 09 00  56.82   -5.11 1005.4      FORTWILLIAM
1887 04 27 14 00  49.92   -6.30 1014.6           SCILLY
1887 04 27 14 00  56.82   -5.11 1003.8      FORTWILLIAM
1887 04 27 18 00  49.92   -6.30 1014.9           SCILLY
1887 04 27 18 00  56.82   -5.11 1003.1      FORTWILLIAM
1887 04 27 21 00  56.82   -5.11 1004.1      FORTWILLIAM
1887 04 28 08 00  49.92   -6.30 1014.6           SCILLY
1887 04 28 08 00  56.82   -5.11 1008.5      FORTWILLIAM
1887 04 28 09 00  56.82   -5.11 1008.9      FORTWILLIAM
1887 04 28 14 00  49.92   -6.30 1013.5           SCILLY
1887 04 28 14 00  56.82   -5.11 1009.2      FORTWILLIAM
1887 04 28 18 00  49.92   -6.30 1012.9           SCILLY
1887 04 28 18 00  56.82   -5.11 1011.3      FORTWILLIAM
1887 04 28 21 00  56.82   -5.11 1012.6      FORTWILLIAM
1887 04 29 08 00  49.92   -6.30 1012.9           SCILLY
1887 04 29 08 00  56.82   -5.11 1015.0      FORTWILLIAM
1887 04 29 09 00  56.82   -5.11 1015.4      FORTWILLIAM
1887 04 29 14 00  49.92   -6.30 1013.9           SCILLY
1887 04 29 14 00  56.82   -5.11 1015.9      FORTWILLIAM
1887 04 29 18 00  49.92   -6.30 1014.2           SCILLY
1887 04 29 18 00  56.82   -5.11 1017.0      FORTWILLIAM
1887 04 29 21 00  56.82   -5.11 1018.4      FORTWILLIAM
1887 04 30 08 00  49.92   -6.30 1015.9           SCILLY
1887 04 30 08 00  56.82   -5.11 1021.5      FORTWILLIAM
1887 04 30 09 00  56.82   -5.11 1020.5      FORTWILLIAM
1887 04 30 14 00  49.92   -6.30 1017.9           SCILLY
1887 04 30 14 00  56.82   -5.11 1020.4      FORTWILLIAM
1887 04 30 18 00  49.92   -6.30 1018.3           SCILLY
1887 04 30 18 00  56.82   -5.11 1020.0      FORTWILLIAM
1887 04 30 21 00  56.82   -5.11 1020.4      FORTWILLIAM
