1881 11 01 08 00  49.92   -6.30 1002.4           SCILLY
1881 11 01 14 00  49.92   -6.30 1004.1           SCILLY
1881 11 01 18 00  49.92   -6.30 1004.4           SCILLY
1881 11 02 08 00  49.92   -6.30 1002.7           SCILLY
1881 11 02 14 00  49.92   -6.30 1002.4           SCILLY
1881 11 02 18 00  49.92   -6.30 1001.4           SCILLY
1881 11 03 08 00  49.92   -6.30  999.3           SCILLY
1881 11 03 14 00  49.92   -6.30 1003.4           SCILLY
1881 11 03 18 00  49.92   -6.30 1004.1           SCILLY
1881 11 04 08 00  49.92   -6.30 1007.1           SCILLY
1881 11 04 14 00  49.92   -6.30 1009.5           SCILLY
1881 11 04 18 00  49.92   -6.30 1009.8           SCILLY
1881 11 05 08 00  49.92   -6.30 1010.2           SCILLY
1881 11 05 14 00  49.92   -6.30 1014.6           SCILLY
1881 11 05 18 00  49.92   -6.30 1015.6           SCILLY
1881 11 06 08 00  49.92   -6.30 1020.0           SCILLY
1881 11 06 14 00  49.92   -6.30 1021.7           SCILLY
1881 11 06 18 00  49.92   -6.30 1021.7           SCILLY
1881 11 07 08 00  49.92   -6.30 1017.3           SCILLY
1881 11 07 14 00  49.92   -6.30 1016.9           SCILLY
1881 11 07 18 00  49.92   -6.30 1016.9           SCILLY
1881 11 08 08 00  49.92   -6.30 1015.2           SCILLY
1881 11 08 14 00  49.92   -6.30 1014.9           SCILLY
1881 11 08 18 00  49.92   -6.30 1013.9           SCILLY
1881 11 09 08 00  49.92   -6.30 1011.2           SCILLY
1881 11 09 14 00  49.92   -6.30 1009.8           SCILLY
1881 11 09 18 00  49.92   -6.30 1010.5           SCILLY
1881 11 10 08 00  49.92   -6.30 1017.3           SCILLY
1881 11 10 14 00  49.92   -6.30 1020.3           SCILLY
1881 11 10 18 00  49.92   -6.30 1021.3           SCILLY
1881 11 11 08 00  49.92   -6.30 1021.7           SCILLY
1881 11 11 14 00  49.92   -6.30 1020.0           SCILLY
1881 11 11 18 00  49.92   -6.30 1019.0           SCILLY
1881 11 12 08 00  49.92   -6.30 1021.3           SCILLY
1881 11 12 14 00  49.92   -6.30 1023.4           SCILLY
1881 11 12 18 00  49.92   -6.30 1024.4           SCILLY
1881 11 13 08 00  49.92   -6.30 1028.8           SCILLY
1881 11 13 14 00  49.92   -6.30 1028.8           SCILLY
1881 11 13 18 00  49.92   -6.30 1028.4           SCILLY
1881 11 14 08 00  49.92   -6.30 1025.7           SCILLY
1881 11 14 14 00  49.92   -6.30 1022.7           SCILLY
1881 11 14 18 00  49.92   -6.30 1021.7           SCILLY
1881 11 15 08 00  49.92   -6.30 1012.5           SCILLY
1881 11 15 14 00  49.92   -6.30 1014.9           SCILLY
1881 11 15 18 00  49.92   -6.30 1017.6           SCILLY
1881 11 16 08 00  49.92   -6.30 1015.6           SCILLY
1881 11 16 14 00  49.92   -6.30 1013.2           SCILLY
1881 11 16 18 00  49.92   -6.30 1011.2           SCILLY
1881 11 17 08 00  49.92   -6.30 1012.2           SCILLY
1881 11 17 14 00  49.92   -6.30 1016.6           SCILLY
1881 11 17 18 00  49.92   -6.30 1017.6           SCILLY
1881 11 18 08 00  49.92   -6.30 1022.0           SCILLY
1881 11 18 14 00  49.92   -6.30 1021.7           SCILLY
1881 11 18 18 00  49.92   -6.30 1021.7           SCILLY
1881 11 19 08 00  49.92   -6.30 1017.3           SCILLY
1881 11 19 14 00  49.92   -6.30 1013.2           SCILLY
1881 11 19 18 00  49.92   -6.30 1011.9           SCILLY
1881 11 20 08 00  49.92   -6.30 1013.9           SCILLY
1881 11 20 14 00  49.92   -6.30 1011.5           SCILLY
1881 11 20 18 00  49.92   -6.30 1009.8           SCILLY
1881 11 21 08 00  49.92   -6.30 1002.4           SCILLY
1881 11 21 14 00  49.92   -6.30 1005.4           SCILLY
1881 11 21 18 00  49.92   -6.30 1004.1           SCILLY
1881 11 22 08 00  49.92   -6.30 1007.8           SCILLY
1881 11 22 14 00  49.92   -6.30 1011.5           SCILLY
1881 11 22 18 00  49.92   -6.30 1011.9           SCILLY
1881 11 23 08 00  49.92   -6.30 1011.5           SCILLY
1881 11 23 14 00  49.92   -6.30 1015.2           SCILLY
1881 11 23 18 00  49.92   -6.30 1016.9           SCILLY
1881 11 24 08 00  49.92   -6.30 1009.8           SCILLY
1881 11 24 14 00  49.92   -6.30 1007.5           SCILLY
1881 11 24 18 00  49.92   -6.30 1007.5           SCILLY
1881 11 25 08 00  49.92   -6.30 1004.4           SCILLY
1881 11 25 14 00  49.92   -6.30 1003.4           SCILLY
1881 11 25 18 00  49.92   -6.30 1003.4           SCILLY
1881 11 26 08 00  49.92   -6.30 1000.0           SCILLY
1881 11 26 14 00  49.92   -6.30  988.8           SCILLY
1881 11 26 18 00  49.92   -6.30  983.4           SCILLY
1881 11 27 08 00  49.92   -6.30  981.4           SCILLY
1881 11 27 14 00  49.92   -6.30  983.1           SCILLY
1881 11 27 18 00  49.92   -6.30  983.7           SCILLY
1881 11 28 08 00  49.92   -6.30  993.2           SCILLY
1881 11 28 14 00  49.92   -6.30  999.0           SCILLY
1881 11 28 18 00  49.92   -6.30 1002.4           SCILLY
1881 11 29 08 00  49.92   -6.30 1014.9           SCILLY
1881 11 29 14 00  49.92   -6.30 1016.3           SCILLY
1881 11 29 18 00  49.92   -6.30 1016.3           SCILLY
1881 11 30 08 00  49.92   -6.30 1007.1           SCILLY
1881 11 30 14 00  49.92   -6.30 1004.4           SCILLY
1881 11 30 18 00  49.92   -6.30 1007.8           SCILLY
