1889 02 01 08 00  49.92   -6.30 1013.5           SCILLY
1889 02 01 08 00  56.82   -5.11  993.7      FORTWILLIAM
1889 02 01 09 00  56.82   -5.11  992.5      FORTWILLIAM
1889 02 01 14 00  49.92   -6.30 1011.2           SCILLY
1889 02 01 14 00  56.82   -5.11  989.9      FORTWILLIAM
1889 02 01 18 00  49.92   -6.30 1010.8           SCILLY
1889 02 01 18 00  56.82   -5.11  988.6      FORTWILLIAM
1889 02 01 21 00  56.82   -5.11  989.7      FORTWILLIAM
1889 02 02 08 00  49.92   -6.30 1015.9           SCILLY
1889 02 02 08 00  56.82   -5.11  987.7      FORTWILLIAM
1889 02 02 09 00  56.82   -5.11  988.5      FORTWILLIAM
1889 02 02 14 00  49.92   -6.30 1016.6           SCILLY
1889 02 02 14 00  56.82   -5.11  987.7      FORTWILLIAM
1889 02 02 18 00  49.92   -6.30 1014.9           SCILLY
1889 02 02 18 00  56.82   -5.11  986.9      FORTWILLIAM
1889 02 02 21 00  56.82   -5.11  985.8      FORTWILLIAM
1889 02 03 08 00  49.92   -6.30 1002.7           SCILLY
1889 02 03 08 00  56.82   -5.11  988.0      FORTWILLIAM
1889 02 03 09 00  56.82   -5.11  989.5      FORTWILLIAM
1889 02 03 14 00  49.92   -6.30 1003.4           SCILLY
1889 02 03 14 00  56.82   -5.11  999.3      FORTWILLIAM
1889 02 03 18 00  49.92   -6.30 1004.1           SCILLY
1889 02 03 18 00  56.82   -5.11 1006.8      FORTWILLIAM
1889 02 03 21 00  56.82   -5.11 1013.1      FORTWILLIAM
1889 02 04 08 00  49.92   -6.30 1016.6           SCILLY
1889 02 04 08 00  56.82   -5.11 1027.6      FORTWILLIAM
1889 02 04 09 00  56.82   -5.11 1027.9      FORTWILLIAM
1889 02 04 14 00  49.92   -6.30 1022.0           SCILLY
1889 02 04 14 00  56.82   -5.11 1030.2      FORTWILLIAM
1889 02 04 18 00  49.92   -6.30 1025.4           SCILLY
1889 02 04 18 00  56.82   -5.11 1029.9      FORTWILLIAM
1889 02 04 21 00  56.82   -5.11 1027.9      FORTWILLIAM
1889 02 05 08 00  49.92   -6.30 1029.1           SCILLY
1889 02 05 08 00  56.82   -5.11 1017.2      FORTWILLIAM
1889 02 05 09 00  56.82   -5.11 1017.6      FORTWILLIAM
1889 02 05 14 00  49.92   -6.30 1026.1           SCILLY
1889 02 05 14 00  56.82   -5.11 1016.4      FORTWILLIAM
1889 02 05 18 00  49.92   -6.30 1024.7           SCILLY
1889 02 05 18 00  56.82   -5.11 1015.8      FORTWILLIAM
1889 02 05 21 00  56.82   -5.11 1015.0      FORTWILLIAM
1889 02 06 08 00  49.92   -6.30 1025.1           SCILLY
1889 02 06 08 00  56.82   -5.11 1014.4      FORTWILLIAM
1889 02 06 09 00  56.82   -5.11 1014.5      FORTWILLIAM
1889 02 06 14 00  49.92   -6.30 1021.3           SCILLY
1889 02 06 14 00  56.82   -5.11 1012.8      FORTWILLIAM
1889 02 06 18 00  49.92   -6.30 1019.3           SCILLY
1889 02 06 18 00  56.82   -5.11 1009.9      FORTWILLIAM
1889 02 06 21 00  56.82   -5.11 1007.3      FORTWILLIAM
1889 02 07 08 00  49.92   -6.30 1010.2           SCILLY
1889 02 07 08 00  56.82   -5.11 1013.3      FORTWILLIAM
1889 02 07 09 00  56.82   -5.11 1014.5      FORTWILLIAM
1889 02 07 14 00  49.92   -6.30 1014.6           SCILLY
1889 02 07 14 00  56.82   -5.11 1014.9      FORTWILLIAM
1889 02 07 18 00  49.92   -6.30 1018.6           SCILLY
1889 02 07 18 00  56.82   -5.11 1011.3      FORTWILLIAM
1889 02 07 21 00  56.82   -5.11 1005.1      FORTWILLIAM
1889 02 08 08 00  49.92   -6.30 1010.8           SCILLY
1889 02 08 08 00  56.82   -5.11  989.1      FORTWILLIAM
1889 02 08 09 00  56.82   -5.11  987.7      FORTWILLIAM
1889 02 08 14 00  49.92   -6.30 1004.4           SCILLY
1889 02 08 14 00  56.82   -5.11  987.5      FORTWILLIAM
1889 02 08 18 00  49.92   -6.30 1006.1           SCILLY
1889 02 08 18 00  56.82   -5.11  993.0      FORTWILLIAM
1889 02 08 21 00  56.82   -5.11  996.8      FORTWILLIAM
1889 02 09 08 00  49.92   -6.30 1012.9           SCILLY
1889 02 09 08 00  56.82   -5.11 1005.5      FORTWILLIAM
1889 02 09 09 00  56.82   -5.11 1006.7      FORTWILLIAM
1889 02 09 14 00  49.92   -6.30 1013.2           SCILLY
1889 02 09 14 00  56.82   -5.11 1008.1      FORTWILLIAM
1889 02 09 18 00  49.92   -6.30 1013.2           SCILLY
1889 02 09 18 00  56.82   -5.11 1009.7      FORTWILLIAM
1889 02 09 21 00  56.82   -5.11 1009.7      FORTWILLIAM
1889 02 10 08 00  49.92   -6.30 1006.4           SCILLY
1889 02 10 08 00  56.82   -5.11 1003.2      FORTWILLIAM
1889 02 10 09 00  56.82   -5.11 1002.6      FORTWILLIAM
1889 02 10 14 00  49.92   -6.30  997.0           SCILLY
1889 02 10 14 00  56.82   -5.11  998.8      FORTWILLIAM
1889 02 10 18 00  49.92   -6.30  998.3           SCILLY
1889 02 10 18 00  56.82   -5.11  996.5      FORTWILLIAM
1889 02 10 21 00  56.82   -5.11  997.1      FORTWILLIAM
1889 02 11 08 00  49.92   -6.30 1003.0           SCILLY
1889 02 11 08 00  56.82   -5.11 1006.6      FORTWILLIAM
1889 02 11 09 00  56.82   -5.11 1007.3      FORTWILLIAM
1889 02 11 14 00  49.92   -6.30 1008.8           SCILLY
1889 02 11 14 00  56.82   -5.11 1011.9      FORTWILLIAM
1889 02 11 18 00  49.92   -6.30 1012.5           SCILLY
1889 02 11 18 00  56.82   -5.11 1015.2      FORTWILLIAM
1889 02 11 21 00  56.82   -5.11 1018.9      FORTWILLIAM
1889 02 12 08 00  49.92   -6.30 1025.7           SCILLY
1889 02 12 08 00  56.82   -5.11 1023.7      FORTWILLIAM
1889 02 12 09 00  56.82   -5.11 1023.7      FORTWILLIAM
1889 02 12 14 00  49.92   -6.30 1027.4           SCILLY
1889 02 12 14 00  56.82   -5.11 1022.4      FORTWILLIAM
1889 02 12 18 00  49.92   -6.30 1028.8           SCILLY
1889 02 12 18 00  56.82   -5.11 1020.5      FORTWILLIAM
1889 02 12 21 00  56.82   -5.11 1018.1      FORTWILLIAM
1889 02 13 08 00  49.92   -6.30 1023.4           SCILLY
1889 02 13 08 00  56.82   -5.11 1005.6      FORTWILLIAM
1889 02 13 09 00  56.82   -5.11 1005.9      FORTWILLIAM
1889 02 13 14 00  49.92   -6.30 1017.3           SCILLY
1889 02 13 14 00  56.82   -5.11 1002.7      FORTWILLIAM
1889 02 13 18 00  49.92   -6.30 1016.9           SCILLY
1889 02 13 18 00  56.82   -5.11  994.5      FORTWILLIAM
1889 02 13 21 00  56.82   -5.11  990.9      FORTWILLIAM
1889 02 14 08 00  49.92   -6.30 1007.1           SCILLY
1889 02 14 08 00  56.82   -5.11  990.7      FORTWILLIAM
1889 02 14 09 00  56.82   -5.11  990.8      FORTWILLIAM
1889 02 14 14 00  49.92   -6.30 1001.7           SCILLY
1889 02 14 14 00  56.82   -5.11  989.6      FORTWILLIAM
1889 02 14 18 00  49.92   -6.30 1003.0           SCILLY
1889 02 14 18 00  56.82   -5.11  987.8      FORTWILLIAM
1889 02 14 21 00  56.82   -5.11  988.6      FORTWILLIAM
1889 02 15 08 00  49.92   -6.30 1012.9           SCILLY
1889 02 15 08 00  56.82   -5.11 1004.2      FORTWILLIAM
1889 02 15 09 00  56.82   -5.11 1005.5      FORTWILLIAM
1889 02 15 14 00  49.92   -6.30 1017.3           SCILLY
1889 02 15 14 00  56.82   -5.11 1012.4      FORTWILLIAM
1889 02 15 18 00  49.92   -6.30 1020.3           SCILLY
1889 02 15 18 00  56.82   -5.11 1017.0      FORTWILLIAM
1889 02 15 21 00  56.82   -5.11 1017.5      FORTWILLIAM
1889 02 16 08 00  49.92   -6.30 1020.7           SCILLY
1889 02 16 08 00  56.82   -5.11 1003.5      FORTWILLIAM
1889 02 16 09 00  56.82   -5.11 1001.8      FORTWILLIAM
1889 02 16 14 00  49.92   -6.30 1020.7           SCILLY
1889 02 16 14 00  56.82   -5.11  999.5      FORTWILLIAM
1889 02 16 18 00  49.92   -6.30 1021.7           SCILLY
1889 02 16 18 00  56.82   -5.11 1004.1      FORTWILLIAM
1889 02 16 21 00  56.82   -5.11 1004.8      FORTWILLIAM
1889 02 17 08 00  49.92   -6.30 1027.8           SCILLY
1889 02 17 08 00  56.82   -5.11 1012.3      FORTWILLIAM
1889 02 17 09 00  56.82   -5.11 1012.7      FORTWILLIAM
1889 02 17 14 00  49.92   -6.30 1029.1           SCILLY
1889 02 17 14 00  56.82   -5.11 1013.6      FORTWILLIAM
1889 02 17 18 00  49.92   -6.30 1029.5           SCILLY
1889 02 17 18 00  56.82   -5.11 1015.4      FORTWILLIAM
1889 02 17 21 00  56.82   -5.11 1016.3      FORTWILLIAM
1889 02 18 08 00  49.92   -6.30 1033.2           SCILLY
1889 02 18 08 00  56.82   -5.11 1017.7      FORTWILLIAM
1889 02 18 09 00  56.82   -5.11 1017.6      FORTWILLIAM
1889 02 18 14 00  49.92   -6.30 1033.5           SCILLY
1889 02 18 14 00  56.82   -5.11 1017.3      FORTWILLIAM
1889 02 18 18 00  49.92   -6.30 1033.2           SCILLY
1889 02 18 18 00  56.82   -5.11 1014.0      FORTWILLIAM
1889 02 18 21 00  56.82   -5.11 1014.5      FORTWILLIAM
1889 02 19 08 00  49.92   -6.30 1033.9           SCILLY
1889 02 19 08 00  56.82   -5.11 1023.5      FORTWILLIAM
1889 02 19 09 00  56.82   -5.11 1024.3      FORTWILLIAM
1889 02 19 14 00  49.92   -6.30 1033.9           SCILLY
1889 02 19 14 00  56.82   -5.11 1024.2      FORTWILLIAM
1889 02 19 18 00  49.92   -6.30 1033.5           SCILLY
1889 02 19 18 00  56.82   -5.11 1024.0      FORTWILLIAM
1889 02 19 21 00  56.82   -5.11 1022.1      FORTWILLIAM
1889 02 20 08 00  49.92   -6.30 1026.4           SCILLY
1889 02 20 08 00  56.82   -5.11 1014.0      FORTWILLIAM
1889 02 20 09 00  56.82   -5.11 1013.4      FORTWILLIAM
1889 02 20 14 00  49.92   -6.30 1024.4           SCILLY
1889 02 20 14 00  56.82   -5.11 1014.1      FORTWILLIAM
1889 02 20 18 00  49.92   -6.30 1024.0           SCILLY
1889 02 20 18 00  56.82   -5.11 1016.5      FORTWILLIAM
1889 02 20 21 00  56.82   -5.11 1018.4      FORTWILLIAM
1889 02 21 08 00  49.92   -6.30 1025.4           SCILLY
1889 02 21 08 00  56.82   -5.11 1025.8      FORTWILLIAM
1889 02 21 09 00  56.82   -5.11 1026.2      FORTWILLIAM
1889 02 21 14 00  49.92   -6.30 1026.8           SCILLY
1889 02 21 14 00  56.82   -5.11 1027.2      FORTWILLIAM
1889 02 21 18 00  49.92   -6.30 1026.8           SCILLY
1889 02 21 18 00  56.82   -5.11 1027.0      FORTWILLIAM
1889 02 21 21 00  56.82   -5.11 1027.2      FORTWILLIAM
1889 02 22 08 00  49.92   -6.30 1027.8           SCILLY
1889 02 22 08 00  56.82   -5.11 1024.8      FORTWILLIAM
1889 02 22 09 00  56.82   -5.11 1024.6      FORTWILLIAM
1889 02 22 14 00  49.92   -6.30 1025.4           SCILLY
1889 02 22 14 00  56.82   -5.11 1022.6      FORTWILLIAM
1889 02 22 18 00  49.92   -6.30 1023.0           SCILLY
1889 02 22 18 00  56.82   -5.11 1022.4      FORTWILLIAM
1889 02 22 21 00  56.82   -5.11 1022.4      FORTWILLIAM
1889 02 23 08 00  49.92   -6.30 1019.3           SCILLY
1889 02 23 08 00  56.82   -5.11 1026.9      FORTWILLIAM
1889 02 23 09 00  56.82   -5.11 1027.2      FORTWILLIAM
1889 02 23 14 00  49.92   -6.30 1021.7           SCILLY
1889 02 23 14 00  56.82   -5.11 1028.6      FORTWILLIAM
1889 02 23 18 00  49.92   -6.30 1023.7           SCILLY
1889 02 23 18 00  56.82   -5.11 1030.1      FORTWILLIAM
1889 02 23 21 00  56.82   -5.11 1031.1      FORTWILLIAM
1889 02 24 08 00  49.92   -6.30 1025.7           SCILLY
1889 02 24 08 00  56.82   -5.11 1029.6      FORTWILLIAM
1889 02 24 09 00  56.82   -5.11 1029.4      FORTWILLIAM
1889 02 24 14 00  49.92   -6.30 1023.4           SCILLY
1889 02 24 14 00  56.82   -5.11 1028.0      FORTWILLIAM
1889 02 24 18 00  49.92   -6.30 1022.7           SCILLY
1889 02 24 18 00  56.82   -5.11 1027.5      FORTWILLIAM
1889 02 24 21 00  56.82   -5.11 1027.6      FORTWILLIAM
1889 02 25 08 00  49.92   -6.30 1020.0           SCILLY
1889 02 25 08 00  56.82   -5.11 1022.7      FORTWILLIAM
1889 02 25 09 00  56.82   -5.11 1020.9      FORTWILLIAM
1889 02 25 14 00  49.92   -6.30 1016.6           SCILLY
1889 02 25 14 00  56.82   -5.11 1015.2      FORTWILLIAM
1889 02 25 18 00  49.92   -6.30 1014.2           SCILLY
1889 02 25 18 00  56.82   -5.11 1012.0      FORTWILLIAM
1889 02 25 21 00  56.82   -5.11 1011.0      FORTWILLIAM
1889 02 26 08 00  49.92   -6.30 1004.7           SCILLY
1889 02 26 08 00  56.82   -5.11 1013.0      FORTWILLIAM
1889 02 26 09 00  56.82   -5.11 1013.5      FORTWILLIAM
1889 02 26 14 00  49.92   -6.30 1004.4           SCILLY
1889 02 26 14 00  56.82   -5.11 1014.1      FORTWILLIAM
1889 02 26 18 00  49.92   -6.30 1004.1           SCILLY
1889 02 26 18 00  56.82   -5.11 1011.9      FORTWILLIAM
1889 02 26 21 00  56.82   -5.11 1011.2      FORTWILLIAM
1889 02 27 08 00  49.92   -6.30 1002.0           SCILLY
1889 02 27 08 00  56.82   -5.11 1007.9      FORTWILLIAM
1889 02 27 09 00  56.82   -5.11 1007.6      FORTWILLIAM
1889 02 27 14 00  49.92   -6.30 1001.7           SCILLY
1889 02 27 14 00  56.82   -5.11 1006.8      FORTWILLIAM
1889 02 27 18 00  49.92   -6.30 1000.0           SCILLY
1889 02 27 18 00  56.82   -5.11 1007.5      FORTWILLIAM
1889 02 27 21 00  56.82   -5.11 1007.8      FORTWILLIAM
1889 02 28 08 00  49.92   -6.30 1004.4           SCILLY
1889 02 28 08 00  56.82   -5.11 1011.1      FORTWILLIAM
1889 02 28 09 00  56.82   -5.11 1011.8      FORTWILLIAM
1889 02 28 14 00  49.92   -6.30 1006.4           SCILLY
1889 02 28 14 00  56.82   -5.11 1013.2      FORTWILLIAM
1889 02 28 18 00  49.92   -6.30 1007.8           SCILLY
1889 02 28 18 00  56.82   -5.11 1014.9      FORTWILLIAM
1889 02 28 21 00  56.82   -5.11 1016.4      FORTWILLIAM
