1884 01 01 08 00  49.92   -6.30 1020.7           SCILLY
1884 01 01 08 00  56.82   -5.11 1030.7      FORTWILLIAM
1884 01 01 09 00  56.82   -5.11 1030.6      FORTWILLIAM
1884 01 01 14 00  49.92   -6.30 1017.9           SCILLY
1884 01 01 14 00  56.82   -5.11 1027.9      FORTWILLIAM
1884 01 01 18 00  49.92   -6.30 1017.9           SCILLY
1884 01 01 18 00  56.82   -5.11 1025.6      FORTWILLIAM
1884 01 01 21 00  56.82   -5.11 1025.2      FORTWILLIAM
1884 01 02 08 00  49.92   -6.30 1013.5           SCILLY
1884 01 02 08 00  56.82   -5.11 1019.4      FORTWILLIAM
1884 01 02 09 00  56.82   -5.11 1019.4      FORTWILLIAM
1884 01 02 14 00  49.92   -6.30 1010.5           SCILLY
1884 01 02 14 00  56.82   -5.11 1017.6      FORTWILLIAM
1884 01 02 18 00  49.92   -6.30 1008.8           SCILLY
1884 01 02 18 00  56.82   -5.11 1017.0      FORTWILLIAM
1884 01 02 21 00  56.82   -5.11 1023.5      FORTWILLIAM
1884 01 03 08 00  49.92   -6.30 1007.8           SCILLY
1884 01 03 08 00  56.82   -5.11 1013.1      FORTWILLIAM
1884 01 03 09 00  56.82   -5.11 1013.0      FORTWILLIAM
1884 01 03 14 00  49.92   -6.30 1009.5           SCILLY
1884 01 03 14 00  56.82   -5.11 1014.3      FORTWILLIAM
1884 01 03 18 00  49.92   -6.30 1009.5           SCILLY
1884 01 03 18 00  56.82   -5.11 1015.1      FORTWILLIAM
1884 01 03 21 00  56.82   -5.11 1016.3      FORTWILLIAM
1884 01 04 08 00  49.92   -6.30 1015.6           SCILLY
1884 01 04 08 00  56.82   -5.11 1015.5      FORTWILLIAM
1884 01 04 09 00  56.82   -5.11 1016.8      FORTWILLIAM
1884 01 04 14 00  49.92   -6.30 1016.3           SCILLY
1884 01 04 14 00  56.82   -5.11 1016.4      FORTWILLIAM
1884 01 04 18 00  49.92   -6.30 1015.6           SCILLY
1884 01 04 18 00  56.82   -5.11 1016.8      FORTWILLIAM
1884 01 04 21 00  56.82   -5.11 1016.3      FORTWILLIAM
1884 01 05 08 00  49.92   -6.30 1008.8           SCILLY
1884 01 05 08 00  56.82   -5.11 1003.5      FORTWILLIAM
1884 01 05 09 00  56.82   -5.11 1001.6      FORTWILLIAM
1884 01 05 14 00  49.92   -6.30 1010.2           SCILLY
1884 01 05 14 00  56.82   -5.11  997.1      FORTWILLIAM
1884 01 05 18 00  49.92   -6.30 1011.2           SCILLY
1884 01 05 18 00  56.82   -5.11  992.3      FORTWILLIAM
1884 01 05 21 00  56.82   -5.11  990.8      FORTWILLIAM
1884 01 06 08 00  49.92   -6.30 1013.5           SCILLY
1884 01 06 08 00  56.82   -5.11  992.0      FORTWILLIAM
1884 01 06 09 00  56.82   -5.11  992.7      FORTWILLIAM
1884 01 06 14 00  49.92   -6.30 1015.2           SCILLY
1884 01 06 14 00  56.82   -5.11  995.4      FORTWILLIAM
1884 01 06 18 00  49.92   -6.30 1016.9           SCILLY
1884 01 06 18 00  56.82   -5.11  999.8      FORTWILLIAM
1884 01 06 21 00  56.82   -5.11 1002.9      FORTWILLIAM
1884 01 07 08 00  49.92   -6.30 1017.9           SCILLY
1884 01 07 08 00  56.82   -5.11 1005.6      FORTWILLIAM
1884 01 07 09 00  56.82   -5.11 1006.0      FORTWILLIAM
1884 01 07 14 00  49.92   -6.30 1019.3           SCILLY
1884 01 07 14 00  56.82   -5.11 1007.6      FORTWILLIAM
1884 01 07 18 00  49.92   -6.30 1022.0           SCILLY
1884 01 07 18 00  56.82   -5.11 1011.6      FORTWILLIAM
1884 01 07 21 00  56.82   -5.11 1013.9      FORTWILLIAM
1884 01 08 08 00  49.92   -6.30 1024.7           SCILLY
1884 01 08 08 00  56.82   -5.11 1006.5      FORTWILLIAM
1884 01 08 09 00  56.82   -5.11 1006.5      FORTWILLIAM
1884 01 08 14 00  49.92   -6.30 1024.4           SCILLY
1884 01 08 14 00  56.82   -5.11 1007.7      FORTWILLIAM
1884 01 08 18 00  49.92   -6.30 1025.4           SCILLY
1884 01 08 18 00  56.82   -5.11 1009.1      FORTWILLIAM
1884 01 08 21 00  56.82   -5.11 1008.2      FORTWILLIAM
1884 01 09 08 00  49.92   -6.30 1027.4           SCILLY
1884 01 09 08 00  56.82   -5.11 1005.7      FORTWILLIAM
1884 01 09 09 00  56.82   -5.11 1006.7      FORTWILLIAM
1884 01 09 14 00  49.92   -6.30 1027.8           SCILLY
1884 01 09 14 00  56.82   -5.11 1009.8      FORTWILLIAM
1884 01 09 18 00  49.92   -6.30 1027.8           SCILLY
1884 01 09 18 00  56.82   -5.11 1012.7      FORTWILLIAM
1884 01 09 21 00  56.82   -5.11 1014.8      FORTWILLIAM
1884 01 10 08 00  49.92   -6.30 1029.5           SCILLY
1884 01 10 08 00  56.82   -5.11 1010.9      FORTWILLIAM
1884 01 10 09 00  56.82   -5.11 1010.8      FORTWILLIAM
1884 01 10 14 00  49.92   -6.30 1028.1           SCILLY
1884 01 10 14 00  56.82   -5.11 1011.3      FORTWILLIAM
1884 01 10 18 00  49.92   -6.30 1026.1           SCILLY
1884 01 10 18 00  56.82   -5.11 1010.2      FORTWILLIAM
1884 01 10 21 00  56.82   -5.11 1007.6      FORTWILLIAM
1884 01 11 08 00  49.92   -6.30 1024.4           SCILLY
1884 01 11 08 00  56.82   -5.11 1002.6      FORTWILLIAM
1884 01 11 09 00  56.82   -5.11 1003.9      FORTWILLIAM
1884 01 11 14 00  49.92   -6.30 1026.8           SCILLY
1884 01 11 14 00  56.82   -5.11 1008.9      FORTWILLIAM
1884 01 11 18 00  49.92   -6.30 1028.1           SCILLY
1884 01 11 18 00  56.82   -5.11 1015.0      FORTWILLIAM
1884 01 11 21 00  56.82   -5.11 1019.5      FORTWILLIAM
1884 01 12 08 00  49.92   -6.30 1034.5           SCILLY
1884 01 12 08 00  56.82   -5.11 1025.7      FORTWILLIAM
1884 01 12 09 00  56.82   -5.11 1026.8      FORTWILLIAM
1884 01 12 14 00  49.92   -6.30 1035.2           SCILLY
1884 01 12 14 00  56.82   -5.11 1027.1      FORTWILLIAM
1884 01 12 18 00  49.92   -6.30 1035.6           SCILLY
1884 01 12 18 00  56.82   -5.11 1027.0      FORTWILLIAM
1884 01 12 21 00  56.82   -5.11 1027.0      FORTWILLIAM
1884 01 13 08 00  49.92   -6.30 1035.9           SCILLY
1884 01 13 08 00  56.82   -5.11 1025.3      FORTWILLIAM
1884 01 13 09 00  56.82   -5.11 1025.3      FORTWILLIAM
1884 01 13 14 00  49.92   -6.30 1034.9           SCILLY
1884 01 13 14 00  56.82   -5.11 1025.1      FORTWILLIAM
1884 01 13 18 00  49.92   -6.30 1034.2           SCILLY
1884 01 13 18 00  56.82   -5.11 1024.3      FORTWILLIAM
1884 01 13 21 00  56.82   -5.11 1023.8      FORTWILLIAM
1884 01 14 08 00  49.92   -6.30 1034.2           SCILLY
1884 01 14 08 00  56.82   -5.11 1021.2      FORTWILLIAM
1884 01 14 09 00  56.82   -5.11 1021.7      FORTWILLIAM
1884 01 14 14 00  49.92   -6.30 1034.2           SCILLY
1884 01 14 14 00  56.82   -5.11 1025.0      FORTWILLIAM
1884 01 14 18 00  49.92   -6.30 1034.2           SCILLY
1884 01 14 18 00  56.82   -5.11 1027.2      FORTWILLIAM
1884 01 14 21 00  56.82   -5.11 1028.0      FORTWILLIAM
1884 01 15 08 00  49.92   -6.30 1036.9           SCILLY
1884 01 15 08 00  56.82   -5.11 1031.8      FORTWILLIAM
1884 01 15 09 00  56.82   -5.11 1032.4      FORTWILLIAM
1884 01 15 14 00  49.92   -6.30 1037.3           SCILLY
1884 01 15 14 00  56.82   -5.11 1032.7      FORTWILLIAM
1884 01 15 18 00  49.92   -6.30 1037.3           SCILLY
1884 01 15 18 00  56.82   -5.11 1033.2      FORTWILLIAM
1884 01 15 21 00  56.82   -5.11 1033.8      FORTWILLIAM
1884 01 16 08 00  49.92   -6.30 1036.6           SCILLY
1884 01 16 08 00  56.82   -5.11 1032.8      FORTWILLIAM
1884 01 16 09 00  56.82   -5.11 1033.2      FORTWILLIAM
1884 01 16 14 00  49.92   -6.30 1036.2           SCILLY
1884 01 16 14 00  56.82   -5.11 1032.7      FORTWILLIAM
1884 01 16 18 00  49.92   -6.30 1035.9           SCILLY
1884 01 16 18 00  56.82   -5.11 1033.1      FORTWILLIAM
1884 01 16 21 00  56.82   -5.11 1033.5      FORTWILLIAM
1884 01 17 08 00  49.92   -6.30 1035.6           SCILLY
1884 01 17 08 00  56.82   -5.11 1030.4      FORTWILLIAM
1884 01 17 09 00  56.82   -5.11 1030.4      FORTWILLIAM
1884 01 17 14 00  49.92   -6.30 1035.2           SCILLY
1884 01 17 14 00  56.82   -5.11 1028.7      FORTWILLIAM
1884 01 17 18 00  49.92   -6.30 1034.5           SCILLY
1884 01 17 18 00  56.82   -5.11 1029.3      FORTWILLIAM
1884 01 17 21 00  56.82   -5.11 1028.6      FORTWILLIAM
1884 01 18 08 00  49.92   -6.30 1033.9           SCILLY
1884 01 18 08 00  56.82   -5.11 1027.1      FORTWILLIAM
1884 01 18 09 00  56.82   -5.11 1027.2      FORTWILLIAM
1884 01 18 14 00  49.92   -6.30 1033.2           SCILLY
1884 01 18 14 00  56.82   -5.11 1026.8      FORTWILLIAM
1884 01 18 18 00  49.92   -6.30 1033.2           SCILLY
1884 01 18 18 00  56.82   -5.11 1024.6      FORTWILLIAM
1884 01 18 21 00  56.82   -5.11 1023.8      FORTWILLIAM
1884 01 19 08 00  49.92   -6.30 1034.9           SCILLY
1884 01 19 08 00  56.82   -5.11 1023.4      FORTWILLIAM
1884 01 19 09 00  56.82   -5.11 1026.1      FORTWILLIAM
1884 01 19 14 00  49.92   -6.30 1034.5           SCILLY
1884 01 19 14 00  56.82   -5.11 1027.0      FORTWILLIAM
1884 01 19 18 00  49.92   -6.30 1033.9           SCILLY
1884 01 19 18 00  56.82   -5.11 1024.1      FORTWILLIAM
1884 01 19 21 00  56.82   -5.11 1020.1      FORTWILLIAM
1884 01 20 08 00  49.92   -6.30 1031.8           SCILLY
1884 01 20 08 00  56.82   -5.11 1015.0      FORTWILLIAM
1884 01 20 09 00  56.82   -5.11 1016.5      FORTWILLIAM
1884 01 20 14 00  49.92   -6.30 1032.2           SCILLY
1884 01 20 14 00  56.82   -5.11 1018.0      FORTWILLIAM
1884 01 20 18 00  49.92   -6.30 1031.8           SCILLY
1884 01 20 18 00  56.82   -5.11 1012.1      FORTWILLIAM
1884 01 20 21 00  56.82   -5.11 1008.0      FORTWILLIAM
1884 01 21 08 00  49.92   -6.30 1034.5           SCILLY
1884 01 21 08 00  56.82   -5.11 1020.3      FORTWILLIAM
1884 01 21 09 00  56.82   -5.11 1021.4      FORTWILLIAM
1884 01 21 14 00  49.92   -6.30 1035.2           SCILLY
1884 01 21 14 00  56.82   -5.11 1018.7      FORTWILLIAM
1884 01 21 18 00  49.92   -6.30 1034.2           SCILLY
1884 01 21 18 00  56.82   -5.11 1013.5      FORTWILLIAM
1884 01 21 21 00  56.82   -5.11 1006.6      FORTWILLIAM
1884 01 22 08 00  49.92   -6.30 1027.1           SCILLY
1884 01 22 08 00  56.82   -5.11 1005.0      FORTWILLIAM
1884 01 22 09 00  56.82   -5.11 1004.6      FORTWILLIAM
1884 01 22 14 00  49.92   -6.30 1023.7           SCILLY
1884 01 22 14 00  56.82   -5.11 1001.8      FORTWILLIAM
1884 01 22 18 00  49.92   -6.30 1021.3           SCILLY
1884 01 22 18 00  56.82   -5.11 1013.5      FORTWILLIAM
1884 01 22 21 00  56.82   -5.11 1002.1      FORTWILLIAM
1884 01 23 08 00  49.92   -6.30 1011.9           SCILLY
1884 01 23 08 00  56.82   -5.11  991.8      FORTWILLIAM
1884 01 23 09 00  56.82   -5.11  988.3      FORTWILLIAM
1884 01 23 14 00  49.92   -6.30 1005.4           SCILLY
1884 01 23 14 00  56.82   -5.11  967.1      FORTWILLIAM
1884 01 23 18 00  49.92   -6.30 1008.5           SCILLY
1884 01 23 18 00  56.82   -5.11  977.6      FORTWILLIAM
1884 01 23 21 00  56.82   -5.11  985.3      FORTWILLIAM
1884 01 24 08 00  49.92   -6.30 1017.9           SCILLY
1884 01 24 08 00  56.82   -5.11  998.2      FORTWILLIAM
1884 01 24 09 00  56.82   -5.11  998.7      FORTWILLIAM
1884 01 24 14 00  49.92   -6.30 1019.0           SCILLY
1884 01 24 14 00  56.82   -5.11 1000.2      FORTWILLIAM
1884 01 24 18 00  49.92   -6.30 1017.9           SCILLY
1884 01 24 18 00  56.82   -5.11  996.6      FORTWILLIAM
1884 01 24 21 00  56.82   -5.11  992.6      FORTWILLIAM
1884 01 25 08 00  49.92   -6.30 1009.8           SCILLY
1884 01 25 08 00  56.82   -5.11  982.9      FORTWILLIAM
1884 01 25 09 00  56.82   -5.11  982.9      FORTWILLIAM
1884 01 25 14 00  49.92   -6.30 1005.1           SCILLY
1884 01 25 14 00  56.82   -5.11  979.6      FORTWILLIAM
1884 01 25 18 00  49.92   -6.30 1003.4           SCILLY
1884 01 25 18 00  56.82   -5.11  983.8      FORTWILLIAM
1884 01 25 21 00  56.82   -5.11  984.2      FORTWILLIAM
1884 01 26 08 00  49.92   -6.30  992.2           SCILLY
1884 01 26 08 00  56.82   -5.11  977.2      FORTWILLIAM
1884 01 26 09 00  56.82   -5.11  975.7      FORTWILLIAM
1884 01 26 14 00  49.92   -6.30  976.3           SCILLY
1884 01 26 14 00  56.82   -5.11  953.1      FORTWILLIAM
1884 01 26 18 00  49.92   -6.30  972.9           SCILLY
1884 01 26 18 00  56.82   -5.11  939.1      FORTWILLIAM
1884 01 26 21 00  56.82   -5.11  929.7      FORTWILLIAM
1884 01 27 08 00  49.92   -6.30  991.5           SCILLY
1884 01 27 08 00  56.82   -5.11  958.9      FORTWILLIAM
1884 01 27 09 00  56.82   -5.11  959.2      FORTWILLIAM
1884 01 27 14 00  49.92   -6.30  992.9           SCILLY
1884 01 27 14 00  56.82   -5.11  965.0      FORTWILLIAM
1884 01 27 18 00  49.92   -6.30  992.2           SCILLY
1884 01 27 18 00  56.82   -5.11  968.4      FORTWILLIAM
1884 01 27 21 00  56.82   -5.11  971.1      FORTWILLIAM
1884 01 28 08 00  49.92   -6.30 1007.5           SCILLY
1884 01 28 08 00  56.82   -5.11  987.0      FORTWILLIAM
1884 01 28 09 00  56.82   -5.11  988.8      FORTWILLIAM
1884 01 28 14 00  49.92   -6.30 1010.8           SCILLY
1884 01 28 14 00  56.82   -5.11  995.7      FORTWILLIAM
1884 01 28 18 00  49.92   -6.30 1010.5           SCILLY
1884 01 28 18 00  56.82   -5.11  999.1      FORTWILLIAM
1884 01 28 21 00  56.82   -5.11 1000.3      FORTWILLIAM
1884 01 29 08 00  49.92   -6.30 1010.2           SCILLY
1884 01 29 08 00  56.82   -5.11  996.5      FORTWILLIAM
1884 01 29 09 00  56.82   -5.11  995.9      FORTWILLIAM
1884 01 29 14 00  49.92   -6.30 1010.5           SCILLY
1884 01 29 14 00  56.82   -5.11  987.0      FORTWILLIAM
1884 01 29 18 00  49.92   -6.30 1011.2           SCILLY
1884 01 29 18 00  56.82   -5.11  990.6      FORTWILLIAM
1884 01 29 21 00  56.82   -5.11  993.6      FORTWILLIAM
1884 01 30 08 00  49.92   -6.30 1011.9           SCILLY
1884 01 30 08 00  56.82   -5.11  989.1      FORTWILLIAM
1884 01 30 09 00  56.82   -5.11  990.1      FORTWILLIAM
1884 01 30 14 00  49.92   -6.30 1014.6           SCILLY
1884 01 30 14 00  56.82   -5.11  993.5      FORTWILLIAM
1884 01 30 18 00  49.92   -6.30 1014.6           SCILLY
1884 01 30 18 00  56.82   -5.11  995.8      FORTWILLIAM
1884 01 30 21 00  56.82   -5.11  996.2      FORTWILLIAM
1884 01 31 08 00  49.92   -6.30 1004.1           SCILLY
1884 01 31 08 00  56.82   -5.11 1001.4      FORTWILLIAM
1884 01 31 09 00  56.82   -5.11 1001.4      FORTWILLIAM
1884 01 31 14 00  49.92   -6.30 1001.7           SCILLY
1884 01 31 14 00  56.82   -5.11  998.8      FORTWILLIAM
1884 01 31 18 00  49.92   -6.30 1000.3           SCILLY
1884 01 31 18 00  56.82   -5.11  997.2      FORTWILLIAM
1884 01 31 21 00  56.82   -5.11  993.5      FORTWILLIAM
